"date","positive","death","recovered","positive7","death7","recovered7","dif_pos7","dif_dea7","dif_rec7","testPosRate7","Einfected","Epositive","dif_Epositive","dif_Erecovered","Einfected_U","Einfected_L","Epositive_U","Epositive_L","confirmRate_k_U","confirmRate_k_L","dif_Epositive_U","dif_Epositive_L","CFR","CFRadj","ECFR_k","EIFRadj_k","confirmRate_k","NCC7PerEinfected_k","cumIncidence","cumIncidence_U","cumIncidence_L","difEposPerEinfected_k","ascertainmentRate","docuTransmissionRate"
2020-03-22,60,3,0,60,3,0,NA,NA,NA,NA,971.025974025974,974.025974025974,NA,NA,1645.35164835165,480.351235230935,1648.35164835165,483.351235230935,NA,NA,NA,NA,NA,NA,NA,NA,NA,NA,0.00525040969366873,0.00888530871236246,0.00260546646452734,NA,NA,NA
2020-03-23,62,3,0,61,3,0,1,0,0,NA,1057.60606060606,1060.60606060606,86.5800865800866,0,1791.87179487179,523.315789473684,1794.87179487179,526.315789473684,83.779417738648,29.9035953769178,146.520146520146,42.9645542427497,NA,NA,NA,NA,41.5747486522614,0.102983856946061,0.00571711277755039,0.00967511393123912,0.00283706348359643,8.91635125074117,41.5747486522614,0.102983856946061
2020-03-24,72,3,0,64.6666666666667,3,0,3.66666666666667,0,0,NA,1066.39359555927,1069.39359555927,8.78753495320871,0,1804.08904006749,527.6765211046,1807.08904006749,530.6765211046,84.0837496320949,30.0122213144997,12.2172451956937,4.36073163091567,NA,NA,NA,NA,41.7257704941223,0.34669493710782,0.00576448128715088,0.00974097002164733,0.00286056966129292,0.830889239436942,41.7257704941223,0.34669493710782
2020-03-25,81,3,0,68.75,3,0,4.08333333333333,0,0,NA,1076.14313366979,1079.14313366979,9.74953811052546,0,1817.64375117536,532.514637760951,1820.64375117536,535.514637760951,84.3992326636683,30.124827455472,13.5547111078693,4.83811665635096,NA,NA,NA,NA,41.8823259834745,0.382910516079953,0.00581703539840596,0.00981403561588551,0.00288664914507363,0.914253250500096,41.8823259834745,0.382910516079953
2020-03-26,111,3,2,77.2,3,0.4,8.45,0,0.4,NA,1096.2409074454,1099.2409074454,20.0977737756002,0,1845.58553819658,542.487969108241,1848.58553819658,545.487969108241,84.7259527008081,30.2414444487129,27.9417870212203,9.97333134729024,NA,NA,NA,NA,42.0444577312281,0.785211491818739,0.0059253708525586,0.00996465360077175,0.00294040959600652,1.86757440964791,42.0444577312281,0.785211491818739
2020-03-27,150,3,3,89.3333333333333,3,0.833333333333333,12.1333333333333,0,0.433333333333333,NA,1124.98464696214,1127.98464696214,28.7437395167465,0,1885.54774777948,556.751779695499,1888.54774777948,559.751779695499,85.0637580968192,30.3620181665916,39.9622095829061,14.2638105872577,NA,NA,NA,NA,42.2120904841359,1.10681257429996,0.00608031169871204,0.0101800667192816,0.00301729753469921,2.62202763293416,42.2120904841359,1.10681257429996
2020-03-28,228,3,16,109.142857142857,3,3,19.8095238095238,0,2.16666666666667,NA,1171.72167298617,1174.72167298617,46.7370260240239,0,1950.52589121714,579.944589602157,1953.52589121714,582.944589602157,85.4123492981188,30.4864416887046,64.9781434376559,23.1928099066585,NA,NA,NA,NA,42.3850755915477,1.76087035732882,0.00633224392745489,0.0105303262434414,0.00314231653542874,4.15445900975008,42.3850755915477,1.76087035732882
2020-03-29,284,3,20,141.142857142857,3,5.85714285714286,32,0,2.85714285714286,NA,795.358580206356,1249.90403475181,75.1823617656455,451.545454545455,1288.82060643373,394.689220252778,2058.0513756645,620.253130027214,85.7712460348842,30.6145435911528,104.525484447357,37.3085404250571,NA,NA,NA,NA,42.5631747240779,2.73102352012111,0.006737508480489,0.01109376257,0.00334342526099454,6.41640105316488,42.5631747240779,2.73102352012111
2020-03-30,302,3,21,175.428571428571,3,8.85714285714286,34.2857142857143,0,3,NA,875.566431538019,1330.11188608347,80.2078513316631,0,1400.33299205228,434.491612642927,2169.56376128305,660.055522417363,86.1398328764786,30.7461042067527,111.512385618547,39.8023923901486,NA,NA,NA,NA,42.7460824800571,4.31072280464814,0.00716986253609951,0.0116948612326935,0.00355797689761329,10.0844893520672,42.7460824800571,4.31072280464814
2020-03-31,343,3,24,214.142857142857,3,12.2857142857143,38.7142857142857,0,3.42857142857143,NA,965.739233901546,1420.284688447,90.1728023635262,0,1525.69957577844,479.239018327083,2294.93034500921,704.802928101519,86.5173860302558,30.8808651903997,125.366583726162,44.7474056841559,NA,NA,NA,NA,42.9334396841871,4.42162619358628,0.00765593186921783,0.0123706398505237,0.00379918423585246,10.2987961981513,42.9334396841871,4.42162619358628
2020-04-01,380,3,26,256.857142857143,3,16,42.7142857142857,0,3.71428571428571,NA,1064.7872249781,1519.33267952355,99.0479910765521,0,1663.4052690777,528.39065299665,2432.63603830847,753.954562771086,86.9030826775996,31.0185328514043,137.705693299263,49.1516346695672,NA,NA,NA,NA,43.124838020463,4.42296171069385,0.00818984220257089,0.0131129314590147,0.00406413222082465,10.2561838226663,43.124838020463,4.42296171069385
2020-04-02,435,3,27,303.142857142857,3,19.5714285714286,46.2857142857143,0,3.57142857142857,NA,1171.63361184974,1626.1790663952,106.846386871647,0,1811.95301467821,581.412168286339,2581.18378390898,806.976078060776,87.2960986362363,31.1588130123431,148.547745600511,53.0215152896894,NA,NA,NA,NA,43.3198684961774,4.34694447401043,0.00876578916941165,0.0139136662897809,0.00434994049008397,10.0345293749974,43.3198684961774,4.34694447401043
2020-04-03,464,6,29,348,3.42857142857143,23.2857142857143,44.8571428571428,0.428571428571428,3.71428571428571,NA,1274.28207836353,1729.25610433756,103.077037942361,0,1954.8316907648,632.134608167511,2724.49103142415,858.127089370519,87.6955151199491,31.3013777285731,143.307247515164,51.1510113097432,NA,NA,NA,NA,43.5180751723056,3.82859829756062,0.00932141776006441,0.0146861526316149,0.00462566595612219,8.79771943206938,43.5180751723056,3.82859829756062
2020-04-04,531,6,36,391.285714285714,3.85714285714286,26.1428571428571,43.2857142857143,0.428571428571429,2.85714285714286,NA,1372.86254845771,1828.26514586031,99.0090415227501,0,2092.0546613574,680.8383430585,2862.14257344531,907.259395690079,88.1003102198801,31.4458622476307,137.651542021164,49.1323063195601,NA,NA,NA,NA,43.7189509361811,3.39687131992532,0.00985511813893955,0.01542815234194,0.00489050975315797,7.76979000206139,43.7189509361811,3.39687131992532
2020-04-05,584,6,42,434.142857142857,4.28571428571429,29.2857142857143,42.8571428571429,0.428571428571428,3.14285714285714,NA,1470.00958694744,1925.84075577861,97.5756099182991,0,2227.28474253605,728.830750987881,2997.80122605254,955.680375048032,88.5094507079684,31.5918977768614,135.658652607227,48.420979357953,NA,NA,NA,NA,43.9219830580896,3.12173696406734,0.0103810917185384,0.0161594095400771,0.00515151919867318,7.10745660794057,43.9219830580896,3.12173696406734
2020-04-06,662,6,46,485.571428571429,4.71428571428571,32.8571428571429,51.4285714285714,0.428571428571429,3.57142857142857,NA,1586.12874209036,2042.3884823501,116.547726571487,0,2388.89161792008,786.23789349704,3159.83667286514,1013.51608898576,88.9218234323912,31.7390869962241,162.0354468126,57.8357139377304,NA,NA,NA,NA,44.1266191469009,3.49852122885961,0.0110093329869275,0.0170328487535576,0.00546327802358806,7.92836506689083,44.1266191469009,3.49852122885961
2020-04-07,697,6,51,536.142857142857,5.14285714285714,36.7142857142857,50.5714285714286,0.428571428571429,3.85714285714286,NA,1699.77380354836,2156.46211523667,114.07363288657,0,2547.05877905584,842.41729026782,3318.43240542946,1070.12405718511,89.3362368939584,31.8870046209576,158.595732564327,56.6079681993508,NA,NA,NA,NA,44.3322679323403,3.18835809090103,0.0116242378497044,0.0178877464604313,0.0057684187825601,7.19195295182865,44.3322679323403,3.18835809090103
2020-04-08,727,7,54,585.714285714286,5.71428571428571,40.7142857142857,49.5714285714286,0.571428571428571,4,NA,1810.50306586935,2267.76280612909,111.30069089242,0,2701.22788219476,897.077783492629,3473.17293713981,1125.35597898135,89.7514099804597,32.035193380503,154.740531710348,55.2319217962381,NA,NA,NA,NA,44.5382936745139,2.91635703138924,0.0122241953887813,0.018721863013132,0.00606614207262832,6.54797071587258,44.5382936745139,2.91635703138924
2020-04-09,781,8,60,635.142857142857,6.42857142857143,45.4285714285714,49.4285714285714,0.714285714285714,4.71428571428572,NA,1920.25841463745,2378.23244061147,110.469634482386,0,2854.09871657802,951.183015641783,3626.75805723736,1180.17549684479,90.1660090329549,32.1831772486667,153.585120097548,54.8195178634396,NA,NA,NA,0.821333333333333,44.744034557707,2.7301044457076,0.0128196731842501,0.0195497514112518,0.00636164233203391,6.10159886303987,44.744034557707,2.7301044457076
2020-04-10,812,10,64,684.857142857143,7,50.4285714285714,49.7142857142858,0.571428571428571,5,NA,1965.78255613004,2488.83450418199,110.602063570519,64.5064935064935,2897.83498482955,973.701977370655,3780.52729252186,1235.06073139858,90.5786157578729,32.3304499904066,153.7692352845,54.8852345537912,NA,NA,NA,0.942857142857143,44.9487867670647,2.5889405247264,0.0134158648282062,0.0203786322676716,0.00665749683204216,5.75974893417669,44.9487867670647,2.5889405247264
2020-04-11,865,10,81,732.571428571429,7.57142857142857,56.8571428571429,47.7142857142857,0.571428571428571,6.42857142857142,NA,2006.37989525929,2594.50976538916,105.675261207168,64.5064935064935,2934.72155600172,993.776059731248,3927.446830727,1287.50108658409,90.9877241401068,32.4764740600151,146.919538205138,52.4403551855121,NA,NA,NA,0.935109396720318,45.1518029567447,2.42724488195613,0.0139854989351179,0.021170590375722,0.00694017240389308,5.37573501594227,45.1518029567447,2.42724488195613
2020-04-12,951,10,99,785,8.14285714285714,65,52.4285714285714,0.571428571428571,8.14285714285715,NA,2056.90488887801,2710.1126810858,115.602915696642,64.5064935064935,2985.41047217302,1018.77664732722,4088.16871393126,1344.86794700498,91.3917391398322,32.6206801359714,160.721883204261,57.3668604208901,NA,NA,NA,0.92666113400485,45.352291603225,2.61309739787522,0.0146086472754863,0.022036948928844,0.00724940391114357,5.76176605286918,45.352291603225,2.61309739787522
2020-04-13,1091,12,138,846.285714285714,9,78.1428571428571,61.2857142857143,0.857142857142858,13.1428571428571,NA,2126.0889938322,2844.66042240363,134.547741317824,64.5064935064936,3062.15252574295,1052.89271229911,4275.22944881987,1411.63599908751,91.7889804692247,32.7624684689746,187.060734888614,66.768052082529,1.09990834097159,8.10810810810811,0.421842969568244,1.09166242983876,45.5494188794649,2.97951713290734,0.0153339161945033,0.0230452849711616,0.00760931179576857,6.5412718908562,45.5494188794649,2.97951713290734
2020-04-14,1232,14,203,922.714285714286,10.1428571428571,99.8571428571429,76.4285714285713,1.14285714285714,21.7142857142857,NA,2227.52470615761,3011.74548537839,167.085062974767,64.5064935064936,3183.84526395027,1102.86940305566,4507.52658263159,1494.55039124041,92.1776900777838,32.901211553699,232.297133811715,82.9143921528923,1.13636363636364,6.76190476190476,0.464846716562474,1.24115164490088,45.7423123694266,3.59480440411548,0.0162345749630616,0.0242974642309562,0.00805625524482755,7.85879911233644,45.7423123694266,3.59480440411548
2020-04-15,1295,16,240,1003.85714285714,11.4285714285714,126.428571428571,81.1428571428572,1.28571428571429,26.5714285714286,NA,2316.8964095859,3188.41156110105,176.666075722655,86.0086580086579,3282.22837706358,1146.85944278054,4753.14412797934,1582.21927092232,92.5560557375208,33.0362625471135,245.617545347748,87.6688796819194,1.23552123552124,5.0125313283208,0.501817274632976,1.36202475598562,45.9300727720028,3.64274576898236,0.0171868794202853,0.0256214461117459,0.00852882738149497,7.93104899058099,45.9300727720028,3.64274576898236
2020-04-16,1402,17,277,1092.57142857143,12.7142857142857,157.428571428571,88.7142857142858,1.28571428571428,31,NA,2400.48941351863,3380.80110183032,192.389540729273,107.510822510823,3365.98452841114,1188.0538228202,5020.6218910485,1677.69077233685,92.9222693682155,33.1669760866605,267.477763069168,95.4715014145263,1.21255349500713,4.47686116700201,0.502839400720629,1.36010441820645,46.1118028443776,3.82902484501751,0.0182239399674802,0.0270632637608733,0.0090434589312308,8.30376101120806,46.1118028443776,3.82902484501751
2020-04-17,1546,17,347,1197.42857142857,13.7142857142857,197.857142857143,104.857142857143,1,40.4285714285714,NA,2540.01960631077,3607.33995263111,226.538850800791,86.008658008658,3533.9911080881,1257.07847273424,5335.57718867418,1790.10854792221,93.2745220327979,33.2927065039448,314.955297625678,112.417775585354,1.09961190168176,4.54115421002838,0.471261378834024,1.27808796973138,46.2866049185313,4.36817092574028,0.0194450796598036,0.0287610052912055,0.00964943802666946,9.43719432899855,46.2866049185313,4.36817092574028
2020-04-18,1615,17,377,1304.57142857143,14.7142857142857,240.142857142857,107.142857142857,1,42.2857142857143,NA,2683.65575613214,3837.98476046115,230.644807830035,86.0086580086579,3707.70616961536,1328.14066523421,5656.24096815016,1904.5638660935,93.6110779776134,33.412834252109,320.66377947598,114.455318171296,1.05263157894737,4.28987921699292,0.442940789529279,1.19694312966146,46.4536176430262,4.21820523098235,0.0206883521875575,0.0304895179398058,0.0102664003336751,9.08043415322427,46.4536176430262,4.21820523098235
2020-04-19,1676,17,400,1408.14285714286,15.7142857142857,283.142857142857,103.571428571428,1,43,NA,2818.84615311426,4060.18381545192,222.199054990776,86.0086580086581,3869.67916310547,1395.01173226508,5965.16267958899,2014.82805879569,93.9302470124301,33.5267560473616,308.921711438823,110.26419270219,1.01431980906921,4.13533834586466,0.418700255276689,1.11891228492044,46.612002276845,3.85935611194981,0.021886098555065,0.0321547359027509,0.010860770711536,8.27971525345797,46.612002276845,3.85935611194981
2020-04-20,1852,19,447,1516.85714285714,16.7142857142857,327.285714285714,108.714285714286,1,44.1428571428571,NA,2921.32250726653,4292.67315661718,232.489341165253,129.012987012987,3972.98430678412,1445.79269426115,6288.39090019072,2130.19870929875,94.2304522339538,33.6339090416983,323.22822060173,115.370650503058,1.02591792656587,3.84236453201971,0.442614643761345,1.16838301467734,46.7609762965485,3.85671071977414,0.0231393138933411,0.0338970719676712,0.0114826670448159,8.2476775438205,46.7609762965485,3.85671071977414
2020-04-21,1995,19,489,1625.85714285714,17.4285714285714,368.142857142857,109,0.714285714285712,40.8571428571429,NA,2981.00127873334,4525.0835298156,232.410373198419,172.017316017316,4003.4910171908,1475.62362059592,6611.50933220912,2245.53017269045,94.5102028488159,33.7337611225444,323.118432018405,115.331463391697,0.952380952380952,3.75615763546798,0.419881751901589,1.09873835068973,46.8997999099387,3.73120374879916,0.0243921035610606,0.0356388162259483,0.0121043521430827,7.95565613246462,46.8997999099387,3.73120374879916
2020-04-22,2135,19,515,1745.85714285714,17.8571428571429,407.428571428571,120,0.428571428571431,39.2857142857143,NA,3042.22137146773,4780.25167449803,255.168144682436,193.519480519481,4029.4362246617,1506.43531000869,6966.2677264932,2372.15496629226,94.7681702663674,33.8258380727442,354.758394284079,126.62479360181,0.889929742388759,3.36292709174065,0.397468612403031,1.03923657041875,47.0278138163928,4.02551294424974,0.0257675671894262,0.0375511131892014,0.0127869130413694,8.55981332523478,47.0278138163928,4.02551294424974
2020-04-23,2289,20,560,1872.57142857143,18.2857142857143,447.857142857143,126.714285714286,0.428571428571427,40.4285714285714,NA,3117.05236823145,5049.0307232098,268.779048711771,193.51948051948,4074.30457186937,1544.00128262398,7339.94926051406,2505.53404309659,95.0031209918865,33.9096996179671,373.681534020862,133.379076804338,0.873743993010048,3.13111545988258,0.396115632809726,1.03850746433674,47.1444059057482,4.1652118584591,0.0272163993155125,0.0395654138350647,0.0135058823670964,8.8349602442671,47.1444059057482,4.1652118584591
2020-04-24,2482,25,604,2006.28571428571,19.4285714285714,484.571428571429,133.714285714286,1.14285714285714,36.7142857142857,NA,3248.39342760831,5332.02979124467,282.999068034873,150.515151515152,4211.20298058558,1609.10608330294,7733.40078278338,2645.96967084322,95.213933856963,33.9849455767915,393.451522269318,140.435627746629,1.00725221595488,2.93482952093224,0.468864597138047,1.22405703988467,47.2490198087185,4.28979184283953,0.0287418833269583,0.0416862830332165,0.0142628894705207,9.07906042641949,47.2490198087185,4.28979184283953
2020-04-25,2601,25,646,2147.14285714286,20.5714285714286,523,140.857142857143,1.14285714285715,38.4285714285714,NA,3394.27140552443,5629.56577781881,297.535986574131,150.515151515152,4368.31196019904,1681.42469318183,8147.06287594995,2793.61910778978,95.3997155492872,34.051257097039,413.662093166575,147.649436946561,0.961168781237985,2.95142447222792,0.444083984212479,1.15930624625215,47.3412122274658,4.33623587007756,0.0303457274438324,0.0439160957094513,0.0150587820397965,9.15948123910586,47.3412122274658,4.33623587007756
2020-04-26,2717,25,682,2295.85714285714,21.7142857142857,563.285714285714,148.714285714285,1.14285714285714,40.2857142857143,NA,3556.22017616626,5943.17255711865,313.606779299839,150.515151515152,4547.76404470649,1761.71828290957,8583.06807401052,2949.24352458519,95.559738488718,34.1083744817252,436.005198060566,155.624416795409,0.920132499079867,2.98683434859501,0.420650751088413,1.10240806192043,47.4206221071834,4.381359560108,0.0320361998931761,0.0462663471189955,0.0158976631048844,9.23929591456418,47.4206221071834,4.381359560108
2020-04-27,2835,25,720,2436.28571428571,22.5714285714286,602.285714285714,140.428571428572,0.857142857142858,39,NA,3700.56791683846,6238.89259216313,295.720035044486,150.515151515152,4702.63403455393,1833.42145819481,8994.20546312536,3095.99181265238,95.6934989008364,34.1561179173972,411.137389114836,146.748288067189,0.881834215167548,2.89006767880007,0.400712139705743,1.05120086552903,47.4869994545504,3.94884167161323,0.033630255267482,0.0484825505784533,0.0166886981026602,8.31557160117356,47.4869994545504,3.94884167161323
2020-04-28,3027,25,774,2583.71428571429,23.4285714285714,643,147.428571428572,0.857142857142854,40.7142857142857,NA,3902.31357792987,6549.00621862251,310.113626459378,107.510822510822,4950.48968762643,1933.46388077723,9425.3541564909,3249.8827851811,95.8006626418996,34.1943681373,431.14869336554,153.890972528714,0.825900231252065,2.88529204785362,0.381737307393463,1.0044862347413,47.540178453875,3.98397189626432,0.0353018981537298,0.050806623384954,0.0175182351740313,8.38016308384148,47.540178453875,3.98397189626432
2020-04-29,3138,25,819,2727,24.2857142857143,686.428571428571,143.285714285714,0.857142857142858,43.4285714285714,NA,4138.09624794518,6850.15252500146,301.146306378947,64.5064935064938,5258.85250053789,2039.19061928107,9844.03565072104,3399.32380939922,95.881110983671,34.2230827634696,418.681494230146,149.441024218125,0.796685787125558,2.80759702725021,0.364955377398618,0.963573170296014,47.5801001873856,3.67184021835927,0.0369252034129203,0.053063492744176,0.0183237851522763,7.71712217291112,47.5801001873856,3.67184021835927
2020-04-30,3402,25,866,2886,25,730.142857142857,159,0.714285714285715,43.7142857142857,NA,4406.86143435953,7184.13849063658,333.985965635126,64.5064935064934,5613.01490725524,2161.7851586188,10308.3738816142,3565.06120587981,95.9348966354871,34.2422806095804,464.33823089317,165.737396480588,0.734861845972957,2.62881177707676,0.347988837250056,0.922470868996628,47.6067908115951,3.84237371160722,0.0387255282484808,0.0555664711180951,0.019217179431577,8.0710052551574,47.6067908115951,3.84237371160722
2020-05-01,3597,25,922,3045.28571428571,25,775.571428571429,159.285714285714,0,45.4285714285714,NA,4569.33470277104,7518.62907506541,334.490584428825,172.017316017316,5786.15727004738,2242.98671609046,10773.4136803038,3731.04901469411,95.962297125033,34.2520607342772,465.039798689577,165.987808814304,0.695023630803447,2.29147571035747,0.332507425893763,0.878839519933841,47.6203880470089,3.61451897727309,0.0405285731915915,0.0580732312375295,0.0201119235386845,7.59022241590944,47.6203880470089,3.61451897727309
2020-05-02,3857,25,985,3224.71428571429,25,824,179.428571428572,0,48.4285714285714,NA,4774.10114809462,7895.41283640631,376.783761340905,172.017316017317,6018.09952555016,2345.17586511248,11297.253371704,3918.02441505877,95.9637316345525,34.2525727573181,523.839691400222,186.975400364659,0.648172154524242,2.02922077922078,0.316639554105685,0.830083422432989,47.6210999088757,3.92682714552921,0.0425595961475651,0.0608969475110165,0.0211197995920248,8.24592168992145,47.6210999088757,3.92682714552921
2020-05-03,3920,27,1084,3396.57142857143,25.2857142857143,881.428571428571,171.857142857143,0.285714285714285,57.4285714285714,NA,4962.77275552218,8256.3874741369,360.974637730587,172.017316017316,6227.77675851928,2439.23417083915,11799.1137548563,4097.1546864138,95.9397546585127,34.2440145957885,501.860383152269,179.130271355029,0.688775510204082,1.95256480970767,0.327019535899658,0.846816650943147,47.6092015598634,3.59980679409478,0.0445054012776639,0.063602186068136,0.0220853871001941,7.56110158819435,47.6092015598634,3.59980679409478
2020-05-04,4049,29,1173,3570,25.8571428571429,946.142857142857,173.428571428572,0.571428571428573,64.7142857142857,NA,5197.64838722086,8620.84752141999,364.460047283092,129.012987012987,6514.98837543579,2555.93292684859,12305.8198772673,4278.01455950165,95.8911274610543,34.2266579695866,506.706122411011,180.85987308785,0.716226228698444,1.84430405543102,0.336393839792949,0.857784860052837,47.5850707701472,3.49461661067599,0.0464699942312796,0.0663335451980693,0.0230602978892064,7.34387942461297,47.5850707701472,3.49461661067599
2020-05-05,4205,29,1279,3738.28571428571,26.4285714285714,1018.28571428571,168.285714285714,0.571428571428569,72.1428571428572,NA,5421.98347622306,8974.76702600661,353.919504586614,129.012987012987,6787.54555338798,2667.40103761015,12797.871560714,4453.64378734162,95.8187406250229,34.2008207566562,492.0516834467,175.629227839973,0.689655172413793,1.70948068748845,0.323128164953645,0.803916469775688,47.5491494830941,3.2377525620766,0.0483777692262105,0.068985910738052,0.0240070133002248,6.80922367616815,47.5491494830941,3.2377525620766
2020-05-06,4422,30,1408,3921.71428571429,27.1428571428571,1102.42857142857,183.428571428572,0.714285714285715,84.142857142857,NA,5678.40582599701,9360.91664850783,386.149622501223,129.012987012987,7104.76917001755,2794.72018432934,13334.7325399809,4645.26690828208,95.7236112888319,34.1668660067341,536.860979266927,191.623120940458,0.67842605156038,1.68067226890756,0.320481434954152,0.781660216816374,47.501942444082,3.38307880812527,0.0504592781132958,0.0718798172301395,0.0250399425223874,7.12192547606608,47.501942444082,3.38307880812527
2020-05-07,4578,30,1518,4089.71428571429,27.8571428571429,1195.57142857143,168,0.714285714285715,93.1428571428573,NA,5924.28239861829,9715.01832935422,354.101680846388,107.510822510823,7413.92394862776,2916.73412262261,13827.0375017413,4820.98653937878,95.6068476535468,34.1251892727755,492.304961760396,175.719631096703,0.655307994757536,1.66212069553358,0.308800240853423,0.73888280342945,47.4439995874744,2.95859951976408,0.0523680351148937,0.0745335480467666,0.0259871452449848,6.23593472705371,47.4439995874744,2.95859951976408
2020-05-08,4834,31,1631,4266.42857142857,28.7142857142857,1296.85714285714,176.714285714286,0.857142857142858,101.285714285714,NA,6235.14398346205,10088.0227713408,373.004441986617,61.2857142857138,7870.36642299125,3039.69121413477,14345.6228332477,5006.0864880338,95.4696567980384,34.0762214004356,518.585331506349,185.099948655014,0.641290856433595,1.55044739278001,0.307295103338468,0.722160734557984,47.3759199148161,2.98290369422184,0.0543786859498947,0.0773289411103429,0.0269849118247598,6.29619617852134,47.3759199148161,2.98290369422184
2020-05-09,4975,31,1776,4426.14285714286,29.5714285714286,1409.85714285714,159.714285714285,0.857142857142858,113,NA,6495.53253355106,10425.6970357156,337.674264374729,76.4285714285716,8262.54675420162,3129.97317991471,14815.0888787437,5173.65416809945,95.3133000658045,34.0204126041777,469.466045496087,167.567680065656,0.623115577889447,1.48227712137487,0.297342229433702,0.685070226786804,47.2983293559632,2.56153660301035,0.0561988922670296,0.0798595605618271,0.0278881721024358,5.41566105402488,47.2983293559632,2.56153660301035
2020-05-10,5090,31,1941,4593.28571428571,30.1428571428571,1532.28571428571,167.142857142858,0.571428571428569,122.428571428571,NA,6768.13116588146,10779.7242394745,354.027203758966,80.8571428571427,8673.31959958673,3224.22728102818,15307.2902955574,5349.3368406415,95.1390679139735,33.9582234900655,492.201416813679,175.682672542043,0.609037328094303,1.41184342589495,0.287576929718484,0.648501420236525,47.2118682881372,2.57321649278867,0.0581072478057998,0.0825127332276385,0.0288351756028781,5.45031838313989,47.2118682881372,2.57321649278867
2020-05-11,5207,32,2074,4758.71428571429,30.5714285714286,1661,165.428571428571,0.428571428571431,128.714285714286,NA,7030.66000169019,11130.8245038547,351.100264380166,88.1428571428578,9015.07442473822,3309.88605884089,15795.4224100862,5523.56704702564,94.9482726685372,33.8901224698702,488.132114528778,174.230206384143,0.614557326675629,1.33558010360107,0.287489933822226,0.633785012495562,47.1171879407778,2.44424645482033,0.0599998259101924,0.0851439706425091,0.0297743496997948,5.18755112415792,47.1171879407778,2.44424645482033
2020-05-12,5279,32,2223,4912.14285714286,31,1795.85714285714,153.428571428572,0.428571428571427,134.857142857143,NA,7252.28575170854,11457.1645395873,326.340035732637,104.285714285713,9322.40528616165,3367.11494875333,16249.1305608869,5685.51022265236,94.7422272255693,33.816578158844,453.708150800723,161.943175626721,0.60617541200985,1.24899274778405,0.279301217063193,0.6001466843367,47.0149398262224,2.18229452124352,0.0617589359675564,0.087589648413518,0.0306472915327724,4.6416699947684,47.0149398262224,2.18229452124352
2020-05-13,5417,32,2408,5054.28571428571,31.2857142857143,1938.71428571429,142.142857142858,0.285714285714285,142.857142857143,NA,7447.52849455364,11760.203819229,303.039279641634,107.510822510823,9560.99695547073,3410.78105744767,16670.4438419176,5835.89061706099,94.5221999861311,33.7380432905236,421.313281030685,150.38039440863,0.59073287797674,1.20283407480639,0.272104127546473,0.568427499791973,46.9057533765763,1.95998765257856,0.0633924451488531,0.0898607042105741,0.0314579051114609,4.17853474086073,46.9057533765763,1.95998765257856
2020-05-14,5571,32,2531,5196.14285714286,31.5714285714286,2083.42857142857,141.857142857142,0.285714285714288,144.714285714286,NA,7642.90873076364,12063.3805922355,303.176773006535,107.510822510822,9799.77978079349,3458.08682450355,17091.948278962,5986.33924125972,94.2894251194743,33.6549583800014,421.504437044372,150.448624198732,0.574403159217376,1.161995898838,0.265265609049892,0.538432961393168,46.7902410367316,1.90476860843669,0.0650266954772188,0.0921327904189477,0.0322688864774169,4.07083736877606,46.7902410367316,1.90476860843669
2020-05-15,5689,34,2707,5318.28571428571,32,2237.14285714286,122.142857142858,0.428571428571427,153.714285714286,NA,7775.18893588391,12325.1023557973,261.721763561833,129.012987012989,9944.29797483908,3479.67807559438,17455.8181213592,6116.21620663627,94.0450500893156,33.5677329943478,363.869842397235,129.876965376548,0.59764457725435,1.12874779541446,0.275859778024541,0.544968509999811,46.6689722247732,1.59813173617852,0.0664374858679199,0.0940942019199774,0.0329689779494941,3.42437379251136,46.6689722247732,1.59813173617852
2020-05-16,5850,34,2980,5443.28571428571,32.4285714285714,2409.14285714286,125,0.428571428571431,172,NA,7914.31920107432,12593.6741794293,268.571823631964,129.012987012987,10098.3397570044,3504.38289032904,17829.2115518762,6249.49244994236,93.7901586203326,33.4767539501,373.393430516957,133.276243306087,0.581196581196581,1.07131058568125,0.269976811497443,0.519162738055109,46.5424847288869,1.60768972165461,0.0678852009636633,0.0961069495667729,0.0336873929594119,3.45421604345145,46.5424847288869,1.60768972165461
2020-05-17,6157,34,3256,5595.71428571429,32.8571428571429,2597,152.428571428571,0.428571428571423,187.857142857143,NA,8122.89232309261,12922.1044443047,328.430264875433,119.428571428572,10408.5766486273,3547.50617966572,18285.8257328764,6412.47288213618,93.525688560757,33.3823559957537,456.614181000179,162.980432193824,0.552216988793243,1.04707274879359,0.263115037852717,0.49633931326212,46.4112439474433,1.92599867616604,0.0696555782352967,0.0985682920628879,0.0345659260415758,4.14982333326726,46.4112439474433,1.92599867616604
2020-05-18,6751,35,3469,5816.28571428571,33.2857142857143,2796.28571428571,220.571428571429,0.428571428571431,199.285714285714,NA,8472.82452639327,13398.7509333197,476.646489014944,126.285714285715,10944.54046991,3657.32323436487,18948.5038398733,6649.00422254961,93.2525170600626,33.284852214446,662.678106996966,236.531340413431,0.518441712338913,0.978416057781137,0.261218379042802,0.487184372150079,46.275685157625,2.71544931116592,0.0722249032975773,0.102140405794494,0.0358409294559406,5.86794050759337,46.275685157625,2.71544931116592
2020-05-19,6751,35,3598,6026.57142857143,33.7142857142857,2992.71428571429,210.285714285714,0.428571428571431,196.428571428572,NA,8794.90352526834,13854.544217909,455.793284589357,133.285714285714,11444.5122344964,3749.79208235658,19582.1898901741,6875.18735625561,92.9714390459602,33.1845263416966,633.686050300763,226.183133705998,0.518441712338913,0.937289010683506,0.25262469446492,0.465510396251268,46.1362028348374,2.48190205483295,0.0746818208167535,0.105556240145902,0.0370601516835017,5.37947272682845,46.1362028348374,2.48190205483295
2020-05-20,6969,35,3734,6248.28571428571,34.1428571428571,3182.14285714286,221.714285714286,0.428571428571431,189.428571428572,NA,9135.96260644498,14336.6032990857,482.059081176645,140.571428571428,11973.7154285555,3848.00937076002,20252.3930842331,7114.40464465906,92.6832200105698,33.0816516065066,670.203194059024,239.217288403447,0.502224135457024,0.885217971035964,0.244130351310147,0.44329537574796,45.9931768473504,2.52095807696877,0.0772803220274239,0.109168917261966,0.038349633487293,5.48111846584397,45.9931768473504,2.52095807696877
2020-05-21,7234,35,3843,6485.85714285714,34.5714285714286,3369.57142857143,237.571428571428,0.428571428571423,187.428571428571,NA,9505.28888254904,14854.7867180469,518.183418961202,148.428571428572,12545.2848808131,3956.29587941746,20972.8196793478,7371.54829617364,92.3886034798555,32.9764933974424,720.426595114739,257.143651514582,0.483826375449267,0.881924198250729,0.235614288271665,0.423914213203261,45.8469761629358,2.60041619848889,0.0800735486133298,0.113052319634628,0.0397357459284193,5.67190827374499,45.8469761629358,2.60041619848889
2020-05-22,7919,35,4096,6804.42857142857,34.7142857142857,3568,318.571428571428,0.142857142857146,198.428571428572,NA,10062.2699500531,15551.9106426938,697.123924646938,140,13374.3482873774,4162.09421796407,21942.0259430551,7717.4894918631,92.0883180554771,32.8693117761019,969.206263707201,345.941195689457,0.441974996843036,0.857354549624246,0.22505273341731,0.405992565267353,45.6979623433195,3.35153996677832,0.0838313397906286,0.118276749062417,0.0416005144825676,7.33406352253851,45.6979623433195,3.35153996677832
2020-05-23,7919,35,4214,7100,34.8571428571429,3744.28571428571,295.571428571428,0.142857142857139,176.285714285714,NA,10564.0715205446,16200.8550703281,648.944427634291,147,14129.4280937008,4336.98393393296,22844.2486065214,8039.52206497485,91.7830844611046,32.760363992172,902.222663466302,322.032573111753,0.441974996843036,0.828945133344658,0.216037979773688,0.389982268047503,45.5464930408489,2.93744185539042,0.0873294232138254,0.123140108710345,0.0433364055046051,6.44928461326825,45.5464930408489,2.93744185539042
2020-05-24,8531,35,4352,7439.14285714286,35,3900.85714285714,339.142857142857,0.142857142857146,156.571428571428,NA,11168.19856873,16947.9821185135,747.127048185439,142.857142857143,15025.1533321915,4564.73870972423,23882.973845012,8410.27684076612,91.4736314371279,32.6499101567679,1038.72523849061,370.754775791272,0.410268432774587,0.791497060153777,0.206514260843873,0.373895007446511,45.3929298860936,3.21036225710498,0.0913567522592522,0.128739274653207,0.0453349296925613,7.07233992814662,45.3929298860936,3.21036225710498
2020-05-25,8969,35,4515,7756,35,4050.28571428571,316.857142857143,0,149.428571428572,NA,11710.055374131,17648.4103524859,700.428233972394,158.571428571428,15840.3821242727,4753.74820928948,24856.7740656646,8757.8577689028,91.1606815010715,32.5382081598614,973.800220652636,347.580928136678,0.390233024863418,0.764525993883792,0.198318144812799,0.360266947662327,45.2376314215843,2.837154340573,0.0951323550536699,0.133988467441237,0.0472085370943024,6.27163127215103,45.2376314215843,2.837154340573
2020-05-26,8969,37,4613,8072.85714285714,35.2857142857143,4195.28571428571,316.857142857143,0.285714285714285,145,NA,12253.7749534958,18351.2727889936,702.862436507683,158.857142857143,16658.4237416589,4943.3942304136,25833.9585401937,9106.64664716977,90.8449674288679,32.4255195529839,977.184474529058,348.788878266971,0.412532054855614,0.729948578521189,0.201620892596568,0.366771574952365,45.0809612804908,2.70587071939334,0.0989210792236243,0.139255902781143,0.0490886558553324,6.00221274837348,45.0809612804908,2.70587071939334
2020-05-27,9304,37,4768,8406.42857142857,35.5714285714286,4343,333.571428571428,0.285714285714285,147.714285714285,NA,12817.0251080952,19093.8086578787,742.535868885101,179,17511.4801830597,5132.58496234154,26866.3006958802,9475.12309338343,90.5272051983504,32.3120998918793,1032.34215568658,368.476446213659,0.397678417884781,0.715003589375449,0.193780092086199,0.354892338356354,44.9232747600836,2.72220820344722,0.102923659881486,0.144820661222846,0.0510748988885569,6.05964995850743,44.9232747600836,2.72220820344722
2020-05-28,9576,37,4900,8741,35.8571428571429,4494,334.571428571429,0.285714285714285,151,NA,13392.7073024003,19841.2051378981,747.396480019415,171.428571428572,18378.8657249326,5331.75915543388,27905.4005234674,9846.01157219006,90.2080942627141,32.1981988341113,1039.09982758718,370.888478806628,0.386382623224728,0.704462531574516,0.186480608122575,0.343236980631738,44.7649189574371,2.61038106336685,0.106952441277826,0.150421846358498,0.0530741437920038,5.83127889440868,44.7649189574371,2.61038106336685
2020-05-29,9932,37,5057,9028.57142857143,36.1428571428571,4631.28571428571,287.571428571429,0.285714285714292,137.285714285715,NA,13863.8248793396,20485.8941434089,644.68900551074,173.285714285715,19101.6006777562,5478.10858673996,28801.7069048624,10165.9324320676,89.8883019636587,32.0840545756081,896.306381394999,319.920859877509,0.372533225936367,0.69412055200417,0.180612082347913,0.332410235981949,44.6062250345975,2.14723487250528,0.110427586185866,0.155253314757562,0.0547986517914824,4.81373176426543,44.6062250345975,2.14723487250528
2020-05-30,10382,38,5220,9380.42857142857,36.5714285714286,4775,351.857142857141,0.428571428571423,143.714285714285,NA,14486.8775330067,21277.5182256474,791.624082238472,168.142857142856,20033.6183867553,5702.37316890341,29902.296042433,10558.7684428024,89.568454327525,31.9698905655043,1100.58913757058,392.83601073488,0.366018108264304,0.692771899439829,0.178592256845988,0.331670195262542,44.447503651253,2.53796377951345,0.114694772961129,0.161185953137586,0.0569162031235679,5.70999770357875,44.447503651253,2.53796377951345
2020-05-31,10858,40,5404,9712.85714285714,37.2857142857143,4925.28571428571,332.428571428572,0.714285714285715,150.285714285715,NA,15053.46620587,22028.1068985107,750.58867286337,183.285714285715,20893.1562965686,5890.84574340704,30945.8339522462,10931.2410173061,89.2491405230524,31.8559170972594,1043.53790981322,372.472574503627,0.368391969055075,0.688309290856826,0.181586189790573,0.340130159433091,44.2890471768531,2.29469811396566,0.118740761619595,0.166811061403177,0.0589239869691221,5.18116254626466,44.2890471768531,2.29469811396566
2020-06-01,11308,41,5587,10047,38.1428571428571,5078.42857142857,334.142857142857,0.857142857142861,153.142857142857,NA,15641.768170619,22785.2660061168,757.159107606112,168,21776.9718906089,6097.72169154241,31998.5066891437,11306.9741082986,88.9309100404788,31.742330301787,1052.67273689748,375.733090992508,0.362575168022639,0.684668051388568,0.179940844179714,0.339871561595174,44.1311282907639,2.21971683626881,0.122822167684972,0.172485410229033,0.0609493463699861,5.02979909909959,44.1311282907639,2.21971683626881
2020-06-02,11571,44,5941,10418.7142857143,39.1428571428571,5268.14285714286,371.714285714286,1,189.714285714285,NA,16309.6444019445,23630.5708088709,845.304802754035,176.428571428572,22774.7643675555,6339.76768388651,33173.7277375189,11726.4486720713,88.61426122508,31.6293080547023,1175.22104837518,419.474563772679,0.380260997320888,0.688044597343244,0.186199480139018,0.356995006855288,43.9739942921449,2.37643102302927,0.127378716122936,0.178820345999881,0.0632104907076224,5.40415120294283,43.9739942921449,2.37643102302927
2020-06-03,12067,48,6240,10813.4285714286,40.7142857142857,5478.42857142857,394.714285714284,1.57142857142857,210.285714285715,NA,17049.4509876103,24531.3773945367,900.806585665796,159.428571428572,23866.1491363872,6625.78448579585,34426.1125063505,12173.4654739806,88.2996531737381,31.5170142225943,1252.38476883167,447.016801909342,0.397779066876606,0.695970695970696,0.195667773676214,0.381143733878743,43.8178730035091,2.42013752953462,0.13223444251589,0.185571226680504,0.0656200992935994,5.52315282581146,43.8178730035091,2.42013752953462
2020-06-04,12067,52,6606,11169.2857142857,42.8571428571429,5722.14285714286,355.857142857143,2.14285714285714,243.714285714285,NA,17695.4599579991,25346.3863649255,815.008970388859,166.857142857143,24830.250111911,6861.22502749258,35559.2134818744,12577.9060156773,87.9875052496562,31.4055984898113,1133.10097552382,404.440541696724,0.430927322449656,0.696071834613332,0.205157450262645,0.402411234362979,43.6629725299046,2.08721343965833,0.136627683674408,0.191679117542188,0.0678002039286535,4.78026518848684,43.6629725299046,2.08721343965833
2020-06-05,12312,52,6903,11509.2857142857,45,5985.85714285714,340,2.14285714285715,263.714285714286,NA,18309.613069581,26127.8251907931,781.438825867572,165.142857142857,25749.3930481962,7081.72098619378,36645.6421324452,12965.6876886642,87.6782023712276,31.29519824623,1086.42865057089,387.781672986916,0.422352176738142,0.666567915864316,0.199021539758019,0.388095877435021,43.5094838834663,1.9214032922067,0.140839967633721,0.197535424941116,0.0698905102543278,4.41604133332701,43.5094838834663,1.9214032922067
2020-06-06,12511,53,7135,11813.4285714286,47.1428571428571,6259.42857142857,304.142857142857,2.14285714285715,273.571428571428,NA,18855.9458311371,26829.3008094921,701.475618699016,153,26569.5065829858,7274.67881201435,37620.8985243777,13313.7883716277,87.3720943474323,31.1859383500374,975.256391932468,348.100682963424,0.42362720805691,0.698309245191189,0.197545215122598,0.382545965904022,43.357580653613,1.66111547795076,0.144621216272365,0.202792467104838,0.0717669193532038,3.8311875626931,43.357580653613,1.66111547795076
2020-06-07,12694,56,7376,12075.7142857143,49.4285714285714,6541.14285714286,262.285714285716,2.28571428571428,281.714285714285,NA,19319.2702736833,27436.3395377526,607.038728260464,141.428571428572,27228.7464491906,7432.20178994811,38464.8600023041,13615.0256352757,87.0694784268648,31.0779248989115,843.961477926416,301.237263648049,0.441153300772018,0.709263472931144,0.204108860523991,0.390608562096235,43.207410347166,1.39100149456169,0.147893410349611,0.207341774456954,0.0733907149103331,3.21934913102079,43.207410347166,1.39100149456169
2020-06-08,12859,56,7376,12297.2857142857,51.5714285714286,6796.71428571429,221.571428571428,2.14285714285714,255.571428571428,NA,19690.7029817729,27950.915102985,514.575565232411,141,27723.0911377432,7544.41222081532,39180.2706249226,13870.3789232858,86.7705406490366,30.9712242963968,715.410622618518,255.353288010068,0.435492651061513,0.712903353213002,0.200351222110862,0.376982861234664,43.0590652844843,1.14689654594941,0.150667189086387,0.211198138628049,0.0747671765391095,2.66353520574411,43.0590652844843,1.14689654594941
2020-06-09,13074,61,8015,12512,54,7093,214.714285714286,2.42857142857143,296.285714285715,NA,20038.1115760176,28451.2674201734,500.352317188444,150.515151515152,28160.8884554075,7669.13592708929,39875.9067704258,14118.6740581312,86.4754300755759,30.8658897474297,695.636145503195,248.295134845393,0.466574881444087,0.681904280843541,0.214401696413524,0.392234763955883,42.912619436,1.0904377051313,0.153364298533641,0.214947910049975,0.0761055917535361,2.54105867957892,42.912619436,1.0904377051313
2020-06-10,13319,67,8345,12690.8571428571,56.7142857142857,7393.71428571429,178.857142857143,2.71428571428572,300.714285714285,NA,20217.0754775985,28869.4694169924,418.201996818967,236.523809523807,28338.2383548064,7750.52188039794,40457.3299298979,14326.2028685827,86.184247125981,30.7619570949911,581.423159472084,207.528810451517,0.503040768826489,0.716179892843613,0.232079083381298,0.413558418423918,42.7681226339455,0.892587038310048,0.155618583200131,0.21808202543706,0.0772242593323958,2.08703297829466,42.7681226339455,0.892587038310048
2020-06-11,13872,67,8593,12948.7142857143,58.8571428571429,7677.57142857143,257.857142857143,2.14285714285714,283.857142857143,NA,20497.3357531631,29474.4050172324,604.935600240013,322.532467532468,28629.8253198681,7889.59840812177,41298.3674444102,14626.3964747168,85.8969470328828,30.6594103601527,841.03751451226,300.19360613414,0.482987312572088,0.689920793073999,0.227315869347754,0.3953272993297,42.6255526629343,1.27544537390018,0.158879440532731,0.222615571396499,0.0788424291365432,2.99220132461944,42.6255526629343,1.27544537390018
2020-06-12,13872,70,8829,13171.5714285714,61.4285714285714,7952.71428571429,222.857142857143,2.57142857142858,275.142857142857,NA,20696.7884244444,29998.9615846176,524.556567385152,322.532467532466,28809.2333354703,7928.90467464373,42027.6545808916,14886.7027412388,85.6134375229673,30.5582166075718,729.287136481405,260.306266521957,0.504613610149942,0.684898778331714,0.23334141017699,0.396636289625597,42.4848637332018,1.08725170839875,0.161707021069308,0.226546735814039,0.0802455894028146,2.5591451186733,42.4848637332018,1.08725170839875
2020-06-13,14238,73,8829,13418.2857142857,64.2857142857143,8194.71428571429,246.714285714284,2.85714285714286,242.000000000001,NA,20954.0144707712,30581.577241334,582.615656716385,322.532467532468,29069.0747615443,8007.02221857818,42837.6608421304,15175.8202851732,85.3335575409505,30.4583183513862,810.006261238828,289.117543934448,0.512712459615114,0.716754535463422,0.238705804556521,0.397792571879715,42.3459759225769,1.19204384321204,0.164847564518127,0.230913010266004,0.0818040545729053,2.8150051339766,42.3459759225769,1.19204384321204
2020-06-14,14496,77,9188,13675.7142857143,67.2857142857143,8453.57142857143,257.428571428572,3,258.857142857143,NA,21216.8729754864,31191.4703780838,609.893136749812,344.034632034633,29330.2098307988,8087.24738418335,43685.5907831797,15478.474022207,85.0571263225056,30.3596510709366,847.929941049326,302.653737033741,0.531181015452539,0.723191254145682,0.246862360339713,0.403272083530738,42.2087995284614,1.22854289247434,0.168135145057748,0.235483709303563,0.0834354855173789,2.91062668492738,42.2087995284614,1.22854289247434
2020-06-15,15192,81,9388,14009,70.8571428571429,8741,333.285714285714,3.57142857142857,287.428571428571,NA,21682.9255561441,31983.6268548454,792.15647676164,322.532467532466,29880.660031679,8241.34759069664,44786.9201049391,15871.5742287203,84.7839071980856,30.2621302911745,1101.32932175932,393.100206513293,0.533175355450237,0.739945100847357,0.253254580437705,0.408241331295366,42.0732171058169,1.57085485582527,0.172405201663427,0.2414203375877,0.0855544609758358,3.73361558829562,42.0732171058169,1.57085485582527
2020-06-16,15542,88,9647,14361.5714285714,74.7142857142857,8974.14285714286,352.571428571429,3.85714285714285,233.142857142857,NA,22154.206113927,32824.3013520223,840.674497176864,365.536796536797,30425.3044061361,8338.52440884456,45955.7036735354,16288.7510468682,84.5136674028756,30.1656729307771,1168.78356859633,417.176818147916,0.566207695277313,0.752258212991197,0.268094053415636,0.429563871530172,41.9391131472916,1.62603490087838,0.176936790806736,0.247720572634815,0.0878032194980796,3.87712670506609,41.9391131472916,1.62603490087838
2020-06-17,15877,97,9920,14727,79,9199.14285714286,365.428571428571,4.28571428571429,225,NA,22615.4770595033,33698.3991374253,874.097785403072,408.541125541125,30943.0140019166,8475.14436250322,47170.955393858,16722.5138576697,84.2461737909982,30.0701957724081,1215.25172032262,433.762810801525,0.61094665239025,0.760932382970526,0.287847501611055,0.455880234580548,41.8063719564352,1.64947910413094,0.181648545532049,0.254271290565115,0.0901413834971071,3.94551617380493,41.8063719564352,1.64947910413094
2020-06-18,15877,100,10065,15013.4285714286,83.7142857142857,9409.42857142857,286.428571428571,4.71428571428571,210.285714285714,NA,22961.0557700311,34385.6921336675,687.292996242148,337,31346.5304201666,8474.49276665345,48126.49379013,17063.5765475342,83.981209302709,29.9756213403946,955.538396271986,341.062689864517,0.62984190968067,0.77099176380812,0.290818633550461,0.453965474476433,41.6748858193894,1.26651685206443,0.185353343870173,0.259422044438466,0.0919798548528676,3.03903824108517,41.6748858193894,1.26651685206443
2020-06-19,16779,113,10411,15428.7142857143,89.8571428571429,9635.42857142857,415.285714285716,6.14285714285715,226,NA,23567.4895103744,35385.3076921926,999.615558525147,387.038961038963,32073.3764891166,8650.11402125993,49516.251946992,17559.6263735693,83.7185485186286,29.8818691752384,1389.75815686203,496.049826035043,0.673460873711187,0.79463338218202,0.319341578100597,0.495934521763602,41.5445428739059,1.8086537454262,0.190741692187753,0.266913425462407,0.0946537720630955,4.35352611193885,41.5445428739059,1.8086537454262
2020-06-20,17225,118,10671,15855.4285714286,96.2857142857143,9898.57142857143,426.714285714284,6.42857142857143,263.142857142859,NA,24161.3490633849,36415.639106675,1030.33141448233,430.04329004329,32769.6665133677,8840.97773070229,50948.7141324153,18070.9186544402,83.4579949040933,29.7888691273345,1432.46218542324,511.29228087093,0.685050798258345,0.83212958504636,0.324036603214169,0.499353151281911,41.415245591505,1.8106062425907,0.19629561188861,0.274634999162411,0.0974098525161524,4.37183355498589,41.415245591505,1.8106062425907
2020-06-21,17732,120,10897,16317.7142857143,102.428571428571,10142.7142857143,462.285714285716,6.14285714285714,244.142857142857,NA,24823.3514235942,37535.3297785726,1119.69067189762,451.545454545454,33553.9905905871,9059.89941750862,52505.4118360084,18626.5546269608,83.199385415702,29.6965630011973,1556.6977035931,555.63597252062,0.676742612226483,0.848832115924185,0.319698802988813,0.489169434190536,41.2869130634311,1.91332745343933,0.202331215573122,0.28302625456115,0.100404964118993,4.63422248881972,41.2869130634311,1.91332745343933
2020-06-22,18231,127,11158,16751.8571428571,109,10395.5714285714,434.142857142855,6.57142857142857,252.857142857143,NA,25334.0082394962,38590.1121356001,1054.78235702751,537.554112554111,34101.6958257948,9245.75382024407,53971.867986967,19149.9804582677,82.942573938106,29.604898643513,1466.4561509586,523.425831306882,0.69661565465416,0.903289964365625,0.32909984701195,0.501057618910691,41.1594727813158,1.74892868092852,0.208016936138825,0.290931070033892,0.1032264495125,4.24915370623549,41.1594727813158,1.74892868092852
2020-06-23,18765,134,11514,17212.2857142857,115.571428571429,10662.2857142857,460.428571428572,6.57142857142857,266.714285714284,NA,25868.9753592264,39712.2091254602,1122.0969898601,580.55844155844,34670.0137408226,9509.85887858497,55531.9111767201,19706.8105434614,82.6874451778907,29.5138349023171,1560.0431897531,556.830085193738,0.714095390354383,0.938689315882298,0.33742771543296,0.512863198607203,41.0328675318856,1.81743157132845,0.214065510889298,0.299340359010207,0.106227997884915,4.42921222434408,41.0328675318856,1.81743157132845
2020-06-24,19285,136,11882,17699.1428571429,121.142857142857,10942.5714285714,486.857142857145,5.57142857142857,280.285714285716,NA,26408.4934647545,40902.3635946246,1190.15446916441,645.064935064936,35224.4899301679,9747.31899110265,57186.5741792522,20297.413513122,82.4339137910157,29.4233413155497,1654.66300253212,590.602969660536,0.705211304122375,0.968290761272937,0.332499122417153,0.506908476541005,40.9070549639627,1.88200977220561,0.220480944079478,0.308259688576277,0.109411596310117,4.60070200940497,40.9070549639627,1.88200977220561
2020-06-25,19750,140,12220,18252.4285714286,126.857142857143,11250.4285714286,553.285714285714,5.71428571428572,307.857142857141,NA,27049.8984437312,42259.054287887,1356.69069326241,709.571428571428,35900.895811068,10065.1064242791,59072.7712689434,20970.6585188011,82.1819262851602,29.3333987900639,1886.19708969125,673.245005679091,0.708860759493671,0.999347273177429,0.331289950424019,0.510272151309977,40.7820085324855,2.09510223861988,0.227794077565819,0.318427084259732,0.113040670070256,5.13732710680028,40.7820085324855,2.09510223861988
2020-06-26,20319,150,12548,18758.1428571429,132.142857142857,11555.7142857143,505.714285714286,5.28571428571428,305.285714285716,NA,27363.8531145095,43502.8877465441,1243.83345865707,924.593073593076,36055.9538855418,10221.3352727211,60802.0637756517,21587.8991824956,81.9314597141645,29.2439991356301,1729.29250670828,617.240663694483,0.738225306363502,1.02762934242832,0.344804696354706,0.536655059225524,40.657716850638,1.86955732844013,0.234498863087758,0.327748698243886,0.116367856870617,4.59829252684433,40.657716850638,1.86955732844013
2020-06-27,20319,166,12738,19200.1428571429,139,11851,442,6.85714285714286,295.285714285714,NA,27479.8362638633,44593.3254413524,1090.43769480835,967.597402597405,35923.2011705212,10278.6749236357,62318.0912804113,22129.0186400696,81.682518307799,29.1551438619907,1516.02750475956,541.11945757407,0.816969339042276,1.06317882820866,0.372253018488871,0.583453796797458,40.534182017404,1.6152659664931,0.240376780921406,0.33592072416426,0.119284718351976,3.98495668809944,40.534182017404,1.6152659664931
2020-06-28,21327,178,12933,19713.7142857143,147.285714285714,12141.8571428571,513.571428571428,8.28571428571428,290.857142857143,NA,27817.8147136845,45864.1826790524,1270.85723769998,924.593073593071,36112.8302061849,10445.3140684449,64084.9547483095,22759.6696001313,81.4351299046982,29.0668429056586,1766.86346789815,630.650960061645,0.834622778637408,1.10583162614096,0.388102413697428,0.616568311072701,40.4114178474442,1.8688978760833,0.247227235979098,0.345444861432281,0.122684192290379,4.6246899926809,40.4114178474442,1.8688978760833
2020-06-29,21819,188,13008,20226.2857142857,156,12406.1428571429,512.571428571428,8.71428571428572,264.285714285714,NA,28092.223356875,47136.4051750568,1272.22249600442,989.099567099569,36194.467240535,10580.4072941743,65853.7163247841,23390.9980567951,81.1893433855385,28.9791137137349,1768.76157647462,631.328456663843,0.86163435537834,1.12456747404844,0.398842464336852,0.63784154384146,40.2894485973349,1.84259568518322,0.254085050353303,0.35497923030391,0.126087318220436,4.57340919514635,40.2894485973349,1.84259568518322
2020-06-30,22308,188,13558,20732.4285714286,163.714285714286,12698.1428571429,506.142857142859,7.71428571428572,292,NA,28355.4647493379,48396.4604203336,1260.05524527674,989.099567099569,36260.1882357126,10710.4626360839,67605.5618620863,24016.2886296392,80.94522436836,28.8919797074293,1751.8455373022,625.2905728441,0.84274699659315,1.18017795353435,0.388458160715019,0.626688358761058,40.1683068294117,1.80171240065449,0.260877278128312,0.364422414609195,0.129457897417057,4.48542370345482,40.1683068294117,1.80171240065449
2020-07-01,41065,188,14059,23843.8571428571,171.142857142857,13009.1428571429,3111.42857142857,7.42857142857142,311,NA,38846.2124576572,59733.2211156658,11336.7606953322,838.584415584413,54007.6033889242,19277.0678361306,86783.4055867264,33003.6553764099,80.7028485316861,28.805467898865,19177.8437246401,8987.36674677068,0.457810787775478,1.20201472919551,0.314732734127901,0.614749195296245,40.0480300984307,10.9728977906202,0.321987186731209,0.467799058847256,0.177903584437866,39.9808671645805,40.0480300984307,10.9728977906202
2020-07-02,42574,188,14777,27104.4285714286,178,13374.4285714286,3260.57142857143,6.85714285714286,365.285714285714,NA,46145.2586996777,67899.2110806301,8165.98996496425,860.086580086583,63894.3748378136,22898.5752086478,98136.5213579601,37055.9511484974,80.4623258507057,28.7196175417588,11353.1157712337,4052.29577208752,0.441584065392023,1.22792494481236,0.276880978450178,0.602728879790468,39.9286729785457,8.39344111734891,0.366005307411538,0.528997128188515,0.199747163121337,21.0213285886372,39.9286729785457,8.39344111734891
2020-07-03,45719,188,15276,30733,183.428571428571,13764.1428571429,3628.57142857143,5.42857142857142,389.714285714286,NA,54458.8964860551,77013.8575250161,9114.64644438603,795.580086580081,75210.9465206829,27024.0678588157,110808.547253284,41579.0087825536,80.2238600996417,28.6345013697497,12672.0258953234,4523.05763405623,0.411207594216846,1.20740239223652,0.244111911858113,0.587800754596156,39.8103365907997,7.86327522934662,0.415137085538731,0.597304677857055,0.224128346252125,19.7520757304795,39.8103365907997,7.86327522934662
2020-07-04,47171,188,15556,34569,186.571428571429,14166.7142857143,3836,3.14285714285717,402.571428571429,NA,63087.7887204758,86677.9965126836,9664.13898766748,1032.1038961039,86892.4003837953,31307.9456378731,124244.528588924,46374.7469268097,79.9876866628853,28.5502033991721,13435.9813356399,4795.73814425604,0.398549956541095,1.20043384745482,0.216894722494526,0.572746386842496,39.6931377424845,7.04375972717189,0.467230859601124,0.669730268682947,0.249979392027448,17.7457488330527,39.6931377424845,7.04375972717189
2020-07-05,48574,188,15860,38461.4285714286,188,14584.8571428571,3892.42857142857,1.42857142857142,418.142857142857,NA,71674.2559653066,96513.0178700685,9835.02135738495,1247.12554112554,98448.2732391896,35572.3536584014,137918.086426003,51255.2838410007,79.754105744199,28.4668307824996,13673.5578370793,4880.53691419103,0.387038333264709,1.18410279019966,0.194792375317801,0.557890003122456,39.5772254068957,6.16978437110876,0.520245761512637,0.743436496780748,0.27628753884068,15.5894215930775,39.5772254068957,6.16978437110876
2020-07-06,49683,264,15860,42442,198.857142857143,14992.2857142857,3980.57142857143,10.8571428571429,407.428571428571,NA,80438.6744136637,106599.925495915,10086.9076258462,1311.63203463204,110235.451610612,39920.5344566193,151941.839889001,56260.8169485635,79.5234262372023,28.3844937738982,14023.7534629978,5005.53310756278,0.5313688786909,1.25248562610785,0.247654957329325,0.767761192573216,39.4627528695891,5.55362722942697,0.574618436359264,0.819030426601125,0.303269467711938,14.0732645075921,39.4627528695891,5.55362722942697
2020-07-07,51059,264,16298,46549.2857142857,209.714285714286,15383.7142857143,4107.28571428572,10.8571428571429,391.428571428572,NA,89704.5562110858,117037.781319311,10437.8558233961,1161.11688311688,122765.960935579,44517.057969411,166453.514049132,61440.5048007751,79.2960083981121,28.3033209605126,14511.6741601312,5179.68785221162,0.517048904208856,1.24986164678637,0.225568185780741,0.746072359456263,39.3498989043263,5.10604180860974,0.630882869606107,0.897254454207686,0.33119016390962,12.9761658797589,39.3498989043263,5.10604180860974
2020-07-08,51059,264,35137,47977,220.571428571429,18394.8571428571,1427.71428571428,10.8571428571429,3011.14285714286,NA,92214.1111544794,120676.305959674,3638.52464036332,1118.11255411255,125916.384498318,45760.6738489468,171512.128088062,63246.0884568953,79.0721759623242,28.2234278940209,5058.61403893019,1805.58365612015,0.517048904208856,1.28053078996475,0.218767054477305,0.724963247868988,39.2388241617548,1.59155273837998,0.650496047849654,0.924522511625854,0.340923019278598,4.05612021735153,39.2388241617548,1.59155273837998
2020-07-09,54747,264,35137,49716,231.428571428571,21303.4285714286,1739,10.8571428571428,2908.57142857143,NA,95615.3486987964,125120.504542952,4444.19858327805,1032.1038961039,130332.879334511,47446.4909762019,177690.864682496,65451.4802350633,78.8522029153719,28.144912368759,6178.73659443439,2205.39177816805,0.482218203737191,1.30514646643679,0.210996591617301,0.703337366575388,39.1296646046206,1.8858030674031,0.674452147527146,0.957828500762833,0.35281100859224,4.81943438768608,39.1296646046206,1.8858030674031
2020-07-10,56455,264,35137,51249.7142857143,242.285714285714,24140.7142857143,1533.71428571428,10.8571428571429,2837.28571428571,NA,98717.7377940476,129050.833032143,3930.32848919061,817.082251082247,134399.8161543,48983.2877130505,183155.171465655,67401.8688086466,78.6363449051849,28.0678656337765,5464.30678315862,1950.3885735833,0.467629085112036,1.32897654701176,0.204570550841966,0.684113067804369,39.0225470958061,1.60402413187913,0.695638271254067,0.987283412714401,0.363324423374021,4.11056231314051,39.0225470958061,1.60402413187913
2020-07-11,58253,264,35137,52832.8571428571,253.142857142857,26938,1583.14285714286,10.8571428571429,2797.28571428571,NA,102301.771315071,133118.771315071,4067.93828292841,473.047619047626,139241.865729724,50641.6781391653,188810.796132654,69420.5449490472,78.4248065085225,27.9923607091635,5655.62466699927,2018.67614040058,0.453195543577155,1.34901602527502,0.198319138159076,0.664782961748519,38.9175731546052,1.60368431532029,0.717566169650505,1.01776960853178,0.374205936863983,4.12077745482302,38.9175731546052,1.60368431532029
2020-07-12,58253,375,35137,54215.5714285714,279.857142857143,29691.8571428571,1382.71428571428,26.7142857142857,2753.85714285714,NA,105473.393402745,136681.10768846,3562.33637338848,363.999999999996,143802.969701009,52018.7397981401,193763.486184525,71188.3208937362,78.2177339763225,27.9184497966301,4952.69005187097,1767.77594468903,0.643743669853913,1.4511648579577,0.274361253242654,0.916817433135533,38.8148153566713,1.35158451158487,0.736768661088838,1.04446669110607,0.383734992765712,3.48218445056744,38.8148153566713,1.35158451158487
2020-07-13,61755,375,35911,55940.1428571429,295.714285714286,32556.2857142857,1724.57142857143,15.8571428571429,2864.42857142857,NA,108277.980122924,141135.71605366,4454.60836520049,1634.16450216451,147207.296154782,53407.9708021386,199956.695422182,73398.878428347,78.0152247371877,27.846167671609,6193.20923765656,2210.55753461077,0.60723828030119,1.49728752260398,0.26570170222357,0.887383795778621,38.714322050033,1.63505408960066,0.760780873869441,1.07785069387748,0.395650827679395,4.22344272947659,38.714322050033,1.63505408960066
2020-07-14,63514,375,38008,57719.4285714286,311.571428571429,35657.7142857143,1779.28571428572,15.8571428571428,3101.42857142857,NA,111235.582490786,145743.340066543,4607.62401288323,1634.1645021645,150824.359137796,54873.1343831827,206362.641189078,75685.3685400033,77.8173369399272,27.7755350892991,6405.94576689618,2286.49011165633,0.590421009541203,1.53339942207505,0.257301637130577,0.862011740886765,38.6161220904902,1.64323344737036,0.785617905352318,1.11238143602249,0.407975971122025,4.25536568714373,38.6161220904902,1.64323344737036
2020-07-15,65188,375,39066,59737.8571428571,327.428571428571,36219,2018.42857142857,15.8571428571429,561.285714285717,NA,114825.479563086,150983.258783865,5239.91871732145,1634.16450216451,155320.496796608,56652.0682686848,213647.661631773,78285.6289561177,77.6240932992676,27.7065601573238,7285.0204426948,2600.26041611441,0.575259250168743,1.61144038303347,0.248371907601239,0.840933023694738,38.5202267500125,1.81452616259386,0.813863271247178,1.15165076042541,0.421992468483384,4.71064977589836,38.5202267500125,1.81452616259386
2020-07-16,66895,375,40256,61473.2857142857,343.285714285714,36950.2857142857,1735.42857142857,15.8571428571428,731.285714285717,NA,117691.670651754,155499.471517555,4516.21273369045,1634.16450216449,158810.471350671,58071.8698615581,219926.518969719,80526.7570796032,77.4354912261588,27.6392419515673,6278.85733794581,2241.12812348548,0.56058001345392,1.609629644515,0.241158375871177,0.817631489531098,38.4266347438081,1.51133909317698,0.8382075574859,1.18549644248259,0.434073091729667,3.93311027384756,38.4266347438081,1.51133909317698
2020-07-17,68703,375,40256,63223,359.142857142857,37681.5714285714,1749.71428571428,15.8571428571429,731.28571428571,NA,120605.883049081,160063.705559903,4564.23404234787,1634.1645021645,162367.209576868,59515.5015775245,226272.139979799,82791.7153261818,77.251502907717,27.5735705447078,6345.62101008027,2264.95824657865,0.545827693113838,1.64600970320756,0.234281718449694,0.795563426203827,38.3353322699949,1.48667047627239,0.862810698776953,1.21970200881463,0.446282169362821,3.87812834763242,38.3353322699949,1.48667047627239
2020-07-18,68703,375,40256,64715.8571428571,375,38412.8571428571,1492.85714285714,15.8571428571428,731.285714285717,NA,122859.133713909,163966.977869753,3903.27230985012,1634.16450216451,165005.017569059,60631.1372457852,231698.830755872,84728.6775250548,77.0720845107749,27.5095302912643,5426.69077607334,1936.96219887298,0.545827693113838,1.68101129639591,0.228704587272371,0.774850054617724,38.2462975767755,1.23777849040148,0.883850978316889,1.248954154666,0.456723210337527,3.2363863280713,38.2462975767755,1.23777849040148
2020-07-19,71838,375,43029,66656.5714285714,375,39540.2857142857,1940.71428571429,0,1127.42857142857,NA,123924.024943668,169052.773861417,5085.79599166333,4020.90476190476,165252.659756047,61173.0370826794,238769.575506963,87252.4559870832,76.8971728269089,27.4470986300974,7070.74475109065,2523.77846202841,0.522007850998079,0.913186411786193,0.221824221770778,0.627791357967888,38.1594992975638,1.57960027743958,0.911265557893531,1.28706844296279,0.470327437796612,4.13953430886641,38.1594992975638,1.57960027743958
2020-07-20,73468,585,43401,68329.8571428571,405,40610.2857142857,1673.28571428571,30,1070,NA,125902.006096628,173447.495274117,4394.72141270051,2386.74025974027,167282.531681153,62147.4670425801,244879.524355146,89433.2951843632,76.7266892658898,27.3862475098015,6109.94884818318,2180.83919727994,0.796265040561877,0.951284821722178,0.337277859836179,0.861571129751883,38.0748984326972,1.35022880880042,0.93495495481058,1.32000363721405,0.482083078371989,3.54630299871088,38.0748984326972,1.35022880880042
2020-07-21,75153,585,46790,69992.5714285714,435,41864.8571428571,1662.71428571429,30,1254.57142857143,NA,127861.698941586,177823.928378815,4376.43310469811,2386.74025974025,169286.977506191,63112.8216015173,250964.04710326,91605.0589806795,76.5605490124898,27.3269466570671,6084.52274811425,2171.76379631636,0.778412039439543,0.951464380235788,0.328977098489121,0.759603555515937,37.992452893416,1.32061913099178,0.958545770055088,1.35280177409125,0.493789798718889,3.47606304329993,37.992452893416,1.32061913099178
2020-07-22,75153,585,46790,71416.1428571429,465,42968.2857142857,1423.57142857142,30,1103.42857142857,NA,129199.883362823,181578.853059793,3754.92468097722,2386.74025974026,170427.344742156,63769.7584464276,256184.491262303,93468.405062969,76.3986594922994,27.2691630290806,5220.44415904253,1863.34608228946,0.778412039439543,0.985775158466007,0.322174080374527,0.674911769464349,37.9121167405396,1.11334876004786,0.978786393477594,1.38094216392562,0.503834017860884,2.9367079524672,37.9121167405396,1.11334876004786
2020-07-23,78486,585,49488,73072,495,44287.1428571429,1655.85714285714,30,1318.85714285714,NA,131159.799139065,185955.509095775,4376.65603598207,2386.74025974025,172432.100506918,64735.2236329193,262269.323950141,95640.2794868398,76.2409246436086,27.2128623382976,6084.83268783824,2171.8744238708,0.745355859643758,1.01906369662783,0.314591378789806,0.606135848728263,37.8338423043471,1.28160153269366,1.00237841041549,1.41374197150829,0.515541334536833,3.38750772993457,37.8338423043471,1.28160153269366
2020-07-24,80226,585,51260,74718.1428571429,525,45859.1428571429,1646.14285714286,30,1572,NA,133102.826747832,190315.276964282,4359.76786850765,2386.74025974027,174413.376776685,65692.3082250251,268330.677142986,97803.7733163248,76.0872453024145,27.1580091898644,6061.35319284454,2163.49382948501,0.729190038142248,1.0566994746694,0.307384677326661,0.548780871354755,37.7575803756343,1.2550438161206,1.02587939302722,1.44641521473703,0.527203476284008,3.32401230950737,37.7575803756343,1.2550438161206
2020-07-25,81720,585,51823,76577.7142857143,555,47511.5714285714,1859.57142857143,30,1652.42857142857,NA,135620.824980408,195250.015456599,4934.73849231642,2386.74025974025,177194.030474685,66934.7165853368,275191.407764062,100252.590914016,75.9375230856287,27.1045684676614,6860.73062107631,2448.81759769085,0.715859030837004,1.08697780998453,0.299615853362141,0.499838593491414,37.683282132718,1.39706796254277,1.05247970914476,1.48339743853714,0.540403633154362,3.70746332958462,37.683282132718,1.39706796254277
2020-07-26,83122,585,52571,78189.7142857143,585,48874.7142857143,1612,30,1363.14285714286,NA,136765.387980577,199536.007028196,4285.99157159714,3111.42857142857,180011.384453277,65920.1710494377,281150.190314083,102379.473949545,75.7916619330574,27.0525058846854,5958.7825500209,2126.88303552942,0.703784798248358,1.14573336728099,0.293180167686394,0.484767904807665,37.61089990663,1.18858554282725,1.07558300648444,1.51551778285792,0.551868427322927,3.16027540181701,37.61089990663,1.18858554282725
2020-07-27,84648,585,54404,79786.8571428571,585,50446.5714285714,1597.14285714286,0,1571.85714285714,NA,136504.398629706,203790.47222278,4254.46519458405,4515.45454545455,178264.028420968,64800.8379881034,287065.141974081,104490.712316782,75.6495752411376,27.0017905293117,5914.95165999857,2111.23836723718,0.691097249787355,1.06855170146309,0.287059543863508,0.467549265515611,37.540390721166,1.16777493943072,1.09851636339143,1.54740186024537,0.563248890148954,3.1107762405414,37.540390721166,1.16777493943072
2020-07-28,86192,793,56638,81363.8571428571,614.714285714286,51853.4285714286,1577,29.7142857142857,1406.85714285714,NA,136167.737669378,207998.98009362,4208.50787084058,4515.45454545454,176423.063973851,63260.9847510769,292916.199504987,106579.144794041,75.5111796609096,26.9523926515895,5851.05753090529,2088.43247725922,0.920038982736217,1.08885711755254,0.381251869428913,0.614486540976056,37.4717132151882,1.1552510026296,1.12120199099293,1.57894152140195,0.574506419635413,3.08305659970485,37.4717132151882,1.1552510026296
2020-07-29,87664,793,57815,83151.1428571429,644.428571428571,53428.4285714286,1787.28571428571,29.7142857142858,1575,NA,136400.790813667,212777.202069078,4778.22197545751,4515.45454545454,175374.168855006,61796.4182125822,299559.326364163,108950.292541261,75.3763959408068,26.9042839640605,6643.12685917685,2371.14774721954,0.90459025369593,1.10625816941372,0.372690303420078,0.59570862333389,37.4048280608515,1.31253466713556,1.1469586172508,1.61475076939718,0.587287903342325,3.50907054581406,37.4048280608515,1.31253466713556
2020-07-30,89078,793,59517,84664.2857142857,674.142857142857,54861.1428571429,1513.14285714286,29.7142857142857,1432.71428571428,NA,135907.992015433,216829.572102013,4052.37003293526,4515.45454545454,173316.127120553,59915.2258980989,305193.306607733,110961.243083921,75.2451552160818,26.8574398866596,5633.98024356912,2010.9505426596,0.890231033476279,1.15726719163452,0.365725021874282,0.580182596857133,37.3397010846721,1.10931217784306,1.16880259623148,1.64512029266821,0.598127772610931,2.97092854723334,37.3397010846721,1.10931217784306
2020-07-31,90367,793,60825,86113,703.857142857143,56227.5714285714,1448.71428571429,29.7142857142858,1366.42857142857,NA,135249.244961892,220715.993879641,3886.42177762758,4515.45454545456,171027.368747625,57863.5404644404,310596.570212826,112889.843364548,75.1173947378642,26.8118380222769,5403.26360509341,1928.6002806272,0.877532727655007,1.13975733601675,0.359285245287858,0.561870532968777,37.2763011481131,1.0659287978073,1.18975204431508,1.6742461562141,0.608523739329112,2.85959767339234,37.2763011481131,1.0659287978073
2020-08-01,90367,793,60825,87348.2857142857,733.571428571429,57513.5714285714,1235.28571428571,29.7142857142857,1286,NA,134023.43375896,224035.351507878,3319.35762823682,4515.45454545454,167950.22525968,55403.7404904827,315211.448702903,114537.04339059,74.9930606335461,26.7674591420288,4614.87849007733,1647.20002604232,0.877532727655007,1.15497595580727,0.353961995132771,0.544107195318793,37.2146015173988,0.913319494640129,1.20764477811561,1.69912229238042,0.617402840312833,2.454252243088,37.2146015173988,0.913319494640129
2020-08-02,92662,793,62511,88711.1428571429,763.285714285714,58933.5714285714,1362.85714285714,29.7142857142858,1420,NA,133146.338205114,227703.4247852,3668.07327732275,4515.45454545454,165357.898573164,54968.6339965226,320311.143994409,116357.290280089,74.8721039283095,26.724285765212,5099.69529150607,1820.24688949852,0.85579849344931,1.17089911377204,0.348260023206968,0.525223793940753,37.1545778892363,1.01685599296011,1.22741723594108,1.72661179502952,0.627214736677353,2.73688949345959,37.1545778892363,1.01685599296011
2020-08-03,93820,793,65132,90021.4285714286,793,60466.1428571429,1310.28571428571,29.7142857142857,1532.57142857143,NA,134909.752289538,231235.553155339,3532.12837013858,1739,168499.876374642,54952.7052177944,325221.836081602,118110.075787075,74.7544813135045,26.6823024335628,4910.69208719238,1752.78550698607,0.845235557450437,1.18543986845056,0.34294034337673,0.509969578842249,37.096208772115,0.984070785860748,1.24645689353584,1.75308249090907,0.636662987814602,2.65281675617492,37.096208772115,0.984070785860748
2020-08-04,94882,1058,67031,91262.8571428571,830.857142857143,61950.8571428571,1241.42857142858,37.8571428571429,1484.71428571429,NA,133751.081446855,234587.189671963,3351.63651662439,4472.4502164502,165532.441489579,54373.6236610602,329881.591672729,119773.293908106,74.6401542726432,26.6414953992955,4659.75559112726,1663.21812103165,1.11506924390295,1.20934623358098,0.451005019276399,0.660986821652737,37.0394750525899,0.920169575135774,1.26452362412189,1.7782005335262,0.645628433067828,2.48435451088165,37.0394750525899,0.920169575135774
2020-08-05,95942,1058,68871,92445.4285714286,868.714285714286,63530.2857142857,1182.57142857142,37.8571428571428,1579.42857142857,NA,132438.264520402,237784.680104817,3197.49043285396,4472.45021645023,162350.6984383,53718.0485589963,334327.039097641,121360.018483808,74.5290926150966,26.601853886394,4445.44742491154,1586.72457570197,1.10274957786996,1.26444883879057,0.444940355086638,0.645251875557784,36.9843617488449,0.884136376239013,1.28175944247967,1.80216336498538,0.654181545937102,2.39062772297991,36.9843617488449,0.884136376239013
2020-08-06,96922,1058,70680,93566,906.571428571429,65125,1120.57142857143,37.8571428571429,1594.71428571428,NA,130962.198897206,240818.921840929,3034.24173611158,4472.4502164502,158941.991924958,52981.4628254663,338545.523060489,122865.732428044,74.4212692497943,26.5633682251755,4218.48396284855,1505.71394423582,1.09159943046986,1.26196640854621,0.439334248285878,0.62584007102262,36.9308554171912,0.84608683615941,1.29811528169653,1.82490276791894,0.662297977428175,2.29106123302013,36.9308554171912,0.84608683615941
2020-08-07,97829,1058,71609,94632,944.428571428571,66665.5714285714,1066,37.8571428571429,1540.57142857143,NA,129342.429847201,243709.460150231,2890.53830930221,4472.45021645022,155333.495594547,52173.5656169783,342564.217206268,124300.134897322,74.3166595730082,26.5260296337701,4018.6941457793,1434.4024692778,1.08147890707255,1.28549650382285,0.434123484311119,0.609982864455859,36.8789438482597,0.813953897958617,1.31369649899852,1.84656521970313,0.670030010074276,2.207154685583,36.8789438482597,0.813953897958617
2020-08-08,98701,1058,72273,95822.5714285714,982.285714285714,68301,1190.57142857143,37.8571428571429,1635.42857142857,NA,128064.856999474,246942.194661811,3232.73451158043,4472.4502164502,152200.752126631,51535.480057741,347058.664214543,125904.349015851,74.2152443879135,26.4898312602077,4494.44700827473,1604.21411852862,1.071924296613,1.307047907982,0.428440348741913,0.594970547352975,36.8286175158067,0.920455250677088,1.33112229776496,1.87079217952679,0.678677398935816,2.49936120374377,36.8286175158067,0.920455250677088
2020-08-09,99442,1058,72523,96791.1428571429,1020.14285714286,69731.2857142857,968.57142857142,37.8571428571428,1430.28571428571,NA,126187.97786217,249575.622883815,2633.42822200397,4472.45021645025,148234.797533404,50599.9943848794,350719.900097507,127211.163020755,74.117007082611,26.4547671751617,3661.2358829634,1306.81400490424,1.06393676716076,1.35742133666368,0.423919607121457,0.582666969292734,36.7798681763333,0.75629217476863,1.34531758355106,1.89052778092073,0.685721676092831,2.05632386878376,36.7798681763333,0.75629217476863
2020-08-10,100164,1058,73702,97697.4285714286,1058,70955.5714285714,906.28571428571,37.8571428571429,1224.28571428572,NA,124144.916230962,252042.868611914,2467.24572809882,4472.4502164502,144037.800641502,49582.0422112829,354150.093681795,128435.510524924,74.0219350469937,26.4208328776756,3430.19358428888,1224.34750416933,1.05626772093766,1.3480111102617,0.419769861304454,0.568953297024982,36.7326895721924,0.718182358619918,1.35861707579554,1.90901796714407,0.692321424123923,1.95521456948433,36.7326895721924,0.718182358619918
2020-08-11,100855,1269,74677,98550.7142857143,1088.14285714286,72047.8571428571,853.285714285725,30.1428571428571,1092.28571428571,NA,120742.548023553,254368.716854722,2325.8482428077,5698.07359307361,137572.164921005,47897.5351094324,357383.703382543,129589.690855942,73.9300169440247,26.3880243211925,3233.60970074765,1154.18033101734,1.25824203063804,1.3563468914602,0.498882101420029,0.666788300047064,36.6870760774859,0.687310150072617,1.37115437611984,1.92644848354824,0.69854294157809,1.87349455251203,36.6870760774859,0.687310150072617
2020-08-12,101372,1269,76756,99326.4285714286,1118.28571428571,73174.2857142857,775.714285714275,30.1428571428571,1126.42857142857,NA,117131.281058496,256485.666339881,2116.9494851589,5698.07359307355,130816.098794612,46109.3639624328,360326.882677396,130640.20714181,73.8412432200518,26.3563380957037,2943.17929485324,1050.51628586832,1.25182496152784,1.36843577372212,0.494764490393935,0.64993592806249,36.6430229513039,0.642433486258581,1.38256562427367,1.94231345790414,0.704205666225855,1.75327547729566,36.6430229513039,0.642433486258581
2020-08-13,101848,1269,76756,100030.142857143,1148.42857142857,74042.2857142857,703.71428571429,30.1428571428571,868,NA,113325.753628551,258408.355360153,1922.68902027182,5698.07359307361,123789.953773059,44224.7928854893,362999.983077088,131594.323497734,73.75560447578,26.3257708462955,2673.1003996919,954.116355924358,1.24597439321342,1.38161806913762,0.491083192039727,0.635975440673563,36.6005255293344,0.600771950359689,1.39292972681215,1.95672259341485,0.709348754703596,1.64148210699721,36.6005255293344,0.600771950359689
2020-08-14,102287,1269,80716,100667,1178.57142857143,75343.2857142857,636.857142857145,30.1428571428573,1301,NA,109339.507831038,260150.326012856,1741.97065270352,5698.07359307358,116512.557334617,42250.5420171209,365421.832059892,132458.760062234,73.6730917005906,26.2963193567854,2421.84898280381,864.436564499483,1.24062686362881,1.39232046660456,0.487794891303457,0.62269839515007,36.5595793401427,0.561951705254437,1.40231968133589,1.96977737810745,0.714008431384547,1.53713573210657,36.5595793401427,0.561951705254437
2020-08-15,102696,1269,81558,101237.714285714,1208.71428571429,76669.7142857143,570.71428571429,30.1428571428571,1326.42857142858,NA,105174.028180946,261713.062812981,1562.73680012475,5698.07359307361,108985.973389556,40187.3480339389,367594.493536076,133234.25351192,73.5936952072767,26.2679801694947,2172.66147618409,775.493449685979,1.23568590792241,1.40235089766369,0.48488217835226,0.610099145403897,36.5201795765433,0.521947202849726,1.41074349000509,1.98148893732642,0.718188667265505,1.42925172348466,36.5201795765433,0.521947202849726
2020-08-16,103033,1269,82777,101750.714285714,1238.85714285714,78134.5714285714,513,30.1428571428571,1464.85714285714,NA,100851.972271855,263119.223354106,1406.16054112505,5698.07359307358,101241.702623536,38046.4545538098,369549.468191302,133932.047464658,73.5174040970931,26.2407493943071,1954.97465522576,697.793952738721,1.23164423048926,1.4131880165828,0.482290873248808,0.596398480504514,36.4823208301364,0.487745310321055,1.41832328677936,1.99202707301725,0.721950070176044,1.33698458207365,36.4823208301364,0.487745310321055
2020-08-17,103300,1269,84445,102198.714285714,1269,79669.2857142857,448,30.1428571428571,1534.71428571428,NA,96352.9717390157,264348.439271483,1229.21591737721,5698.07359307361,96352.9717390157,35817.7539671592,371258.43803791,134542.034310876,73.4442066707184,26.2146228553549,1708.96984660794,609.986846217274,1.22846079380445,1.42459417589079,0.480048228579383,0.585252273339803,36.4459972952437,0.444198504634998,1.42494927760539,2.00123913931537,0.725238155849111,1.21883180832969,36.4459972952437,0.444198504634998
2020-08-18,103571,1415,86286,102586.714285714,1289.85714285714,81327.7142857143,388,20.8571428571429,1658.42857142858,NA,92860.7639991593,265414.045384441,1065.60611295752,4536.95670995669,92860.7639991593,34089.4564636,372739.942377108,135070.831329336,73.3740899541882,26.1895959218088,1481.50433919794,528.797018460114,1.36621254984503,1.42735417005892,0.533129284077801,0.641095362020578,36.4112025336573,0.402669956880876,1.43069334276823,2.00922507085227,0.728088594200596,1.10594005947617,36.4112025336573,0.402669956880876
2020-08-19,103815,1415,86450,102935.714285714,1310.71428571429,82712.5714285714,349,20.8571428571429,1384.85714285714,NA,89262.3230787267,266373.418316822,959.372932381229,4536.95670995672,89262.3230787267,32308.4417426119,374073.751506906,135546.911130367,73.3070378629783,26.1656628525797,1333.80912979849,476.079801031301,1.3630014930405,1.45043465614028,0.531209160786837,0.631596750457593,36.3779285635832,0.37581582329665,1.43586476640408,2.01641486308712,0.730654864576285,1.03313056135303,36.3779285635832,0.37581582329665
2020-08-20,104071,1415,87920,103253.285714286,1331.57142857143,84307.4285714286,317.57142857142,20.8571428571429,1594.85714285713,NA,85578.2504158115,267247.159506721,873.741189898574,4536.95670995669,85578.2504158115,30484.9330742265,375288.507455122,135980.496984001,73.2430327027217,26.1428173319732,1214.75594821613,433.585853633849,1.35964870136734,1.4370199527006,0.529472418944238,0.621422361712308,36.3461666043581,0.355757713476344,1.44057459892964,2.02296290859724,0.732992074701748,0.978846572397584,36.3461666043581,0.355757713476344
2020-08-21,104313,1415,89712,103542.714285714,1352.42857142857,85592.5714285714,289.42857142858,20.8571428571427,1285.14285714287,NA,81817.411227583,268044.134171306,796.97466458549,4536.95670995675,81817.411227583,28623.3297391443,376396.535467966,136375.988170938,73.1820533524432,26.1210518212273,1108.02801284357,395.491186937201,1.35649439667156,1.44151414562841,0.5278981404964,0.611930120905514,36.3159061748966,0.338188010668152,1.44487062759431,2.02893564564391,0.735123938550381,0.931281792643708,36.3159061748966,0.338188010668152
2020-08-22,104543,1415,91089,103806.571428571,1373.28571428571,86954.1428571429,263.857142857145,20.8571428571429,1361.57142857142,NA,77986.7342344758,268771.271031013,727.136859706603,4536.95670995669,77986.7342344758,26727.0700497613,377407.468494482,136736.823003574,73.1240775535272,26.1003583755191,1010.93302651594,360.834832636348,1.35351003893135,1.44736168534149,0.526469958850895,0.603187242226942,36.2871362295699,0.322479685469579,1.44879020111558,2.03438499987431,0.737068990072217,0.888731198893597,36.2871362295699,0.322479685469579
2020-08-23,104718,1415,92598,104047.285714286,1394.14285714286,88357.1428571429,240.714285714275,20.8571428571429,1403,NA,74092.7795083768,269435.130157728,663.859126714873,4536.95670995672,74092.7795083768,24799.4093800967,378330.426954353,137066.256855929,73.069080179134,26.0807280262634,922.958459870773,329.433852354734,1.35124811398231,1.45311006352052,0.525172793604033,0.595076183787895,36.2598442994199,0.308645035339391,1.45236868104023,2.03936013418672,0.738844777102491,0.851246219285073,36.2598442994199,0.308645035339391
2020-08-24,104902,1415,93405,104276.142857143,1415,89637.1428571429,228.857142857145,20.8571428571429,1280,NA,70166.5741798602,270066.738682025,631.608524297248,4536.95670995669,70166.5741798602,22855.7446520896,379208.54763895,137379.686649941,73.0170351476699,26.0621514640923,878.120684596826,313.429794012191,1.34887800041944,1.45993685644126,0.523944565297252,0.587578413350205,36.2340174417009,0.308862761085341,1.45577331665263,2.04409357403079,0.740534295526691,0.852456242683997,36.2340174417009,0.308862761085341
2020-08-25,105075,1523,93990,104491,1430.42857142857,90737.7142857143,214.857142857145,15.4285714285713,1100.57142857143,NA,67605.1995872096,270660.108678119,593.369996094028,3139.31601731604,67605.1995872096,21587.4212774338,380033.505579106,137674.140933717,72.9679120649509,26.0446178403343,824.957940156106,294.454283775965,1.44944087556507,1.46217233277307,0.562698362694896,0.624924448587744,36.2096405735846,0.306192922711253,1.45897183051417,2.04854044432108,0.742121527969261,0.845659066342649,36.2096405735846,0.306192922711253
2020-08-26,105243,1523,94713,104695,1445.85714285714,91918.1428571429,204,15.4285714285716,1180.42857142857,NA,65014.1980445131,271223.851724167,563.743046048039,3139.31601731598,65014.1980445131,20304.3958072664,380817.273388578,137953.893121982,72.9216816017092,26.028116686421,783.767809472047,279.752188264451,1.44712712484441,1.46488601215504,0.561528785288723,0.61674352659162,36.1866991406978,0.301734327412978,1.46201064265331,2.05276528248164,0.743629509933046,0.833875278070616,36.1866991406978,0.301734327412978
2020-08-27,105408,1523,95253,104886,1461.28571428571,92965.7142857143,191,15.4285714285713,1047.57142857143,NA,62387.5857746196,271751.984043018,528.132318851131,3139.31601731604,62387.5857746196,19003.6988484149,381551.531866015,138215.973821562,72.8783158416112,26.0126380381064,734.258477437776,262.080699580256,1.44486187006679,1.46948544305798,0.560437490590284,0.610235880572759,36.1651792898221,0.293764122450528,1.46485749799432,2.05672324451797,0.745042235139861,0.812333820513383,36.1651792898221,0.293764122450528
2020-08-28,105558,1523,95888,105063.857142857,1476.71428571429,93848,177.857142857145,15.4285714285716,882.28571428571,NA,59724.9059777997,272244.048834943,492.064791924611,3139.31601731598,59724.9059777997,17685.1037183066,382235.645926116,138460.156349886,72.8377841274238,25.9981709528281,684.11406010011,244.182528323494,1.44280869285132,1.47429643955342,0.559424533435209,0.604262286168888,36.1450658075938,0.28506609899161,1.46750993419451,2.06041090705317,0.746358481675295,0.788722284754272,36.1450658075938,0.28506609899161
2020-08-29,105684,1523,96135,105226.857142857,1492.14285714286,94568.8571428571,163,15.4285714285713,720.857142857145,NA,57021.3556744493,272695.243120337,451.194285394158,3139.31601731601,57021.3556744493,16346.2269834538,382862.93802167,138684.057273465,72.8000570048807,25.9847049174017,627.29209555441,223.900923579029,1.4410885280648,1.47949319036523,0.558498924503762,0.598737147724747,36.12634407761,0.272899852424892,1.4699420611736,2.06379227529908,0.747565401830331,0.755454157704109,36.12634407761,0.272899852424892
2020-08-30,105795,1523,96297,105380.714285714,1507.57142857143,95097.2857142857,153.857142857145,15.4285714285716,528.428571428565,NA,54292.7019366007,273121.333971233,426.090850896027,3139.31601731601,54292.7019366007,14994.8929051659,383455.328996927,138895.500853608,72.7651048816168,25.9722293693512,592.390975257265,211.44358014391,1.439576539534,1.48716749060039,0.55762762207379,0.593795365539766,36.1089994149376,0.269804936004451,1.47223887008177,2.06698551182651,0.748705171664459,0.74724784399848,36.1089994149376,0.269804936004451
2020-08-31,105872,1523,96297,105519.285714286,1523,95510.4285714286,138.57142857142,15.4285714285713,413.142857142855,NA,51521.8859721538,273505.26259553,383.928624297667,3139.31601731604,51521.8859721538,13622.6362181901,383989.102138732,139086.021825064,72.7329004846181,25.9607345740518,533.773141804442,190.520971456019,1.43852954511108,1.49536564291886,0.556844861245784,0.589377227325851,36.0930182856,0.255211622362391,1.47430840685434,2.06986277357588,0.749732159837315,0.707145915754924,36.0930182856,0.255211622362391
2020-09-01,105944,1588,97371,105643.428571429,1532.28571428571,95993.4285714286,124.142857142855,9.28571428571422,483,NA,49534.4585260404,273849.354629937,344.092034406087,2322.23376623372,49534.4585260404,12639.4885489051,384467.490762687,139256.774263191,72.7034170083208,25.9502109637273,478.388623955194,170.752438126307,1.49890508193008,1.4980258628034,0.579880862653822,0.610416302119692,36.0783873875878,0.240933089840498,1.47616320765138,2.07244148947826,0.750652587300508,0.667856053623618,36.0783873875878,0.240933089840498
2020-09-02,106032,1588,97371,105756.142857143,1541.57142857143,96373.1428571429,112.71428571429,9.28571428571445,379.71428571429,NA,47515.4691734589,274161.884757874,312.530127937964,2322.23376623381,47515.4691734589,11610.1501161525,387891.139460096,139411.864401867,72.6766296532868,25.9406496866525,3423.64869740879,155.090138675994,1.49766108344651,1.50110172603746,0.579219828971645,0.606771394187067,36.065094414413,0.227528934648707,1.47784787649702,2.09089639600841,0.751488588381804,0.630934782044031,36.065094414413,0.227528934648707
2020-09-03,106121,1588,98585,105858,1550.85714285714,96849.1428571429,101.857142857145,9.28571428571422,476,NA,45466.4692819238,274444.404346859,282.519588984374,2322.23376623375,45466.4692819238,10596.4476995153,391632.423401397,139552.062092641,72.6525111038991,25.9320409929968,3741.28394130111,140.197690774192,1.49640504706891,1.50520429654299,0.57862356632092,0.603528689297957,36.0531258109575,0.214348301772011,1.47937077591471,2.11106349010651,0.752244312904866,0.594584445652878,36.0531258109575,0.214348301772011
2020-09-04,106225,1588,98585,105953.285714286,1560.14285714286,97234.4285714286,95.2857142857101,9.28571428571422,385.28571428571,NA,43399.3204580664,274708.775003521,264.370656662097,2322.23376623378,43399.3204580664,9573.73904578581,395456.162864866,139683.253546323,72.6310377783815,25.9243764656581,3823.73946346907,131.191453681909,1.49493998587903,1.5103028626746,0.578066718101614,0.60072229076758,36.0424698749863,0.20955521656796,1.4807958449534,2.13167505415144,0.752951490021808,0.581462912861816,36.0424698749863,0.20955521656796
2020-09-05,106301,1588,99018,106041.428571429,1569.42857142857,97646.2857142857,88.1428571428551,9.28571428571422,411.857142857145,NA,41312.4172230344,274953.391249008,244.61624548753,2322.23376623375,41312.4172230344,8541.22745117276,399268.741901152,139804.642059121,72.6121896635266,25.9176489612728,3812.57903628616,121.388512798323,1.4938711771291,1.51531661510323,0.577552432718259,0.598310461565759,36.0331166751335,0.203078650921679,1.48211442940677,2.15222645879957,0.753605825164086,0.563640727333243,36.0331166751335,0.203078650921679
2020-09-06,106361,1588,99654,106122.285714286,1578.71428571429,98125.8571428571,80.8571428571449,9.28571428571445,479.571428571435,NA,39205.3447095741,275177.838216068,224.446967059164,2322.23376623378,39205.3447095741,7498.7070417005,403078.437002983,139916.02175706,72.59594374312,25.9118502646063,3809.69510183146,111.379697939148,1.49302845967977,1.52069959612222,0.577081355931401,0.596155581151588,36.025054789819,0.195702250987746,1.48332429296584,2.17276231782795,0.754206208584376,0.543291780404513,36.025054789819,0.195702250987746
2020-09-07,106425,1588,99893,106201.285714286,1588,98639.5714285714,79,9.28571428571422,513.71428571429,NA,37093.1583374308,275397.171324444,219.333108376188,2322.23376623375,37093.1583374308,6453.64892791942,406992.789301363,140024.863750691,72.5822794723407,25.9069730425447,3914.35229837924,108.841993630282,1.49213060840968,1.5258813694497,0.576621754088094,0.594206502673816,36.0182740238683,0.201482613530825,1.48450659067563,2.19386232316651,0.754792912711036,0.559446958063923,36.0182740238683,0.201482613530825
2020-09-08,106498,1634,99893,106280.428571429,1594.57142857143,98999.8571428571,79.1428571428551,6.57142857142867,360.28571428571,NA,35908.7095662912,275616.934674516,219.763350072491,1397.64069264071,35908.7095662912,5867.24470421748,409374.018205926,140133.919247719,72.5711764187469,25.9030100020858,2381.22890456347,109.055497028457,1.53430111363594,1.52864113636021,0.59285181512146,0.609601103583829,36.0127642378744,0.213339431611265,1.48569120756912,2.20669814855183,0.755380767710815,0.592463300302815,36.0127642378744,0.213339431611265
2020-09-09,106584,1634,100248,106359.285714286,1601.14285714286,99410.8571428571,78.8571428571449,6.57142857142844,411,NA,34723.4932537118,275835.930483149,218.995808632753,1397.64069264071,34723.4932537118,5675.32623855828,411746.92076508,140352.915056352,72.5626174771293,25.899955037825,2372.90255915356,218.995808632753,1.53306312392104,1.53156390876755,0.592381129295925,0.607951881810857,36.0085169435379,0.219580060019997,1.48687168709141,2.21948909143318,0.756561247233107,0.6098682221606,36.0085169435379,0.219580060019997
2020-09-10,106661,1634,100409,106436.428571429,1607.71428571429,99671.4285714286,77.1428571428551,6.57142857142867,260.57142857142,NA,33533.5339729102,276050.18332356,214.252840410452,1397.64069264068,33533.5339729102,5663.55797154075,414092.188291191,140567.167896762,72.5565855541108,25.8978020485806,2345.26752611093,214.252840410452,1.53195638518296,1.53527978543735,0.591921360213256,0.606453953886212,36.0055236584309,0.222137715729105,1.48802660002001,2.2321310698626,0.757716160161699,0.617025593724069,36.0055236584309,0.222137715729105
2020-09-11,106729,1634,100409,106508.428571429,1614.28571428571,99932,72,6.57142857142844,260.571428571435,NA,32329.3008663475,276250.162338209,199.979014649522,1397.64069264068,32329.3008663475,5628.14171213374,416371.202411713,140767.146911412,72.5530673032001,25.8965462705565,2279.01412052201,199.979014649522,1.53098033336769,1.53885122713172,0.591492865079123,0.605035632293788,36.0037777594828,0.214684836699033,1.48910457102391,2.24441591456848,0.7587941311656,0.596355322439541,36.0037777594828,0.214684836699033
2020-09-12,106803,1634,100615,106580.142857143,1620.85714285714,100160.142857143,71.7142857142899,6.57142857142867,228.142857142855,NA,31124.2769825041,276449.350575578,199.188237368653,1397.64069264068,31124.2769825041,5626.1796331662,418743.943447772,140966.33514878,72.5520509766454,25.8961835105985,2372.74103605887,199.188237368653,1.52991957154762,1.54257163250739,0.591066680604585,0.60370920856432,36.0032734169819,0.22179697459209,1.49017827940565,2.2572059867724,0.759867839547341,0.616122935018349,36.0032734169819,0.22179697459209
2020-09-13,106855,1634,100627,106650.714285714,1627.42857142857,100299.142857143,70.5714285714348,6.57142857142844,139,NA,29916.0747928792,276645.360507165,196.009931587265,1397.64069264071,29916.0747928792,5618.29361130268,421100.087667284,141162.345080368,72.553528313854,25.8967108202327,2356.14421951288,196.009931587265,1.52917505030181,1.54635326950825,0.59064789556002,0.602454389469319,36.0040065316869,0.226711627674214,1.49123485538237,2.26990659515421,0.760924415524065,0.629765413337788,36.0040065316869,0.226711627674214
2020-09-14,106920,1634,100627,106721.428571429,1634,100404,70.7142857142753,6.57142857142867,104.857142857145,NA,28708.2586602224,276841.75649572,196.395988555276,1397.64069264071,28708.2586602224,5619.2514970128,423481.009423335,141358.741068923,72.5574901240279,25.8981249189648,2380.92175605008,196.395988555276,1.52824541713431,1.55016697024894,0.590228880456211,0.601283558519058,36.0059725427507,0.236343921220859,1.49229351236854,2.28274076487985,0.76198307251023,0.656489830016146,36.0059725427507,0.236343921220859
2020-09-15,106984,1671,101267,106790.857142857,1639.28571428571,100600.285714286,69.4285714285797,5.28571428571422,196.28571428571,NA,27906.6814136608,277034.564530544,192.808034823742,989.099567099591,27906.6814136608,5610.34905542323,425139.763865648,141551.549103747,72.5639318076243,25.9004241650685,1658.75444231374,192.808034823742,1.56191580049353,1.55297155524519,0.603173832417495,0.613787521582557,36.0091691676933,0.241808079904872,1.49333282877493,2.29168214902728,0.76302238891662,0.671611737603901,36.0091691676933,0.241808079904872
2020-09-16,107056,1671,101455,106858.285714286,1644.57142857143,100772.714285714,67.4285714285652,5.28571428571445,172.42857142858,NA,27099.5270062851,277221.795404554,187.230874009547,989.099567099533,27099.5270062851,5596.51098723771,426784.6904081,141738.779977756,72.5728534877453,25.9036086024831,1644.92654245155,187.230874009547,1.56086534150351,1.55612148345202,0.60276645909514,0.612771965099006,36.0135964676029,0.241586933962582,1.49434208193867,2.30054899497818,0.764031642080363,0.670917731973298,36.0135964676029,0.241586933962582
2020-09-17,107134,1671,101610,106925.857142857,1649.85714285714,100944.285714286,67.5714285714348,5.28571428571422,171.57142857142,NA,26292.739802169,277409.393481823,187.598077269213,989.099567099591,26292.739802169,5597.42209306991,428470.938978748,141926.378055026,72.5842549395024,25.9076781509386,1686.24857064796,187.598077269213,1.55972893759217,1.55948498781336,0.602358838331656,0.611815992439464,36.0192543308809,0.249308566215373,1.49535331448244,2.30963858404187,0.765042874624129,0.692255909948922,36.0192543308809,0.249308566215373
2020-09-18,107199,1671,101822,106993,1655.14285714286,101146.142857143,67.1428571428551,5.28571428571422,201.857142857145,NA,25484.7271076333,277595.766068672,186.372586849495,989.099567099533,25484.7271076333,5594.38140255463,430146.11599787,142112.750641875,72.5981393456484,25.9126339464627,1675.17701912229,186.372586849495,1.55878319760446,1.56334333642782,0.601954425913911,0.610957165555946,36.0261443369383,0.255327625621278,1.49635794111738,2.31866849278595,0.766047501259068,0.708836691237937,36.0261443369383,0.255327625621278
2020-09-19,107262,1671,101877,107058.571428571,1660.42857142857,101326.428571429,65.5714285714348,5.28571428571422,180.28571428571,NA,24672.3114635867,277777.735706011,181.969637338771,989.099567099591,24672.3114635867,5583.45679098694,431799.205027005,142294.720279214,72.614511722282,25.9184777794639,1653.08902913507,181.969637338771,1.5578676511719,1.56727004023689,0.601560091111305,0.610189497162806,36.034268974967,0.257256516541106,1.49733883400249,2.32757933797336,0.76702839414418,0.714034082335794,36.034268974967,0.257256516541106
2020-09-20,107307,1671,101941,107123.142857143,1665.71428571429,101514.142857143,64.5714285714203,5.28571428571445,187.71428571429,NA,23857.0741315011,277956.883655311,179.147949299542,989.099567099533,23857.0741315011,5576.45561013749,433463.286137091,142473.868228513,72.6333807503858,25.9252127484671,1664.08111008618,179.147949299542,1.55721434761945,1.57095432106749,0.601172375378974,0.609493913231498,36.043632552823,0.261673671738183,1.49830451680221,2.33654943510058,0.767994076943906,0.726109305015634,36.043632552823,0.261673671738183
2020-09-21,107374,1671,102064,107188,1671,101719.428571429,64.8571428571449,5.28571428571422,205.28571428571,NA,23042.5765491766,278136.771354371,179.887699060899,989.099567099591,23042.5765491766,5578.29107947042,435152.124451042,142653.755927574,72.6547564837689,25.9328424420031,1688.83831395116,179.887699060899,1.55624266582227,1.57461765343334,0.600783561218159,0.608866485719305,36.0542400596146,0.271811414777757,1.49927418716431,2.34565298396998,0.768963747305998,0.754022467589073,36.0542400596146,0.271811414777757
2020-09-22,107450,1699,102064,107254.571428571,1675,101833.285714286,66.5714285714348,4,113.857142857145,NA,22427.5781953748,278321.35308715,184.581732778228,795.58008658007,22427.5781953748,5589.9379300471,436538.780494784,142838.337660352,72.6786519621268,25.9413715143629,1386.6560437415,184.581732778228,1.58120055839926,1.57684160979054,0.610445436957903,0.618473144870681,36.0660979661682,0.28885594843993,1.50026916034253,2.35312764329939,0.769958720484226,0.801046412428316,36.0660979661682,0.28885594843993
2020-09-23,107529,1699,102323,107322.142857143,1679,101957.285714286,67.5714285714203,4,124,NA,21815.2844254852,278508.63940384,187.286316690559,795.580086580128,21815.2844254852,5596.64855178457,437911.606951389,143025.623977043,72.7050801536253,25.950804594306,1372.8264566047,187.286316690559,1.5800388732342,1.579477145088,0.610034935949126,0.617922911327658,36.0792127078141,0.301233402797546,1.50127871236565,2.36052775533716,0.77096827250734,0.835071513558173,36.0792127078141,0.301233402797546
2020-09-24,107590,1699,102360,107387.285714286,1683,102064.428571429,65.1428571428551,4,107.142857142855,NA,21196.1875014603,278689.122566395,180.483162555145,795.58008658007,21196.1875014603,5579.76854528306,439218.340716695,143206.107139598,72.7340575233086,25.9611475587415,1306.73376530642,180.483162555145,1.57914304303374,1.5823469128722,0.60963986837887,0.617418906629377,36.0935924551757,0.298556240890952,1.50225159252644,2.36757159996899,0.77194115266813,0.827324361374357,36.0935924551757,0.298556240890952
2020-09-25,107659,1699,102530,107453,1687,102165.571428571,65.7142857142899,4,101.14285714287,NA,20578.5948307502,278871.109982265,181.987415870011,795.58008658007,20578.5948307502,5583.50090313208,440582.823119305,143388.094555468,72.7656040343128,25.972407533161,1364.48240261036,181.987415870011,1.57813095050112,1.58515386422363,0.609242025862072,0.616927178964528,36.1092471147718,0.309970200900105,1.50323258124531,2.37492673404606,0.772922141387004,0.858585610537147,36.1092471147718,0.309970200900105
2020-09-26,107723,1699,102666,107518.857142857,1691,102278.285714286,65.8571428571449,4,112.714285714275,NA,19961.3122660933,279053.407504189,182.297521923145,795.58008658007,19961.3122660933,5584.27033920365,441939.004451152,143570.392077391,72.7997395752366,25.9845916164515,1356.1813318464,182.297521923145,1.5771933570361,1.58782324550696,0.608844025663617,0.61643527165934,36.1261865561324,0.319965105882081,1.50421524156625,2.38223712186012,0.77390480170794,0.885859911342153,36.1261865561324,0.319965105882081
2020-09-27,107775,1699,102736,107585.714285714,1695,102391.857142857,66.8571428571449,4,113.571428571435,NA,19346.7044092196,279238.379733895,184.972229706473,795.580086580128,19346.7044092196,5590.90683219998,443311.623224945,143755.364307098,72.8364862882796,25.9977077118832,1372.61877379293,184.972229706473,1.57643238227789,1.59029497860842,0.608440717074455,0.615945862101454,36.1444217671162,0.33486639762974,1.50521231968717,2.38963611440017,0.774901879828862,0.926653655033845,36.1444217671162,0.33486639762974
2020-09-28,107833,1699,102805,107651.285714286,1699,102497.714285714,65.5714285714203,4,105.857142857145,NA,18728.441359968,279419.696771223,181.317037328437,795.58008658007,18728.441359968,5581.83755787861,444640.239930611,143936.681344426,72.8758673664937,26.0117640978096,1328.61670566583,181.317037328437,1.57558446857641,1.59289712265964,0.608045896417627,0.615467803550993,36.163964257057,0.338857998037178,1.50618969478373,2.39679791728491,0.775879254925423,0.937198571359942,36.163964257057,0.338857998037178
2020-09-29,107908,1725,102874,107716.714285714,1702.71428571429,102613.428571429,65.4285714285797,3.71428571428578,115.714285714275,NA,18303.4841686011,279600.514471631,180.817700407992,602.060606060608,18303.4841686011,5580.59860160979,445662.124119731,144117.499044834,72.9179082307746,26.026769847774,1021.88418912078,180.817700407992,1.59858397894503,1.59536235298212,0.616951654491687,0.624434022191852,36.1848266408355,0.349279377147042,1.50716437824426,2.40230630288801,0.776853938385952,0.96547116192215,36.1848266408355,0.349279377147042
2020-09-30,107979,1725,102937,107781,1706.42857142857,102701.142857143,64.2857142857101,3.71428571428555,87.7142857142899,NA,17875.2596822961,279778.064877101,177.550405469898,602.060606060608,17875.2596822961,5572.49177958284,446664.766950511,144295.049450304,72.9626351472495,26.0427343370104,1002.64283078007,177.550405469898,1.59753285361042,1.59773468107504,0.616560129814946,0.623984102841438,36.2070219527704,0.35114437287495,1.50812144961079,2.40771096947637,0.777811009752479,0.970036108067763,36.2070219527704,0.35114437287495
2020-10-01,108044,1725,103028,107845.857142857,1710.14285714286,102796.571428571,64.8571428571449,3.71428571428578,95.4285714285797,NA,17448.4970271455,279957.077113726,179.012236624258,602.060606060579,17448.4970271455,5576.11887943951,447700.284127363,144474.061686928,73.0100758258926,26.0596674561087,1035.51717685151,179.012236624258,1.59657176705787,1.60043316376665,0.616165884350643,0.623541995006753,36.230563943676,0.362750659383247,1.50908640086211,2.41329284261763,0.778775961003802,1.00145250925531,36.230563943676,0.362750659383247
2020-10-02,108106,1725,103110,107909.714285714,1713.85714285714,102879.428571429,63.8571428571449,3.71428571428578,82.8571428571304,NA,17018.8532136021,280133.208191957,176.131078231498,602.060606060608,17018.8532136021,5568.97014057043,448705.611172135,144650.19276516,73.0602568688455,26.0775787002371,1005.32704477163,176.131078231498,1.59565611529425,1.6029341029341,0.615778475937765,0.623099644300468,36.2554658146151,0.365891119524114,1.51003582145783,2.41871197824844,0.779725381599518,1.00943409599968,36.2554658146151,0.365891119524114
2020-10-03,108177,1725,103205,107974.571428571,1717.57142857143,102956.428571429,64.8571428571449,3.71428571428578,77,NA,16591.8380511755,280311.967921305,178.759729348239,602.060606060608,16591.8380511755,5575.49235762696,449749.239455033,144828.952494508,73.1132062984687,26.0964780714864,1043.62828289845,178.759729348239,1.59460883551957,1.60544700943265,0.615385783486874,0.62266598499113,36.2817414714205,0.381000416856701,1.51099941158872,2.42433757366297,0.780688971730414,1.05036295398193,36.2817414714205,0.381000416856701
2020-10-04,108236,1725,103277,108040.428571429,1721.28571428571,103033.714285714,65.8571428571304,3.71428571428555,77.2857142857247,NA,16167.4407997396,280493.345561644,181.37764033908,602.060606060608,16167.4407997396,5581.98792625079,450792.793078341,145010.330134847,73.1689534410089,26.1163760373465,1043.55362330837,181.37764033908,1.59373960604605,1.60783675299443,0.614987851688943,0.622245447001266,36.3094054669668,0.396829299293674,1.511977113361,2.42996276663091,0.781666673502693,1.0931738833253,36.3094054669668,0.396829299293674
2020-10-05,108296,1725,103367,108106.571428571,1725,103114,66.1428571428696,3.71428571428578,80.2857142857101,NA,15743.6847280588,280675.364381738,182.018820094003,602.060606060608,15743.6847280588,5583.57882338695,451822.605527177,145192.348954941,73.2275259883052,26.1372824819342,1029.81244883558,182.018820094003,1.59285661520278,1.61013310433663,0.614589030212811,0.621824653573972,36.3384715430688,0.409010368018449,1.51295827136185,2.43551388888864,0.782647831503544,1.12583569872688,36.3384715430688,0.409010368018449
2020-10-06,108362,1746,103465,108171.428571429,1728,103198.428571429,64.8571428571304,3,84.4285714285652,NA,15359.9595179483,280853.695448684,178.331066945917,559.056277056341,15359.9595179483,5574.4287591851,452748.636913489,145370.680021887,73.2889517991692,26.1592073489643,926.031386311981,178.331066945917,1.61126594193536,1.61195533540425,0.621675992979418,0.628972129051878,36.3689535243998,0.4118520567943,1.51391955082209,2.44050558756711,0.783609110963787,1.13271492681819,36.3689535243998,0.4118520567943
2020-10-07,108454,1746,103604,108239.285714286,1731,103293.714285714,67.8571428571449,3,95.2857142857247,NA,14984.3195339644,281040.111741757,186.416293072281,559.056277056166,14984.3195339644,5594.48984656626,453756.507732158,145557.096314959,73.3532579093887,26.1821602883875,1007.8708186695,186.416293072281,1.60989912774079,1.61380544834144,0.621263630013203,0.628560095200681,36.4008648272154,0.441664626089434,1.51492441305196,2.44593843520918,0.784613973193651,1.21365093999402,36.4008648272154,0.441664626089434
2020-10-08,108561,1746,103758,108313.142857143,1734,103398,73.8571428571449,3,104.28571428571,NA,14624.9769284379,281242.825413286,202.713671529782,559.056277056341,14624.9769284379,5634.92695100975,454821.465025675,145759.809986489,73.4204714512595,26.2061509846015,1064.95729351643,202.713671529782,1.60831237737309,1.61592440381336,0.620815836789526,0.628154977505498,36.4342189156626,0.49276498206955,1.51601712500669,2.45167900296233,0.785706685148384,1.35283868626999,36.4342189156626,0.49276498206955
2020-10-09,108663,1746,103910,108392.714285714,1737,103512.285714286,79.5714285714348,3,114.28571428571,NA,14281.1097047256,281461.01446663,218.189053343958,559.056277056225,14281.1097047256,5673.32451490944,455880.708239762,145977.999039833,73.4906185214286,26.2311887523472,1059.24321408686,218.189053343958,1.60680268352613,1.61771006016354,0.6203345793053,0.627748712080733,36.469028739957,0.543930699348516,1.51719325577864,2.4573887694239,0.786882815920333,1.49189331656104,36.469028739957,0.543930699348516
2020-10-10,108757,1746,103980,108475.571428571,1740,103623,82.8571428571449,3,110.71428571429,NA,13946.0262947358,281687.987333697,226.972867066506,559.056277056341,13946.0262947358,5695.11893993543,456893.435264409,146204.9719069,73.5637255358664,26.2572830203425,1012.72702464747,226.972867066506,1.60541390439236,1.61935784085621,0.619834738615116,0.627332391364626,36.5053074087758,0.580025192839851,1.51841673500119,2.46284779405881,0.788106295142884,1.58932234090605,36.5053074087758,0.580025192839851
2020-10-11,108831,1746,104041,108560.571428571,1743,103732.142857143,85,3,109.142857142855,NA,13616.5722691191,281920.589585136,232.60225143953,559.056277056225,13616.5722691191,5709.08658537216,457884.234389468,146437.574158339,73.6398197901472,26.2844435312644,990.799125058926,232.60225143953,1.60432229787469,1.62095806712608,0.619323335897299,0.626910534530415,36.5430684672911,0.609318711125262,1.51967055897334,2.46818861809165,0.789360119115031,1.66787475173004,36.5430684672911,0.609318711125262
2020-10-12,108901,1746,104203,108647,1746,103851.571428571,86.4285714285652,3,119.42857142858,NA,13290.7737172859,282156.847310359,236.257725223084,559.056277056283,13290.7737172859,5718.15655791774,458861.311947675,146673.831883562,73.7189298264164,26.3126804727317,977.077558206627,236.257725223084,1.60329106252468,1.62282740031601,0.618804759354105,0.626504538075048,36.5823260792743,0.634545467695979,1.52094408748674,2.47345547710761,0.790633647628432,1.73507488194287,36.5823260792743,0.634545467695979
2020-10-13,108984,1768,104346,108735.857142857,1749.14285714286,103977.428571429,88.8571428571449,3.14285714285711,125.85714285713,NA,13078.7113798881,282399.47328465,242.62597429048,451.54545454547,13078.7113798881,5733.95747665662,459674.954223185,146915.339569218,73.8010868721756,26.3420049908539,813.642275510705,241.507685656194,1.62225647801512,1.6247065801678,0.626063490641822,0.633984639037165,36.6230957410796,0.668362898604496,1.52225194354122,2.47784135120588,0.7919354756368,1.82552182026034,36.6230957410796,0.668362898604496
2020-10-14,109094,1768,104525,108827.285714286,1752.28571428571,104109,91.4285714285652,3.14285714285711,131.571428571435,NA,12873.382374371,282648.832590821,249.359306171304,451.54545454547,12873.382374371,5750.6642399698,460491.134358443,147157.753099449,73.8863237435612,26.3724287987761,816.180135257659,242.413530230464,1.62062074907878,1.626658851207,0.62551116301954,0.633570475204988,36.6653937374063,0.698852141791383,1.5235960950867,2.48224090543565,0.793242186528438,1.90660454939589,36.6653937374063,0.698852141791383
2020-10-15,109202,1768,104801,108918.857142857,1755.42857142857,104258,91.5714285714348,3.14285714285711,149,NA,12668.1447053127,282898.283233451,249.450642629992,451.54545454547,12668.1447053127,5750.89086426585,461261.14290685,147383.686490662,73.9746753445045,26.4039643548449,770.008548406593,225.933391213359,1.61901796670391,1.62879013818471,0.624959607316183,0.633150787397078,36.7092373890022,0.711105007612202,1.52494073897412,2.48639157539166,0.794460062538918,1.93772417672151,36.7092373890022,0.711105007612202
2020-10-16,109302,1768,104921,109010.142857143,1758.57142857143,104402.428571429,91.2857142857101,3.14285714285734,144.428571428565,NA,12461.8214939396,283146.648333766,248.365100315248,451.54545454547,12461.8214939396,5748.19741340962,462022.970425754,147606.699806723,74.0661812875784,26.4366257980743,761.827518903941,223.013316061028,1.61753673308814,1.63082862256585,0.624411417335911,0.63273993223447,36.7546463532344,0.72036775928027,1.52627953133185,2.49049814615756,0.795662198116087,1.96054833673545,36.7546463532344,0.72036775928027
2020-10-17,109406,1768,105001,109102.857142857,1761.71428571429,104548.285714286,92.7142857142899,3.14285714285711,145.857142857145,NA,12259.0629349798,283398.578086495,251.929752728436,451.545454545412,12259.0629349798,5757.04203969805,462817.123602252,147841.251199929,74.1608846553144,26.4704285060191,794.153176498599,234.551393205737,1.61599912253441,1.63260767108489,0.623856341107116,0.63233073921235,36.8016420094042,0.743751033276503,1.52763753866546,2.49477896581467,0.7969265287822,2.02161259372038,36.8016420094042,0.743751033276503
2020-10-18,109508,1768,105001,109199.571428571,1764.85714285714,104685.428571429,96.7142857142899,3.14285714285711,137.142857142855,NA,12066.8268205189,283661.030283722,262.452197227452,451.54545454547,12066.8268205189,5783.15036063554,463659.643614494,148093.066287784,74.258833209552,26.5053895264312,842.520012241555,251.815087854775,1.61449391825255,1.6344447928367,0.623279129400192,0.631929454790043,36.8502480588754,0.788667210581508,1.52905226640085,2.49932050306043,0.798283918023905,2.14088302360024,36.8502480588754,0.788667210581508
2020-10-19,109623,1768,105145,109302.714285714,1768,104820,103.142857142855,3.14285714285711,134.571428571435,NA,11891.6547323132,283940.546507205,279.516223482671,451.54545454547,11891.6547323132,5825.48967390024,464547.637191681,148361.112367966,74.3600790890724,26.5415274693351,887.993577187648,268.046080182015,1.61280023352764,1.636370367628,0.622665562121518,0.631525381757645,36.9004903750284,0.854485256368096,1.53055897641521,2.5041071619483,0.799728799141316,2.31640204703503,36.9004903750284,0.854485256368096
2020-10-20,109766,1796,105301,109414.428571429,1772,104956.428571429,111.714285714275,4,136.428571428565,NA,11716.9265620978,284242.865956037,302.31944883219,473.047619047633,11716.9265620978,5882.06910521869,465512.870922602,148654.853990477,74.4646806518051,26.5788631645712,965.233730920532,293.741622510686,1.6362079332398,1.63913196307328,0.631854028757851,0.641123561034334,36.9523979174371,0.939124491264941,1.53218860540567,2.50931017775344,0.801312190039907,2.54228242946455,36.9523979174371,0.939124491264941
2020-10-21,109907,1796,105385,109530.571428571,1776,105079.285714286,116.14285714287,4,122.857142857145,NA,11553.7276357778,284556.714648765,313.848692727624,473.047619047575,11553.7276357778,5910.67549984637,466399.733986157,148920.622576296,74.5727033340293,26.6174199684731,886.863063554512,265.768585819955,1.63410883747168,1.6417537923958,0.631157132319596,0.640714705589812,37.0060031582401,0.990909054611469,1.53388038187014,2.51409074269731,0.802744794504749,2.67859230032959,37.0060031582401,0.990909054611469
2020-10-22,110086,1796,105493,109656.857142857,1780,105178.142857143,126.28571428571,4,98.8571428571449,NA,11417.4278076472,284897.462439682,340.747790916939,473.047619047633,11417.4278076472,5977.41762317324,467393.440026456,149224.526890816,74.6842254795116,26.6572258444756,993.706040299789,303.904314519139,1.63145177406755,1.64455449203592,0.63040224529211,0.640300395149763,37.0613449747952,1.09266111972468,1.53571715578812,2.519447236226,0.804382966587885,2.94924548733313,37.0613449747952,1.09266111972468
2020-10-23,110250,1796,105566,109792.285714286,1784,105270.285714286,135.428571428565,4,92.1428571428551,NA,11305.2351612347,285262.317412317,364.854972635221,473.047619047633,11305.2351612347,6037.23243495551,468367.738162108,149521.50389379,74.7993343596095,26.6983119425609,974.29813565209,296.97700297457,1.62902494331066,1.64733692841841,0.629595950945062,0.639885158412875,37.1184666746935,1.18575285182074,1.5376838775555,2.52469911298531,0.805983797548039,3.19559693113057,37.1184666746935,1.18575285182074
2020-10-24,110402,1796,105618,109934.571428571,1788,105358.428571429,142.285714285725,4,88.1428571428551,NA,11210.9083604869,285645.038230617,382.7208182998,473.047619047633,11210.9083604869,6081.56122495042,469298.64987977,149802.994874977,74.9181280498475,26.7407132690692,930.911717661889,281.490981187148,1.62678212351226,1.65002491648364,0.628752388322597,0.639478856466802,37.177416926992,1.25815161394605,1.53974690374572,2.52971711870251,0.807501152337046,3.38534150631503,37.177416926992,1.25815161394605
2020-10-25,110542,1796,105675,110082.285714286,1792,105454.714285714,147.714285714275,4,96.2857142857247,NA,11130.5342359372,286041.711725115,396.673494497896,473.047619047575,11133.7842522557,6116.18064709593,470202.359343831,150074.776488315,75.0407251292265,26.7844721486973,903.709464060492,271.781613337778,1.62472182518862,1.65231342320246,0.627880454626125,0.63905468471003,37.2382545754056,1.31714138500639,1.54188514072941,2.53458849283101,0.808966169549401,3.538281482132,37.2382545754056,1.31714138500639
2020-10-26,110684,1796,105766,110233.857142857,1796,105543.428571429,151.571428571435,4,88.7142857142753,NA,11059.8329301946,286448.05803842,406.346313304966,473.047619047633,11201.0244963791,6140.18087421119,471076.317536672,150335.938906623,75.1672610131935,26.8296369156168,873.958192841324,261.162418307533,1.6226374182357,1.65436943285342,0.626989762925575,0.638594068083613,37.3010468185772,1.36129328000337,1.54407551827503,2.5392994950937,0.810373944833911,3.6507350383326,37.3010468185772,1.36129328000337
2020-10-27,110832,1825,105883,110386.142857143,1800.14285714286,105626.571428571,152.28571428571,4.14285714285711,83.1428571428696,NA,10861.1824139474,286855.610985376,407.552946956304,602.060606060608,11209.4123658207,6143.17477725592,472110.489288898,150639.827546509,75.2978944627008,26.8762642367679,1034.17175222549,303.888639886834,1.64663635051249,1.65662907994704,0.636208576757817,0.648402409640419,37.3658724401372,1.37645122626478,1.54627240008357,2.54487411583032,0.812012032424186,3.68498285216985,37.3658724401372,1.37645122626478
2020-10-28,111100,1825,106059,110556.571428571,1804.28571428571,105722.857142857,170.42857142858,4.14285714285711,96.2857142857101,NA,10710.2707757537,287310.902810386,455.291825009801,602.060606060608,11541.2674205387,6261.62462505783,473468.1282264,151059.172131153,75.4328048679608,26.9244181423443,1357.63893750194,419.344584643986,1.64266426642664,1.65900651386643,0.635200398644262,0.647879953019809,37.4328204607926,1.56860529767785,1.54872661452469,2.55219236075196,0.814272476119647,4.1919176721048,37.4328204607926,1.56860529767785
2020-10-29,111492,1825,106187,110757.428571429,1808.42857142857,105822,200.85714285713,4.14285714285711,99.1428571428551,NA,10639.6578896297,287846.493387465,535.590577079391,602.060606060608,12099.4612417676,6460.86213019298,475052.105930412,151559.304373131,75.5721988173701,26.9741723704547,1583.97770401277,500.132241977291,1.63688874538083,1.66168515535883,0.634018493163785,0.647345411232858,37.5019933980934,1.87471024231565,1.55161367301463,2.56073066682744,0.816968399268944,5.00071929359507,37.5019933980934,1.87471024231565
2020-10-30,111953,1825,106310,111000.714285714,1812.57142857143,105928.285714286,243.285714285725,4.14285714285734,106.28571428571,NA,10680.9471035728,288493.986064612,647.492677146627,602.060606060608,12877.3445740746,6738.5139574272,476855.773145503,152137.850937207,75.716312023502,27.0256110545726,1803.66721509083,578.5465640763,1.63014836583209,1.66442128958543,0.632595509145646,0.646803371031639,37.5735082221889,2.28579149702946,1.55510393089207,2.57045319177318,0.820087008596897,6.0856531653873,37.5735082221889,2.28579149702946
2020-10-31,112418,1825,106400,111288.714285714,1816.71428571429,106040,288,4.14285714285711,111.71428571429,NA,10839.7345529964,289258.976977239,764.990912627021,602.060606060608,13694.129235854,7030.0509326795,478698.341690066,152730.282649301,75.8654288285129,27.0788356856491,1842.56854456326,592.431712094403,1.62340550445658,1.66695504451505,0.630922510710395,0.646247664265456,37.6475060352019,2.6954589815449,1.55922755368071,2.58038541124741,0.823280464713021,7.16220111577116,37.6475060352019,2.6954589815449
2020-11-01,112860,1825,106514,111619.857142857,1820.85714285714,106159.857142857,331.142857142855,4.14285714285711,119.857142857145,NA,11111.3319013717,290136.777788818,877.800811578752,602.060606060608,14478.3230987141,7309.95519323653,480508.31943571,153311.081646701,76.019869371372,27.1339605316806,1809.97774564411,580.798997399135,1.61704766967925,1.66907175725259,0.629013672071717,0.6456775297006,37.7241457030869,3.0538739995534,1.56395926927468,2.59014195260715,0.826411215603999,8.09799176619232,37.7241457030869,3.0538739995534
