"date","positive","death","recovered","positive7","death7","recovered7","dif_pos7","dif_dea7","dif_rec7","testPosRate7","Einfected","Epositive","dif_Epositive","dif_Erecovered","Einfected_U","Einfected_L","Epositive_U","Epositive_L","confirmRate_k_U","confirmRate_k_L","dif_Epositive_U","dif_Epositive_L","CFR","CFRadj","ECFR_k","EIFRadj_k","confirmRate_k","NCC7PerEinfected_k","cumIncidence","cumIncidence_U","cumIncidence_L","difEposPerEinfected_k","ascertainmentRate","docuTransmissionRate"
2020-03-13,9,0,0,9,0,0,NA,NA,NA,NA,2229.43722943723,2229.43722943723,NA,NA,3772.89377289377,1106.33727175081,3772.89377289377,1106.33727175081,NA,NA,NA,NA,NA,NA,NA,NA,NA,NA,0.0306295358019446,0.0518345990494447,0.0151996192701379,NA,NA,NA
2020-03-14,12,0,0,10.5,0,0,1.5,0,0,NA,2727.27272727273,2727.27272727273,497.835497835498,0,4615.38461538462,1353.38345864662,4615.38461538462,1353.38345864662,2.32255627008494,0.681148078564685,842.490842490843,247.046186895811,NA,NA,NA,NA,1.15254672049328,0.0672815533980582,0.0374691408839323,0.0634093153420392,0.0185937090100716,22.3300970873786,1.15254672049328,0.0672815533980582
2020-03-15,12,0,0,11,0,0,0.5,0,0,NA,2763.58908595747,2763.58908595747,36.3163586847404,0,4676.83424934755,1371.40511032476,4676.83424934755,1371.40511032476,2.77444048375676,0.813674496908477,61.4496339629331,18.021651678142,NA,NA,NA,NA,1.37679001449584,0.0183333333333333,0.0379680798959139,0.0642535525058544,0.0188413028054911,1.33159981844048,1.37679001449584,0.0183333333333333
2020-03-16,18,0,0,12.75,0,0,1.75,0,0,NA,2872.79479519856,2872.79479519856,109.205709241093,0,4861.61739123086,1425.5974171662,4861.61739123086,1425.5974171662,3.22924064686919,0.947056090812169,184.783141883313,54.1923068414444,NA,NA,NA,NA,1.60248032100276,0.0633250685400847,0.0394684227343715,0.0667922298837949,0.0195858338381091,3.95158997392181,1.60248032100276,0.0633250685400847
2020-03-17,20,0,0,14.2,0,0,1.45,0,0,NA,2952.04658134494,2952.04658134494,79.2517861463748,0,4995.71655276518,1464.92537119373,4995.71655276518,1464.92537119373,3.68694491197076,1.08128938571244,134.099161534322,39.3279540275241,NA,NA,NA,NA,1.8296117608276,0.0504777377673222,0.0405572380591928,0.068634576021642,0.020126148209825,2.75869986533087,1.8296117608276,0.0504777377673222
2020-03-18,28,0,0,16.5,0,0,2.3,0,0,NA,3063.79618391256,3063.79618391256,111.749602567626,0,5184.80412712514,1520.38006118969,5184.80412712514,1520.38006118969,4.14753017313301,1.21636760521427,189.08757435996,55.4546899959646,NA,NA,NA,NA,2.05817286787052,0.077921095590765,0.0420925306467137,0.0712323906414433,0.0208880227269406,3.78549590896743,2.05817286787052,0.077921095590765
2020-03-19,44,0,0,20.4285714285714,0,0,3.92857142857143,0,0,NA,3235.48832725982,3235.48832725982,171.692143347262,0,5475.3183676796,1605.58067367781,5475.3183676796,1605.58067367781,4.61096618186805,1.35228187818731,290.514240554459,85.200612488115,NA,NA,NA,NA,2.28814863160369,0.128244906235978,0.0444513549195528,0.0752236742777553,0.022058567102936,5.60390225200965,2.28814863160369,0.128244906235978
2020-03-20,65,0,0,28.4285714285714,0,0,8,0,0,32.3699421965318,3553.00954692414,3553.00954692414,317.521219664317,0,6012.58486218735,1763.14759471424,6012.58486218735,1763.14759471424,5.0772077967751,1.48901896577969,537.266494507745,157.566921036428,NA,NA,NA,NA,2.51951665103125,0.247304690117304,0.0488136789344075,0.0826050094018952,0.0242233293960218,9.81370314301923,2.51951665103125,0.247304690117304
2020-03-21,104,1,0,41.5714285714286,0.142857142857143,0,13.1428571428571,0.142857142857143,0,43.6018957345972,4030.39771424738,4030.54057139024,477.5310244661,0,6820.45546570337,1999.97502038914,6820.59832284623,2000.117877532,5.54620477579644,1.62656413324353,808.013460658881,236.970282817764,NA,NA,NA,NA,2.75225199400425,0.369995942903362,0.0553743272528694,0.0937060518061937,0.0274789894638299,13.4401841075688,2.75225199400425,0.369995942903362
2020-03-22,152,2,0,61.5714285714286,0.428571428571429,0,20,0.285714285714286,0,46.5116279069767,4699.83074981761,4700.25932124619,669.718749855945,0,7953.37730655873,2332.03094137029,7953.8058779873,2332.45951279886,6.01790383077962,1.76490175248701,1133.20755514107,332.34163526686,NA,NA,NA,NA,2.98632821677786,0.496369802161109,0.064575382189556,0.109274833435443,0.0320449265000804,16.6166913872669,2.98632821677786,0.496369802161109
2020-03-23,265,2,0,96.8571428571429,0.714285714285714,0,35.2857142857143,0.285714285714286,0,57.3085846867749,5794.79117886706,5795.50546458134,1095.24614333516,0,9806.31909207572,2875.25083204788,9807.03337779001,2875.96511776217,6.49224478339946,1.90401417470175,1853.2274998027,543.505604963312,NA,NA,NA,NA,3.22171545642379,0.751025634773435,0.0796226239401991,0.134735742271475,0.039511978797392,23.3039486236321,3.22171545642379,0.751025634773435
2020-03-24,357,5,0,145,1.42857142857143,0,48.1428571428571,0.714285714285714,0,66.3385826771653,7186.13954022381,7187.56811165238,1392.06264707104,0,12161.0650786472,3565.33455164705,12162.4936500758,3566.76312307562,6.96916562765877,2.04388321506855,2355.46027228579,690.798005313447,NA,NA,NA,NA,3.45838294304871,0.831078681699318,0.0987477341357327,0.167096668960695,0.0490026349846493,24.0226542096587,3.45838294304871,0.831078681699318
2020-03-25,450,6,0,205.285714285714,2.28571428571429,0,60.2857142857143,0.857142857142857,0,70.6867671691793,8816.25622661628,8818.541940902,1630.97382924962,0,14919.9214213997,4373.83284285362,14922.2071356854,4376.11855713934,7.44860808347499,2.18449178148645,2759.71348560957,809.355434063718,NA,NA,NA,NA,3.6963017557094,0.839207182810019,0.121155169803992,0.205011503204278,0.0601221143388228,22.696105748022,3.6963017557094,0.839207182810019
2020-03-26,577,8,0,281.428571428571,3.42857142857143,0,76.1428571428572,1.14285714285714,0,75.6028368794326,10749.9110960561,10753.3396674846,1934.79772658264,0,18192.5817867361,5332.81517333824,18196.0103581647,5336.24374476681,7.93051345012731,2.32582265849174,3273.80322247933,960.125187627477,NA,NA,NA,NA,3.93544276472483,0.863957365539205,0.147736746290378,0.249989254399707,0.0733129718433456,21.9457973639819,3.93544276472483,0.863957365539205
2020-03-27,736,13,0,377.285714285714,5.28571428571429,0,95.8571428571428,1.85714285714286,0,8.47757422615287,13043.6063766542,13048.8920909399,2295.55242345528,0,22074.948207937,6470.10434587996,22080.2339222227,6475.39006016567,8.41482271077527,2.46785853791066,3884.22356405799,1139.14631539886,1.76630434782609,NA,0.0996253161525195,NA,4.17577668354262,0.891990840136977,0.179274617916041,0.303353378380045,0.0889633442290128,21.3541526338527,4.17577668354262,0.891990840136977
2020-03-28,873,15,0,487.142857142857,7.28571428571429,0,109.857142857143,2,0,9.63176352705411,15507.092436762,15535.8803155498,2486.98822460992,21.5021645021645,26244.6063824227,7691.65059697532,26288.3792761956,7709.53459267887,8.90148114446786,2.61058337144715,4208.14535397293,1234.14453251319,1.71821305841924,NA,0.0965506923028142,NA,4.4172763574051,0.842485916421517,0.213442565709724,0.361167761793673,0.105918867194299,19.0667224446546,4.4172763574051,0.842485916421517
2020-03-29,919,17,0,596.714285714286,9.42857142857143,0,109.571428571428,2.14285714285714,0,5.70769459741033,17813.3062722201,17887.2413371551,2351.36102160529,43.004329004329,30148.1444975479,8835.15198471071,30267.034607438,8876.37540039277,9.39043508309442,2.75398141957708,3978.65533124239,1166.8408077139,1.84983677910773,NA,0.0950398089876936,NA,4.65991515401678,0.70678904489026,0.245747174085146,0.415829254076481,0.121949725485862,15.1631328128993,4.65991515401678,0.70678904489026
2020-03-30,1157,20,0,724.142857142857,12,0,127.428571428571,2.57142857142857,0,5.51127587272166,20366.3683334072,20485.879155918,2598.63781876285,43.004329004329,34469.6624176119,10100.9335875769,34664.0983150478,10165.9249946661,9.88163402124768,2.89803787031869,4397.06370760981,1289.5495942733,1.7286084701815,NA,0.0976282240453536,NA,4.90366801054396,0.715544984368454,0.281449040482244,0.476239127239702,0.139666441141565,14.5881835693548,4.90366801054396,0.715544984368454
2020-03-31,1289,24,0,857.285714285714,14.7142857142857,0,133.142857142857,2.71428571428571,0,4.98369071172665,22842.1897625507,23071.9256932867,2586.04653736867,107.510822510823,38660.2706774245,11328.529183994,39039.8567580105,11449.2262838866,10.3750271476565,3.04273782198793,4375.75844296273,1283.30128922054,1.86190845616757,163.492063492063,0.104022526420425,1.07650485436893,5.14850971237089,0.653898458764179,0.316977919230637,0.536356294083292,0.157297313302421,12.6976321700259,5.14850971237089,0.653898458764179
2020-04-01,1413,29,0,994.857142857143,18,0,137.571428571429,3.28571428571429,0,4.74735025881193,25260.1478564098,25622.1824884444,2550.25679515776,129.012987012987,42753.2617644396,12527.1947472195,43355.0566362344,12714.7672499047,10.8705630450099,3.18806619516433,4315.1998782239,1265.54096601814,2.05237084217976,150,0.113183176386629,1.06333333333333,5.39441474414024,0.602405352001491,0.352015093984893,0.595641465882441,0.174684181977466,11.1646773871866,5.39441474414024,0.602405352001491
2020-04-02,1598,32,0,1140.71428571429,21.4285714285714,0,145.857142857143,3.42857142857143,0,4.68671103970622,27670.1987050048,28207.6792244854,2585.49673604095,172.017316017316,46832.7639005759,13722.0083799272,47729.8847796968,13997.7957053837,11.3681923603708,3.33400851585701,4374.82814346231,1283.02845547897,2.00250312891114,178.571428571429,0.113444284959901,1.15791454534976,5.64135861492083,0.577541272007667,0.387536419186037,0.655745851634248,0.192311305761492,10.2354774435134,5.64135861492083,0.577541272007667
2020-04-03,1769,41,0,1288.28571428571,25.4285714285714,0,147.571428571428,4,0,6.26744327144763,29892.4184586893,30713.4271166979,2505.74789221256,279.528138528139,50594.318495339,14823.6845627438,51969.7727077932,15241.2495466321,11.8678654306361,3.48055021911113,4239.88792809648,1243.45384124834,2.31769361221029,141.269841269841,0.133492103776689,1.42718164445735,5.88931667986455,0.533426459113349,0.421962100143444,0.713996336274556,0.209394726386972,9.05576399695073,5.88931667986455,0.533426459113349
2020-04-04,2019,52,0,1452,30.7142857142857,0,163.714285714286,5.28571428571429,0,6.08538657604079,32253.2129737217,33380.5376490464,2667.11053234849,301.030303030303,54591.1362475954,15993.551443458,56482.6966871559,16564.7780814817,12.3695320050569,3.62767656762985,4512.92397936261,1323.52853484963,2.57553244180287,153.571428571429,0.155779396205997,1.76148981959184,6.13826400250946,0.547777590497456,0.458604691582959,0.775997977214334,0.227578268003574,8.92236449865836,6.13826400250946,0.547777590497456
2020-04-05,2269,64,0,1644.85714285714,37.4285714285714,0,192.857142857143,6.71428571428572,0,9.97193086127938,34942.9370651906,36399.508493762,3018.97084471562,322.532467532468,59145.4087151422,17325.9988443803,61590.9911327246,18062.9139893857,12.8731406703258,3.77537248316685,5108.29444556874,1498.13590790399,2.82062582635522,133.673469387755,0.175826549995773,2.08891179955287,6.38817506948498,0.598047379271744,0.500081381014841,0.846179225442129,0.248160685315636,9.36021737485601,6.38817506948498,0.598047379271744
2020-04-06,2456,65,0,1830.42857142857,43.8571428571429,0,185.571428571428,6.42857142857142,0,8.23454833597464,37344.6308755458,39194.6698365848,2795.16134282274,387.038961038961,63211.8051675569,18515.8737534932,66320.5853873372,19449.9865354481,13.3786389975221,3.92362258962168,4729.59425461257,1387.07254606242,2.64657980456026,99.6753246753247,0.165838876232421,2.00897031376557,6.63902386343202,0.531151321440944,0.538483222202275,0.911157631040431,0.26721723808534,7.99921694506677,6.63902386343202,0.531151321440944
2020-04-07,2575,73,0,2014.14285714286,50.8571428571429,0,183.714285714286,7,0,9.1830905455584,39595.1764474844,41860.7565340645,2666.08669747976,408.541125541125,67022.7403416709,19630.526872973,70831.7769717075,20773.0070018666,13.8859745844755,4.07241151873906,4511.19158437036,1323.02046641853,2.83495145631068,78.2417582417582,0.174387674863438,2.05459622429657,6.89078438026602,0.49201238152692,0.575111747497045,0.973135471151132,0.285393799509812,7.13914325827647,6.89078438026602,0.49201238152692
2020-04-08,2726,80,0,2201.71428571429,58.1428571428571,0,187.571428571429,7.28571428571429,0,9.72160521249813,41719.1303508583,44486.5459352739,2625.7894012094,494.549783549784,70619.255445034,20682.5039979555,75274.7829175615,22076.030313745,14.3950938453311,4.22172355511843,4443.00594585398,1303.02331187834,2.93470286133529,55.9065934065934,0.179829650331578,1.98484542167518,7.14343002851016,0.473784620100998,0.611186640932378,1.03417653025336,0.303295626327345,6.6315890893731,7.14343002851016,0.473784620100998
2020-04-09,3018,89,0,2404.57142857143,66.2857142857143,0,202.857142857143,8.14285714285715,0,9.81408528578341,43937.3848654745,47228.9952550849,2742.44931981096,516.051948051948,74375.8223735698,21780.9170868413,79915.1850109324,23436.9450138015,14.9059410445571,4.37154235291238,4640.40209337093,1360.91470005657,2.94897282968854,43.609022556391,0.188443559976893,1.89351254722693,7.39693314993057,0.486303399276867,0.648864288240426,1.09792955284472,0.321992804690738,6.57360135924918,7.39693314993057,0.486303399276867
2020-04-10,3112,97,0,2596.42857142857,74.2857142857143,0,191.857142857143,8,0,10.2825204808207,45834.8460204716,49736.5170161426,2507.52176105773,602.060606060606,77589.0707771444,22720.4993141331,84158.074440148,24681.2791207926,15.4184588993608,4.52185111250031,4242.88942921559,1244.33410699105,3.11696658097686,28.0323450134771,0.19502772976346,1.67371078489712,7.65126531847978,0.436708580741272,0.683314339823112,1.1562212741634,0.339088319009965,5.70703461012791,7.65126531847978,0.436708580741272
2020-04-11,3393,108,0,2792.71428571429,82.2857142857143,0,196.285714285714,8,0,10.2767389678385,47513.8848410355,52219.1359232866,2482.61890714399,795.580086580088,80431.7973215948,23552.3392014591,88358.8266256241,25913.2554205783,15.9325885018934,4.67263255767301,4200.75218547606,1231.97629978574,3.18302387267904,23.0492196878752,0.206820733607425,1.50259445646034,7.90639730169145,0.428289332907451,0.717422258940506,1.21393408516397,0.356014053308822,5.41644430535484,7.90639730169145,0.428289332907451
2020-04-12,3539,115,0,2974.14285714286,89.5714285714286,0,181.428571428572,7.28571428571428,0,8.64004354037692,48718.7606085795,54441.899136718,2222.76321343143,1010.60173160173,82470.6736718242,24149.959614569,92119.8861260367,27016.280774612,16.4482684613827,4.8238686840415,3761.05950041261,1103.02535403365,3.24950551003108,19.9047619047619,0.211234365118683,1.3040704548516,8.16229863497189,0.381879379696954,0.747960102538923,1.2656060968717,0.371168171184729,4.67813402517602,8.16229863497189,0.381879379696954
2020-04-13,3702,122,0,3152.14285714286,97.7142857142857,0,178,8.14285714285714,0,11.5231665587718,49857.3013918151,56556.1801796939,2114.28104297583,967.597402597402,84398.1083708332,24714.0861901381,95697.3867591116,28065.4728711263,16.9654346988851,4.97554069884283,3577.50063307489,1049.19209651432,3.29551593733117,16.9348848724932,0.215714709890898,1.13453125979919,8.41893751974748,0.365394680311077,0.777007543770336,1.31475625112381,0.38558269089355,4.33976771281719,8.41893751974748,0.365394680311077
2020-04-14,3806,131,249,3328,106,35.5714285714286,175.857142857143,8.28571428571429,35.5714285714286,11.4821378602742,50822.282366941,58583.0529297116,2026.87275001768,1053.60606060606,86031.5509947519,25192.3012390191,99126.9868921878,29071.2894237666,17.4840175771122,5.12762817918965,3429.60013307624,1005.81655264035,3.4419337887546,14.4021739130435,0.223614157079138,1.00391664738308,8.67627939916844,0.352750173895464,0.804854109999215,1.36187444699647,0.399401287668783,4.06534788974844,8.67627939916844,0.352750173895464
2020-04-15,3962,142,385,3504.57142857143,114.857142857143,90.5714285714286,176.571428571428,8.85714285714286,55,11.5019542155221,51693.1493699661,60559.3874652042,1976.33453549263,1096.61038961039,87505.9338948114,25623.6691825181,102471.073088951,30052.0268624322,18.0039449510247,5.28010996673348,3344.08619676274,980.737438665517,3.58404846037355,13.1566028473245,0.234480575091004,0.914013220466641,8.93428847193706,0.347456161038567,0.832006347618738,1.40781779383579,0.412875330397269,3.8887166090325,8.93428847193706,0.347456161038567
2020-04-16,4234,150,460,3678.28571428571,123.571428571429,156.285714285714,173.714285714286,8.71428571428571,65.7142857142857,11.8982387475538,52348.4631117296,62449.0388693053,1889.65140410113,1225.62337662338,88614.8630954885,25948.574605391,105668.485806111,30989.7486118357,18.5251420077199,5.43296412070776,3197.41271716065,937.721749403569,3.54274917335853,13.4462925540183,0.240195850434021,0.838586549891414,9.19292761285347,0.336073427709206,0.857967673002059,1.45174603994236,0.425758394121323,3.65551611215822,9.19292761285347,0.336073427709206
2020-04-17,4507,169,539,3877.57142857143,133.857142857143,233.285714285714,199.285714285714,10.2857142857143,77,12.1346555323591,53242.4185762318,64557.4012602145,2108.36239090916,1204.12121212121,90128.781219882,26391.0401527595,109235.971696072,32036.0036328884,19.0475276367331,5.58616685342742,3567.48588996124,1046.25502105266,3.74972265364988,11.5693295468576,0.261782532600412,0.824958493183238,9.45215657161193,0.380716729658307,0.886933799737158,1.50075860479357,0.440132562275582,4.0275535623829,9.45215657161193,0.380716729658307
2020-04-18,4719,177,539,4067,143.714285714286,310.285714285714,189.428571428572,9.85714285714286,77,12.6105563480742,53978.9125842894,66507.8736232505,1950.47236303602,1204.12121212121,91375.9677495809,26755.5828291533,112536.297419911,33003.9072115378,19.5710167424826,5.73969320847144,3300.3257238381,967.903578649446,3.75079465988557,11.1492851601463,0.266133903186649,0.767166132350637,9.7119331203297,0.355807622009601,0.913730725116123,1.54610074028033,0.453430284644091,3.66338046841985,9.7119331203297,0.355807622009601
2020-04-19,4929,184,994,4265.57142857143,153.571428571429,452.285714285714,198.571428571428,9.85714285714286,142,12.7745611616579,54863.6926534395,68499.1212248681,1991.24760161764,1096.61038961039,92874.5845246167,27193.3512415565,115905.61749165,33992.0451191075,20.0955177460824,5.89351632802677,3369.32007173912,988.137907569668,3.73300872387908,10.868466282479,0.268616584723718,0.718127739832404,9.97221181384538,0.367890201738082,0.941087848653384,1.59239076737905,0.467006000083634,3.68893611650337,9.97221181384538,0.367890201738082
2020-04-20,5064,187,1155,4460.14285714286,162.857142857143,617.285714285714,194.571428571428,9.28571428571428,165,12.2119609073791,55530.2050377169,70400.5427000545,1901.42147518641,1225.62337662338,94002.8580202724,27523.5260230131,119122.94593236,34935.6076556662,20.6209361894619,6.04760850988695,3217.32844071063,943.56253655866,3.69273301737757,10.1913105667799,0.265622952363768,0.662940040234422,10.2329457782292,0.354664414471186,0.967210879335665,1.63659262933784,0.479969308542511,3.46571909987397,10.2329457782292,0.354664414471186
2020-04-21,5251,208,1155,4666.57142857143,173.857142857143,746.714285714286,206.428571428572,11,129.428571428571,13.0698263386397,56239.1736987062,72367.6369021694,1967.09420211487,1247.12554112554,95204.05256348,27873.977710851,122451.396885824,35911.7596657382,21.1471747533806,6.20194121273542,3328.45095346404,976.152010072037,3.96115025709389,9.8279899862715,0.287421296181311,0.677228233793932,10.4940867197227,0.37175970207607,0.994236166925701,1.68232116849473,0.493380353512002,3.5423859875518,10.4940867197227,0.37175970207607
2020-04-22,5459,229,1265,4880.42857142857,186.285714285714,872.428571428571,213.857142857143,12.4285714285714,125.714285714286,13.2583473563015,56881.9470393824,74355.9730134084,1988.33611123901,1333.1341991342,96293.8125050584,28191.1487993498,125815.790527036,36898.4527735711,21.6741295909975,6.35648398087253,3364.39364121214,986.693107832893,4.19490749221469,9.2266327036015,0.307977948131625,0.686028494830256,10.755583105307,0.380281133136546,1.0215532904138,1.72854351291631,0.506936219303087,3.53550022248061,10.755583105307,0.380281133136546
2020-04-23,5769,249,1282,5099.71428571429,200.428571428571,989.857142857143,219.285714285714,14.1428571428571,117.428571428571,13.5852730330118,57546.5336231712,76346.3344889721,1990.36147556368,1311.63203463203,97421.7723881893,28518.2089515629,129183.611216028,37886.1509494147,22.2016927487403,6.51120515419629,3367.82068899166,987.69817584363,4.31617264690588,8.83334382673298,0.326145324024649,0.684075171077303,11.0173813640365,0.385526339593648,1.04889823974434,1.77481294046778,0.520505893406966,3.49910925901613,11.0173813640365,0.385526339593648
2020-04-24,6045,266,1313,5319.42857142857,214.285714285714,1100.42857142857,219.714285714286,13.8571428571429,110.571428571428,13.3925461511669,57932.4416635056,78294.2555163194,1947.92102734733,1548.15584415584,98076.8470206573,28707.9130489147,132479.61991443,38852.7884517074,22.7297497969166,6.66607117331956,3296.00869840209,966.637502292666,4.40033085194375,8.72498836668218,0.339743954707578,0.678663708889601,11.2794247112519,0.381817255078085,1.07566011312597,1.82009576570198,0.533786221551235,3.38494937002252,11.2794247112519,0.381817255078085
2020-04-25,6280,266,1345,5542.42857142857,227,1215.57142857143,223,12.7142857142857,115.142857142857,13.6177265986216,58368.209959313,80226.3874484905,1932.13193217111,1483.64935064935,98815.8098757894,28922.7196575753,135748.912439892,39811.5907639126,23.2581833774586,6.82104762003533,3269.29252546176,958.802312205204,4.23566878980892,8.81553398058252,0.331561732317544,0.635440020735269,11.5416549091148,0.384944272481073,1.10220506510269,1.865011545852,0.546958904487049,3.33514672727535,11.5416549091148,0.384944272481073
2020-04-26,6526,275,1383,5770.57142857143,240,1271.14285714286,228.142857142857,13,55.5714285714284,13.5098553421876,58804.3174660864,82159.1443059132,1932.7568574227,1483.64935064935,99555.544430687,29137.550665233,139019.262379405,40770.7031894006,23.7868732674157,6.97609923593771,3270.34993951302,959.112425487969,4.21391357646338,8.80410858400587,0.334716241659064,0.6181644230148,11.8040122981161,0.390880294221827,1.12875860273058,1.90994185348057,0.560135847971566,3.3113176826392,11.8040122981161,0.390880294221827
2020-04-27,6716,275,1418,6006.57142857143,252.571428571429,1308.71428571429,236,12.5714285714286,37.5714285714287,13.7175122477788,59349.9441509096,84114.9831119485,1955.83880603532,1397.64069264069,100480.712428849,29406.657570054,142328.668472805,41741.2698149519,24.315692893925,7.13118890034914,3309.40609339974,970.566625551357,4.0946992257296,8.36883461137934,0.326933430675487,0.582269426894895,12.066434067662,0.40134194083943,1.15562925597943,1.95540874130434,0.573470157102576,3.32601225609546,12.066434067662,0.40134194083943
2020-04-28,6948,293,1450,6249,264.714285714286,1350.85714285714,242.428571428572,12.1428571428571,42.1428571428571,13.812469477454,59648.4856219048,86081.3341067533,1966.35099480476,1655.66666666667,100986.250149692,29554.2302441676,145655.861871304,42717.0530153814,24.8445117032022,7.28627832508667,3327.19339849934,975.78320042944,4.21704087507196,8.50624311421227,0.340375765594708,0.589104379594782,12.3288554316643,0.40848276184949,1.18264433287835,2.00112000330971,0.586876135112567,3.31314716961637,12.3288554316643,0.40848276184949
2020-04-29,7202,304,1475,6498,275.428571428571,1380.85714285714,249,10.7142857142857,30,14.2728463806093,59744.6533196859,88058.904401937,1977.57029518366,1870.68831168831,101147.328430891,29602.8161479,149002.039053601,43698.4036881792,25.373192978009,7.44132741437939,3346.17718229734,981.350672797889,4.22104970841433,8.11755294513915,0.345223463844632,0.582162064969049,12.5912085454782,0.417454108716546,1.209813548211,2.04709207754061,0.600358602871622,3.3153738515994,12.5912085454782,0.417454108716546
2020-04-30,7648,320,1499,6766.42857142857,285.571428571429,1411.85714285714,268.428571428572,10.1428571428571,31,14.3555657422263,59694.1779779556,90147.2862030639,2088.38180112692,2128.71428571429,101058.632240852,29579.7832715527,152535.716489936,44734.74352934,25.9015972142811,7.59629525514952,3533.67743633455,1036.33984116073,4.18410041841004,8.06926896217656,0.354974634820592,0.587782581199813,12.853424181523,0.449300742296029,1.23850516791715,2.09564015869742,0.614596549492719,3.49551246025692,12.853424181523,0.449300742296029
2020-05-01,7962,330,1528,7040.28571428571,294.714285714286,1442.57142857143,273.857142857143,9.14285714285717,30.7142857142858,13.5333568655136,59687.3779769198,92235.3390158808,2088.05281281692,2085.70995670996,101043.353740232,29578.7837006842,156068.837256716,45770.9201131439,26.4295822871996,7.75114016571701,3533.12076677961,1036.1765838039,4.14468726450641,7.96094775025083,0.35778043808478,0.58349060872128,13.115431811693,0.458773303913105,1.26719226775654,2.14418059194657,0.628832253172419,3.49791702230663,13.115431811693,0.458773303913105
2020-05-02,8364,348,1565,7338,306.428571428571,1474,297.714285714285,11.7142857142857,31.4285714285713,13.4547097940473,59987.5131519754,94460.8811173433,2225.54210146253,1913.69264069264,101550.042039327,29728.2267198847,159834.598815884,46875.3244642456,26.9570004335188,7.90581881079128,3765.76155916846,1104.40435110169,4.16068866571019,8.05119735755574,0.36840647248219,0.594028447813284,13.3771581098665,0.498794714334892,1.29776828962224,2.19591720375836,0.644005316654646,3.72866454667035,13.3771581098665,0.498794714334892
2020-05-03,8640,362,1597,7640,318.857142857143,1504.57142857143,302,12.4285714285714,30.5714285714287,12.9629629629629,60232.702771833,96675.1962783265,2214.31516098315,1956.69696969697,101964.04498239,29850.1876268387,163581.363663709,47974.1575516508,27.4837009789315,8.06028700133965,3746.76484782499,1098.83308740518,4.18981481481481,8.0478834643398,0.374449718165358,0.597760339316502,13.6385283053344,0.503441846603757,1.32819006808929,2.24739282573713,0.659101838299947,3.69129347864996,13.6385283053344,0.503441846603757
2020-05-04,8919,362,1632,7954.71428571429,331.285714285714,1535.14285714286,314.714285714285,12.4285714285714,30.5714285714284,11.7744521646179,60592.3022331656,98939.4147872782,2264.21850895172,1892.19047619048,102571.949164845,30028.7074454592,167412.568212464,49097.7547064689,28.009530316515,8.21449968826622,3831.20454875455,1123.59715481813,4.05875098105169,7.82441460287469,0.365880474205662,0.57967265238077,13.8994661721052,0.52249958849166,1.35929745293406,2.3000285381677,0.674538585666525,3.75911822773217,13.8994661721052,0.52249958849166
2020-05-05,9305,395,1671,8291.42857142857,345.857142857143,1566.71428571429,336.714285714285,14.5714285714286,31.5714285714287,11.3197579483239,61127.9903071365,101317.358272504,2377.94348522628,1827.68398268399,103479.60206339,30293.3142018229,171436.202795991,50277.7868119195,28.5343325964593,8.36841116469186,4023.63458352713,1180.03210545063,4.24502955400322,7.67377729880503,0.389864093117788,0.61185858211339,14.1598943711753,0.55570534852834,1.39196726940345,2.35530798622876,0.690750675042312,3.92449766321091,14.1598943711753,0.55570534852834
2020-05-06,9707,426,1693,8649.28571428571,363.285714285714,1597.85714285714,357.857142857143,17.4285714285714,31.1428571428571,10.927412318967,61979.6174702012,103799.07634466,2481.71807215556,1612.66233766233,104924.862944681,30712.5437929462,175635.430710248,51509.3160808088,29.0579486738396,8.52197475736217,4199.22791425764,1231.52926888923,4.38858555681467,7.69836224381679,0.410408276260076,0.64052566529668,14.4197339283715,0.585421541018804,1.42606281223271,2.41299985574722,0.707670267724501,4.05987185197193,14.4197339283715,0.585421541018804
2020-05-07,9945,450,1722,8977.42857142857,381.857142857143,1629.71428571429,328.142857142857,18.5714285714286,31.8571428571429,9.31921454073353,62669.8646717155,106034.5486544,2235.47230973946,1526.65367965367,106098.265888053,31050.826507339,179417.994825782,52618.6482044389,29.5802176961272,8.67514329222487,3782.56411553404,1109.33212363011,4.52488687782805,7.74715242152856,0.424389980162686,0.656942734378657,14.6789050221383,0.529434029605817,1.45677526210182,2.46496731258795,0.722911032321203,3.60678623228715,14.6789050221383,0.529434029605817
2020-05-08,10526,517,1747,9343.71428571429,408.571428571429,1661,366.285714285716,26.7142857142857,31.2857142857142,9.76910767355034,63719.1621673967,108486.698963933,2452.15030953399,1376.13852813854,107885.569457631,31562.6787554643,183567.192168254,53835.5047490196,30.1009774666501,8.82786920102384,4149.19734247122,1216.85654458078,4.91164734942048,8.06815617242158,0.476556116959441,0.734369338888064,14.9373271639016,0.584464151756376,1.49046458275454,2.52197182784073,0.739629041066161,3.91280613478124,14.9373271639016,0.584464151756376
2020-05-09,10960,532,2684,9714.57142857143,434.857142857143,1820.85714285714,370.857142857143,26.2857142857143,159.857142857143,9.33376478625101,64370.364462577,110927.364462577,2440.6654986435,1763.17748917748,108997.099323066,31878.4912800328,187696.956465923,55046.662064136,30.6200638206545,8.98010433831343,4129.76429766955,1211.15731511632,4.85401459854015,8.28141578474848,0.479593112643975,0.735135238309892,15.1949188884451,0.582012216315094,1.52399611720825,2.57870935861256,0.756268749892817,3.83034775666326,15.1949188884451,0.582012216315094
2020-05-10,11119,536,2775,10068.7142857143,459.714285714286,1989.14285714286,354.142857142857,24.8571428571429,168.285714285714,8.47289630186617,64766.7687340637,113219.314188609,2291.94972603214,1870.68831168831,109675.985131212,32068.942164487,191575.084032311,56184.0205747985,31.1373110433361,9.13180010405676,3878.12756638785,1137.35851066258,4.82057739005306,8.42121791013529,0.473417458709467,0.720856682089742,15.4515979613547,0.550157374822226,1.5554844925089,2.6319897316012,0.771894560192387,3.56056664455366,15.4515979613547,0.550157374822226
2020-05-11,11380,542,2852,10420.2857142857,485.428571428571,2163.42857142857,351.571428571428,25.7142857142857,174.285714285714,7.88504053058214,65108.6365924525,115457.584644401,2238.2704557914,1870.68831168831,110263.184990223,32231.8980727315,195362.382792421,57294.7412521085,31.6525509746409,9.28290718108583,3787.29876011002,1110.72067731,4.76274165202109,8.41443181536785,0.46943646159697,0.709922753499436,15.7072809347842,0.54281868153595,1.58623538522518,2.68402223623231,0.78715440169069,3.45589335324396,15.7072809347842,0.54281868153595
2020-05-12,11736,562,2909,10767.5714285714,509.285714285714,2340.28571428571,347.285714285716,23.8571428571428,176.857142857143,7.02966861372972,65067.2775156403,117633.303489666,2175.71884526579,2193.22077922078,110199.092918384,32206.6962537335,199043.840171132,58374.4212805863,32.1656143603354,9.43337593133701,3681.45737871059,1079.68002847776,4.78868438991138,8.42490842490842,0.477755859376482,0.717804896788192,15.9618838179108,0.533385072430686,1.61612690106878,2.73460061946538,0.801987785492777,3.34167471342504,15.9618838179108,0.533385072430686
2020-05-13,12176,594,2979,11120.2857142857,533.285714285714,2524,352.714285714284,24.0000000000001,183.714285714286,6.85585760697521,64595.2048100993,119808.494853389,2175.19136372303,2623.26406926407,109404.221866682,31969.1241914779,202724.405016865,59453.839551306,32.6763308795127,9.58315640391781,3680.56484573378,1079.4182707197,4.8784494086728,8.49181073703367,0.495791221421221,0.74040477066399,16.2153220905852,0.54206589270659,1.64601117000962,2.78516674046903,0.816817573087482,3.3429881297864,16.2153220905852,0.54206589270659
2020-05-14,12674,624,3074,11510.1428571429,558.142857142857,2717.14285714286,389.857142857143,24.8571428571428,193.142857142857,7.19976783452934,64142.4985337615,122175.92710519,2367.43225180074,2795.28138528139,108641.880285423,31741.3064689558,206730.253911797,60628.655555959,33.1845277314124,9.73219792065636,4005.84889493135,1174.816004653,4.92346536215875,8.55260277571035,0.510738911326413,0.759501581073659,16.4675100020543,0.603526015578103,1.67853657595412,2.84020183655714,0.832958000097531,3.66502785889549,16.4675100020543,0.603526015578103
2020-05-15,13169,651,3145,11887.7142857143,577.285714285714,2916.85714285714,377.571428571429,19.1428571428572,199.714285714285,6.46589685879245,62360.8745962693,124434.350786746,2258.42368155545,4020.90476190476,105621.034189191,30861.0065128641,210551.65323681,61749.3770821444,33.6900309086205,9.88044944949924,3821.39932501313,1120.72152618541,4.94342774698155,8.59567769931082,0.523167433979447,0.77394059407179,16.7183612027741,0.58863096955904,1.70956434749071,2.89270283810746,0.848355240108173,3.52094747348627,16.7183612027741,0.58863096955904
2020-05-16,13631,679,3357,12269.2857142857,598.285714285714,3013,381.571428571428,21,96.1428571428573,6.51813168041386,60632.2751527957,126683.14961167,2248.79882492458,3956.39826839827,102691.506606984,30005.8680135248,214356.766680244,62865.3223636859,34.1926647195766,10.0278594644746,3805.11344343435,1115.94528154152,4.98129264177243,8.61090550209721,0.53598288492304,0.788788890234835,16.9677885074591,0.611860514051215,1.74045988615398,2.94498009306096,0.863686860798214,3.60610533364635,16.9677885074591,0.611860514051215
2020-05-17,13937,680,3450,12671.8571428571,618.857142857143,3109.42857142857,402.571428571429,20.5714285714286,96.4285714285716,6.80939493524069,59208.7235827478,129021.54609357,2338.39648190021,3741.37662337662,100278.884436971,29301.6028949834,218313.485169572,64025.7296404184,34.6922530255946,10.1743763084799,3956.71848932796,1160.40727673245,4.87909880175074,8.59285119212917,0.527043753999695,0.772210379652467,17.2157045089417,0.663936860953732,1.77258637880234,2.99934020198302,0.879629330834244,3.85668602408101,17.2157045089417,0.663936860953732
2020-05-18,14170,686,3570,13070.4285714286,639.428571428571,3212,398.571428571428,20.5714285714286,102.571428571428,6.97343097802993,57600.267017261,131304.050567045,2282.50447347426,3870.38961038963,97552.7662872553,28506.0122040544,222175.63075612,65158.4010332703,35.1886196726389,10.3199483199109,3862.14558654759,1132.67139285187,4.84121383203952,8.36072922893007,0.522451513900346,0.760976873396644,17.4620217924374,0.67314265367529,1.80394498875344,3.05240100358511,0.895190746298699,3.85501381444968,17.4620217924374,0.67314265367529
2020-05-19,14566,704,3693,13474.7142857143,659.714285714286,3324,404.285714285716,20.2857142857142,112,7.30718582974001,56272.3617106653,133587.292446596,2283.24187955147,3590.86147186147,95302.5149240607,27848.8508166782,226039.02408157,66291.4383569575,35.6815884025837,10.4645238066361,3863.3933254501,1133.0373236872,4.8331731429356,8.28578605519073,0.526996233778326,0.763264934580863,17.7066528915077,0.701858344704042,1.83531372969434,3.10547894747893,0.910757189171628,3.96394322072717,17.7066528915077,0.701858344704042
2020-05-20,14897,747,3773,13863.4285714286,681.571428571429,3437.42857142857,388.714285714284,21.8571428571429,113.428571428572,7.22037946132416,54803.7391834911,135752.890698643,2165.59825204659,3612.36363636363,92815.1443060339,27121.1401748366,229703.356760246,67366.0961361685,36.1709832873165,10.6080511733091,3664.33267867644,1074.65777921106,5.01443243606095,8.14886930381909,0.550264525606503,0.790803548690219,17.9495105034804,0.690748453734612,1.86506620189578,3.15582205985267,0.925521573873095,3.84842254032524,17.9495105034804,0.690748453734612
2020-05-21,15315,763,3872,14240.7142857143,701.428571428571,3551.42857142857,377.285714285716,19.8571428571429,114,7.08251763254582,53116.5855940983,137826.970875484,2074.08017684091,3741.37662337662,89955.9960930085,26286.4248597996,233212.834920847,68395.3389306911,36.6566291543223,10.7504790461812,3509.47816060099,1029.24279452256,4.98204374795952,8.11838624338624,0.553592664159553,0.789240704309856,18.1905077006411,0.688404535339585,1.89356133609101,3.20403767478317,0.939662016406066,3.78455960805263,18.1905077006411,0.688404535339585
2020-05-22,15608,775,3949,14589.1428571429,719.142857142857,3666.28571428571,348.428571428571,17.7142857142857,114.857142857143,7.17310746426674,52108.1777373064,139717.567347696,1890.59647221249,2881.29004329005,88248.0115897037,25786.7315946676,236411.846754539,69333.5296612627,37.1383515179565,10.8917562529457,3199.01183369153,938.190730571616,4.96540235776525,8.06304358272068,0.554690447817033,0.783307645053557,18.4295578961288,0.655943001660388,1.91953564546741,3.24798789064802,0.952551523314654,3.55933358868337,18.4295578961288,0.655943001660388
2020-05-23,16039,799,4033,14933.1428571429,736.285714285714,3762.85714285714,344,17.1428571428572,96.5714285714284,7.15580517666638,50773.0829027402,141560.433552091,1842.86620439481,3160.81818181819,85985.502473244,25126.1464028636,239530.095879837,70248.0346950225,37.6159766541363,11.0318318446433,3118.24912529861,914.505033759837,4.98160733212794,7.9127964995778,0.564423250163321,0.788611165572437,18.666574881,0.660137279390675,1.94485420372974,3.29082853310326,0.965115619895959,3.53661610215056,18.666574881,0.660137279390675
2020-05-24,16339,800,4132,15276.2857142857,753.428571428571,3860.28571428571,343.142857142857,17.1428571428571,97.4285714285716,7.53450439146805,49475.0575512661,143375.862746071,1815.42919398041,3096.31168831167,83786.0296943705,24483.7406967615,242601.919804261,71148.9243702309,38.08933175569,11.1706551412217,3071.82392442317,900.889675208324,4.89626048105759,7.76170363066418,0.557973974613046,0.770719767624557,18.9014729013199,0.675806313723929,1.96979581354889,3.33303135434803,0.977492659355088,3.5755740841225,18.9014729013199,0.675806313723929
2020-05-25,16561,806,4204,15617.8571428571,770.571428571429,3950.85714285714,341.571428571429,17.1428571428571,90.5714285714284,7.6367817560446,48146.7417828126,145161.001523072,1785.13877700109,3096.31168831169,81535.3035656741,23826.3036559177,245622.490378861,72034.7827106976,38.5582449211327,11.3081757282443,3020.57057460022,885.858340466701,4.86685586619165,7.74833010127128,0.555245549109753,0.760129608913611,19.1341666525922,0.690359297123205,1.99432127287092,3.37453002196487,0.989663188041211,3.60815907116698,19.1341666525922,0.690359297123205
2020-05-26,16783,807,4297,15934.5714285714,785.285714285714,4037.14285714286,316.714285714286,14.7142857142858,86.2857142857147,7.60288065843622,46714.2548637577,146796.536249039,1635.53472596675,3053.30735930735,79106.8406114034,23118.2521450656,248389.921197484,72846.4014468916,39.0225448958311,11.4443433809797,2767.43081862311,811.618736194025,4.80843710897932,7.46043809885725,0.549740491581444,0.743869993010192,19.3645711513147,0.657778731391165,2.01679136926246,3.4125508822157,1.00081376219039,3.39697903825882,19.3645711513147,0.657778731391165
2020-05-27,17262,831,4361,16272.4285714286,797.285714285714,4121.14285714286,337.857142857141,12,83.9999999999995,7.67085076708503,45136.8355062554,148520.948060368,1724.41181132884,3289.83116883117,76430.1187604834,22340.4382426316,251307.737808102,73702.1246013856,39.4820615853168,11.5791082149444,2917.81661061852,855.723154494015,4.81404240528328,7.2745046923879,0.559517031673021,0.749138865802901,19.5926019897061,0.723205723458784,2.04048251993267,3.45263784548984,1.0125702730493,3.69140386881498,19.5926019897061,0.723205723458784
2020-05-28,17763,857,4452,16622.1428571429,810.714285714286,4204,349.714285714288,13.4285714285713,82.8571428571431,7.82433598619236,43899.2200066675,150285.561998009,1764.61393764152,2988.80086580088,74330.8134557318,21729.5216359617,254293.579023497,74577.7976832228,39.9366262327707,11.7124207379539,2985.8412153949,875.673081837158,4.82463547824129,7.29125178266288,0.5702477261331,0.756937989018681,19.818175423781,0.774746175127928,2.06472599495226,3.49365937738062,1.02460086967556,3.90947641288891,19.818175423781,0.774746175127928
2020-05-29,18465,885,4551,17030.2857142857,826.428571428571,4290,408.142857142855,15.7142857142858,86,8.45016267376512,43253.7555338944,152322.080209219,2036.51821120962,2666.2683982684,73236.6097925158,21410.2234765406,257739.499902406,75588.4007053268,40.3860713075172,11.8442318174214,3445.92087890854,1010.60302210404,4.79285134037368,7.26211398443384,0.581005720762495,0.766515255559628,20.041208318016,0.92967622754824,2.09270507713405,3.54100179883908,1.03848522624697,4.63907607219516,20.041208318016,0.92967622754824
2020-05-30,19255,903,4657,17489.7142857143,841.285714285714,4379.14285714286,459.428571428572,14.8571428571429,89.1428571428569,8.78496503496505,42926.1207055848,154589.562264026,2267.48205480727,2580.25974025976,72680.017791176,21248.7892223203,261576.226582385,76713.6173641033,40.8302319242339,11.9744930965764,3836.72667997883,1125.21665877652,4.68969098935341,7.16841951504528,0.584127406000251,0.767639752699222,20.2616188496198,1.06211115904145,2.12385729880728,3.59371337809101,1.05394422346827,5.24227787117915,20.2616188496198,1.06211115904145
2020-05-31,19936,906,4761,18003.5714285714,856.428571428571,4469,513.857142857141,15.1428571428571,89.8571428571431,8.65391555395163,42839.8684965321,157098.712652376,2509.15038834987,2580.25974025973,72532.0585677798,21206.9948930159,265821.871754593,77958.7596620815,41.2689492350831,12.1031579892927,4245.64517220823,1245.14229797813,4.54454253611557,7.03374319504411,0.57670746290886,0.756206812470751,20.4793281918458,1.19700569648312,2.1583297255873,3.65204295969459,1.07105084126889,5.84527636578029,20.4793281918458,1.19700569648312
2020-06-01,20123,917,4869,18512.4285714286,872.285714285714,4564,508.857142857145,15.8571428571429,95,8.84134233518672,42702.6806483807,159557.641687342,2458.92903496555,2580.25974025973,72298.407271954,21139.5644033855,269982.539140086,79178.9800854478,41.7020673570848,12.2301807789632,4160.66738549294,1220.22042336637,4.55697460617204,6.8824815708199,0.574713934288958,0.750557021933207,20.69425898923,1.18774458676873,2.19211217701336,3.70920505825527,1.08781506528483,5.73981461956309,20.69425898923,1.18774458676873
2020-06-02,21250,941,4967,19150.5714285714,891.428571428571,4659.71428571429,638.142857142855,19.1428571428571,95.7142857142853,9.48367372935326,43521.2046431213,162610.031482948,3052.3897956064,2214.72294372295,73685.9264052829,21543.5183084018,275147.380617737,80693.6998336435,42.1294340357688,12.3555168131329,5164.84147765121,1514.71974819567,4.42823529411765,6.76914398533352,0.578685085673006,0.756222051266758,20.9063356869229,1.49430060353187,2.23404799888426,3.78016318834401,1.10862532275459,7.14800511176374,20.9063356869229,1.49430060353187
2020-06-03,22233,981,5076,19860.7142857143,912.857142857143,4761.85714285714,710.142857142859,21.4285714285714,102.142857142858,10.3006693052073,45056.7317323581,165973.168961795,3363.13747884711,1806.18181818182,76290.2214662064,22300.7594633184,280838.027327012,82362.6251990864,42.5509056214981,12.4791239629302,5690.6467092752,1668.92536544292,4.41236000539738,6.69691983608791,0.591059389982373,0.774372916214288,21.1154870001419,1.63162558581882,2.28025308528681,3.85834519087653,1.13155416262353,7.72758361452817,21.1154870001419,1.63162558581882
2020-06-04,22753,996,5172,20573.5714285714,932.714285714286,4864.71428571429,712.857142857141,19.8571428571428,102.857142857142,10.6530603531094,46359.0208008259,169316.518636324,3343.34967452846,2021.20346320343,78497.7339127093,22943.7697207106,286495.191788167,84021.7310526118,42.9663448744037,12.6009619793097,5657.16446115484,1659.1058535254,4.37744473256274,6.69236052030054,0.5882473889859,0.77196408674073,21.3216448248921,1.5820472208181,2.32618631327916,3.93606719134934,1.15434809531146,7.42031111885418,21.3216448248921,1.5820472208181
2020-06-05,24332,1012,5298,21411.7142857143,950.857142857143,4971.42857142857,838.142857142859,18.1428571428572,106.714285714286,10.8543624657737,47869.4967404001,173210.375528279,3893.85689195513,2365.23809523812,81054.6596846903,23692.1057938398,293083.850160881,85954.0209388452,43.3756271827648,12.7209943167482,6588.65837271366,1932.28988623337,4.15913200723327,6.71035386631717,0.584260611937059,0.77073022167223,21.524747323778,1.80784520310639,2.37968278651689,4.02658669324389,1.18089521736929,8.39935103177537,21.524747323778,1.80784520310639
2020-06-06,25451,1042,5399,22296.8571428571,970.714285714286,5077.42857142857,885.142857142855,19.8571428571428,106,11.3481931903515,49687.7696092799,177284.730648241,4074.35511996204,2236.2251082251,84134.2089547419,24591.8878189982,299977.923240456,87975.8813743151,43.7786328677602,12.8391858764193,6894.07307957532,2021.86043546989,4.09414168402027,6.66424746474177,0.587755074105892,0.78001431192758,21.7247351073096,1.84898304970236,2.4356590680506,4.12130219158756,1.20867292098752,8.51138072760108,21.7247351073096,1.84898304970236
2020-06-07,26889,1044,5517,23290.1428571429,990.428571428571,5185.42857142857,993.285714285717,19.7142857142858,108,12.3247363289906,51919.9181247528,181815.822886658,4531.0922384166,2279.22943722944,87913.7555461916,25697.2676408548,307644.825143261,90224.3933121759,44.1752475297366,12.9555031077456,7666.90190280508,2248.51193786088,3.8826285841794,6.64851024655012,0.574207449838302,0.769044397233184,21.921551405734,1.99896061159948,2.49791031697836,4.22663534168537,1.23956451819979,9.11912986645784,21.921551405734,1.99896061159948
2020-06-08,27678,1047,5639,24369.4285714286,1009,5295.42857142857,1079.28571428571,18.5714285714286,110,12.5893586175868,54394.907455088,186696.123905304,4880.30101864692,2386.74025974027,92102.8929992306,26924.090487917,315902.610947949,92646.1968251887,44.5653707448407,13.0699165589047,8257.78580468736,2421.80351301277,3.78278777368307,6.58831211230819,0.560804358493836,0.759648125000068,22.1151463846578,2.07865919884176,2.56495923533371,4.34008645957727,1.27283691377462,9.39967009755403,22.1151463846578,2.07865919884176
2020-06-09,28296,1070,5764,25376,1027.42857142857,5409.28571428571,1006.57142857143,18.4285714285713,113.857142857143,12.7230046948357,56007.8542542793,191208.789319214,4512.66541390997,2881.29004329004,94830.9048973044,27724.860005883,323538.333468733,94885.5646245726,44.9489105294968,13.1823992533981,7635.72252078436,2239.36779938389,3.78145320893412,6.58270484000879,0.55959770667952,0.765830682792549,22.3054743980962,1.85041272422091,2.62695732392418,4.44499124596729,1.30360288254884,8.29611745848805,22.3054743980962,1.85041272422091
2020-06-10,29852,1095,5851,26464.4285714286,1043.71428571429,5520,1088.42857142857,16.2857142857144,110.714285714285,13.8120445234038,57605.3178158075,196047.863270353,4839.07395113853,3225.32467532469,97529.5691928836,28520.1770471569,331726.360401675,97286.9095928068,45.3257897481074,13.2929285692704,8188.02693294181,2401.34496823416,3.66809593997052,6.50735261371835,0.558537074433695,0.773521225192537,22.4924971682338,1.94327509833323,2.69343983658594,4.55748396869496,1.33659420462159,8.63999168611034,22.4924971682338,1.94327509833323
2020-06-11,31264,1127,5980,27680.2857142857,1062.42857142857,5635.42857142857,1215.85714285714,18.7142857142856,115.428571428572,14.2998756678653,59959.6280999007,201409.688705961,5361.82543560833,2988.80086580082,101511.693302866,29689.0571236887,340798.916746089,99947.6650721312,45.695936823396,13.4014835146841,9072.55634441454,2660.75547932445,3.60478505629478,6.50240878529023,0.559556001124311,0.786045836736129,22.6761791755198,2.11059221786123,2.76710426722129,4.68212896237193,1.37314948598951,9.30786538276332,22.6761791755198,2.11059221786123
2020-06-12,32918,1144,5980,28906.8571428571,1081.28571428571,5732.85714285714,1226.57142857143,18.8571428571429,97.4285714285716,15.0761180664079,62576.399890165,206776.092530858,5366.40382489638,2730.77489177493,105939.267641129,30987.2457027457,349879.220022082,102610.69253411,46.0592857596772,13.5080447347433,9080.30327599251,2663.02746197865,3.47530226623732,6.52910883573283,0.553255449408049,0.78809045680094,22.8564876702158,2.04559473132218,2.84083159890483,4.80688038870149,1.40973598141142,8.95002853579284,22.8564876702158,2.04559473132218
2020-06-13,34458,1183,6209,30193.5714285714,1101.42857142857,5848.57142857143,1286.71428571429,20.1428571428571,115.714285714285,15.958822799837,65153.7544795669,212362.390843203,5586.29831234555,2988.80086580085,110299.785843895,32266.0897632223,359331.599030708,105382.840568808,46.4157855067276,13.6125972576853,9452.37900862627,2772.14803469778,3.43316501247896,6.56276334045505,0.557066623380344,0.805877325329428,23.033397319128,2.0561678591225,2.91757999168264,4.93674364631443,1.44782165000793,8.92716474925163,23.033397319128,2.0561678591225
2020-06-14,35691,1186,6333,31451,1121.71428571429,5965.14285714286,1257.42857142857,20.2857142857144,116.571428571428,15.6878820824496,67584.5123409262,217780.733120147,5418.34227694373,2967.29870129871,114412.455865376,33472.0426439397,368499.785535705,108071.641999471,46.7653935723376,13.7151286216002,9168.18650499737,2688.80143066381,3.32296657420638,6.49817104457355,0.54458444647888,0.798540553025515,23.2068870358969,1.92988840153232,2.99202088939777,5.06270247264326,1.48476224586656,8.3162395171609,23.2068870358969,1.92988840153232
2020-06-15,36705,1194,6462,32740.5714285714,1142.71428571429,6082.71428571429,1289.57142857143,21,117.571428571428,15.8791866028708,70284.6555450106,223297.157709513,5516.42458936587,2795.28138528139,118982.270670168,34810.7399159989,377833.933673831,110809.115855849,47.1080819846853,13.8156306230473,9334.14813812519,2737.47385637705,3.25296281160605,6.43311538430606,0.534713478777582,0.794487497086257,23.3769429397686,1.90804115984653,3.06780930910644,5.19094139357019,1.52237153684981,8.16226143874292,23.3769429397686,1.90804115984653
2020-06-16,39097,1219,6598,34283.5714285714,1164,6201.85714285714,1543,21.2857142857142,119.142857142858,17.771233011945,74043.4015356255,229850.968635193,6553.81092567978,2773.77922077919,125343.611894351,36674.5429747143,388923.406766146,114061.38293175,47.4438280740648,13.9140966135648,11089.4730923151,3252.26707590124,3.117886282835,6.3038180341186,0.530343642769125,0.800277936281901,23.5435537811149,2.19531141647711,3.15785005290345,5.34329617109919,1.56705340971149,9.32466820084603,23.5435537811149,2.19531141647711
2020-06-17,40924,1239,6715,35865.2857142857,1184.57142857143,6325.28571428571,1581.71428571429,20.5714285714287,123.428571428572,16.7354403784822,78243.5940396729,236522.979321058,6672.01068586559,2451.24675324679,132452.97675589,38756.6900605036,400212.881517795,117372.305527743,47.7726144256084,14.0105214858044,11289.4747516493,3310.92259599344,3.02756328804613,6.1520198835182,0.523839165038663,0.801477138465461,23.7067109179711,2.1361602511916,3.24951470597165,5.49839870842341,1.61254113228668,9.01094567171579,23.7067109179711,2.1361602511916
2020-06-18,43443,1271,6863,37605.1428571429,1205.14285714286,6451.42857142857,1739.85714285714,20.5714285714284,126.142857142857,17.3735039443089,82696.2208222115,243812.961081952,7289.9817608936,2816.78354978352,139987.706699711,40965.3287001737,412548.003403008,120989.89046172,48.094437991378,14.1049043458816,12335.1218852126,3617.5849339773,2.92567272057639,6.04505847282733,0.521301244347213,0.809045458451613,23.8664128378267,2.22360853109398,3.34966946897306,5.66786706232716,1.66224199212197,9.31703336275333,23.8664128378267,2.22360853109398
2020-06-19,46689,1312,7018,39572.4285714286,1229.14285714286,6599.71428571429,1967.28571428572,24,148.285714285714,19.3864909761523,88023.2260992558,252002.252073282,8189.29099132997,2838.28571428574,149004.210429541,43606.2142404471,426404.814825146,125053.749149147,48.4093042007654,14.1972467861021,13856.811422138,4063.85868742689,2.81008374563602,6.10814916832906,0.520630267867,0.82227337163262,24.0226622349663,2.37890270879359,3.46217955820073,5.85824142943249,1.71807406647555,9.90286002178517,24.0226622349663,2.37890270879359
2020-06-20,49798,1338,7196,41763.8571428571,1251.28571428571,6740.71428571429,2191.42857142857,22.1428571428571,141,19.9679783398201,94033.9564864632,261066.930512437,9064.67843915545,3031.80519480517,159175.399016296,46587.9751844748,441742.838576735,129552.010630232,48.7172339945911,14.2875549478887,15338.0237515896,4498.26148108466,2.68685489377083,5.88840336134454,0.512512250162706,0.822827465069587,24.1754695010753,2.48958161429148,3.58671631981896,6.06896570613661,1.77987426397031,10.2980529581295,24.1754695010753,2.48958161429148
2020-06-21,52390,1339,7387,44149.4285714286,1273.14285714286,6891.28571428571,2385.57142857143,21.8571428571429,150.571428571429,20.4534319729558,100765.930213122,270874.068741261,9807.13822882329,3053.30735930739,170566.676249513,49927.8622539875,458337.152439989,134418.710803934,49.0182535070137,14.375836495741,16594.3138632537,4866.70017370181,2.55583126550868,5.72636556984148,0.494325649635741,0.806756904369416,24.3248476049843,2.53691238398142,3.72145350260575,6.2969497569419,1.84673632460135,10.429358282117,24.3248476049843,2.53691238398142
2020-06-22,54586,1342,7581,46703.8571428571,1294.28571428571,7051.14285714286,2554.42857142857,21.1428571428571,159.857142857142,21.1637017836642,108022.644163551,281312.743730651,10438.6749893901,3160.81818181818,182844.83302422,53528.8663840609,476000.067456454,139598.805159571,49.3123946410114,14.4621007860103,17662.9150164654,5180.09435563724,2.4585058439893,5.68841785384659,0.477049131227744,0.792598389577388,24.4708123782463,2.53500708069454,3.86486717000607,6.53961498237195,1.91790400917595,10.3593297529355,24.4708123782463,2.53500708069454
2020-06-23,58179,1384,7746,49429.8571428571,1317.85714285714,7215.14285714286,2726,23.5714285714287,164,22.1505101744692,115870.523336197,292388.016842691,11075.27311204,3203.8225108225,196124.752174603,57422.1512151699,494740.147778999,145094.805350508,49.599707156036,14.5463624119081,18740.0803225446,5496.00019093713,2.3788652262844,5.41614804725112,0.473343612007401,0.799028346759772,24.6133885135216,2.52354749400628,4.01702685847919,6.79707904262522,1.99341182450847,10.2527328393031,24.6133885135216,2.52354749400628
2020-06-24,59974,1463,7936,52151.2857142857,1349.85714285714,7389.57142857143,2721.42857142857,32,174.428571428572,22.9645345613229,123736.725653366,303382.530848171,10994.5140054807,3096.31168831172,209442.029005573,61319.9229343235,513343.578456123,150550.729593829,49.8802485162796,14.628638226255,18603.4306771237,5455.92424332121,2.43939040250775,5.30374894054121,0.48222947969676,0.82522617410453,24.7526045268756,2.34868962273105,4.16807702302715,7.05266571644594,2.06836904902099,9.48862030559767,24.7526045268756,2.34868962273105
2020-06-25,63030,1490,8139,54949.4285714286,1381.14285714286,7571.85714285714,2798.14285714286,31.2857142857142,182.285714285715,23.2001989908323,131851.844917008,314625.247514411,11242.7166662397,3096.31168831166,223179.995119879,65341.5771768613,532366.984130868,156129.822074821,50.1540862904962,14.7089480452887,19023.4056747457,5579.09248099109,2.3639536728542,5.13646047507478,0.473579285760197,0.819510632432059,24.8884939486673,2.26138233830776,4.32253716574516,7.314022294463,2.14501844315173,9.0859982005139,24.8884939486673,2.26138233830776
2020-06-26,66548,1535,8389,57786.4285714286,1413,7767.71428571429,2837,31.8571428571429,195.857142857142,22.7011888431643,139546.057314266,325963.680690889,11338.4331764785,3612.36363636362,236203.656040337,69155.7996554146,551552.348348029,161756.412974426,50.4212950722741,14.7873137454562,19185.3642171604,5626.59089960586,2.30660575824968,5.1051376544548,0.470911359433211,0.822191681268422,25.0210937952639,2.15167579133353,4.47831232744575,7.57760396987586,2.22232040309338,8.59937392883296,25.0210937952639,2.15167579133353
2020-06-27,70051,1579,8659,60679.7142857143,1447.42857142857,7976.71428571429,2893.28571428571,34.4285714285713,209,22.647016068613,147682.706095787,337467.593541675,11503.9128507854,3332.83549783551,249979.081205623,73187.3460969429,571017.714905257,167465.121607147,50.681965054273,14.8637617780249,19465.3665572281,5708.70863272058,2.25407203323293,5.11531160386122,0.467896778896195,0.825798858735479,25.150448823925,2.07337738064105,4.63636096226402,7.84503250923558,2.30075055270245,8.24381073331074,25.150448823925,2.07337738064105
2020-06-28,73908,1588,8926,63753.7142857143,1483,8196.57142857143,3074,35.5714285714287,219.857142857144,23.8789075937988,156518.746350931,349629.036394221,12161.4428525459,3289.83116883118,264938.921275681,77565.2393277444,591595.664865424,173500.123323448,50.9361909822974,14.9383199295864,20577.9499601674,6035.00171630105,2.14861719976187,4.96784135066327,0.454195685912501,0.810006277808865,25.2766060513656,2.08151541981253,4.80344319464846,8.12774648149426,2.38366354020149,8.23484561872667,25.2766060513656,2.08151541981253
2020-06-29,74533,1588,9179,66603.2857142857,1518.14285714286,8424.85714285714,2849.57142857143,35.1428571428571,228.285714285714,24.4475493620621,164520.238663109,360847.991909862,11218.9555156412,3182.32034632034,278486.876121489,81528.8520540884,610578.865132478,179067.424556774,51.1840712249229,15.0110170492012,18983.2002670536,5567.30123332568,2.13059986851462,4.85588170785203,0.44007450106489,0.788442706109499,25.399614292067,1.82062018506806,4.95757689040338,8.38855069008011,2.46015093809491,7.16780307611663,25.399614292067,1.82062018506806
2020-06-30,79215,1632,9411,69608.4285714286,1553.57142857143,8662.71428571429,3005.14285714286,35.4285714285716,237.857142857143,22.9190272814434,172712.808774129,372623.847735168,11775.855825306,3547.85714285716,292356.574639939,85588.3648266892,630504.376837741,184911.082334745,51.4257160724097,15.0818854822639,19925.5117052631,5843.65777797138,2.06021586820678,4.71951949866769,0.437975188630412,0.789259522232462,25.5195282765341,1.82663842675491,5.11936166408404,8.66230101867872,2.54043511150035,7.15769434872972,25.5195282765341,1.82663842675491
2020-07-01,84092,1720,9715,73053.8571428571,1590.28571428571,8916.85714285714,3445.42857142858,36.7142857142856,254.142857142857,24.0341209179963,181299.202555894,386063.440651132,13439.5929159644,4816.48484848486,306887.394902927,89846.9071759648,653245.039591572,191580.354007329,51.6612418953048,15.1509593573659,22740.6627538311,6669.27167258385,2.0453788707606,4.61514224355945,0.445522631487472,0.809936257154853,25.6364057525573,1.99492287220582,5.30400399756073,8.97472782073506,2.63206213412788,7.78146856122322,25.6364057525573,1.99492287220582
2020-07-02,87425,1757,10137,76538.8571428571,1628.42857142857,9202.28571428571,3485,38.1428571428571,285.428571428571,25.2578066760539,190085.903292096,399597.258270451,13533.8176193187,4708.97402597399,321758.656800347,94203.77048437,676145.136653827,198296.383803382,51.8907763340805,15.2182761082883,22900.0970622551,6716.02979605287,2.00972261938805,4.5625747987688,0.439692706502717,0.80677476598937,25.7503100605212,1.92227248995698,5.48994085455515,9.28934504053156,2.72433155188451,7.46490741742023,25.7503100605212,1.92227248995698
2020-07-03,91858,1788,10478,80154.5714285714,1664.57142857143,9500.71428571429,3615.71428571429,36.1428571428573,298.428571428572,25.6722352392254,199235.952093282,413578.432612762,13981.1743423111,4794.9826839827,337242.92656562,98742.2372364084,699802.190301884,205234.410168739,52.1144500656282,15.2838740593181,23657.0536480565,6938.02636535739,1.94648261447016,4.53499912429214,0.432324284587181,0.800726716963414,25.861306047605,1.90218540341499,5.68202380464527,9.61436184841207,2.81965091057585,7.35518736538127,25.861306047605,1.90218540341499
2020-07-04,94553,1805,10903,83654.8571428571,1696.85714285714,9821.28571428571,3500.28571428571,32.2857142857142,320.571428571428,25.8724644414641,207500.114122803,427056.902001591,13478.4693888291,5182.02164502162,351223.674861931,102844.329457288,722608.63456889,211922.973925602,52.3323966328999,15.3477923752871,22806.4442670066,6688.56375686257,1.90898226391548,4.34012109076692,0.422660303940779,0.785291448070772,25.9694599832435,1.75689164831948,5.8672002497362,9.92769240195615,2.9115429810721,6.76507891633864,25.9694599832435,1.75689164831948
2020-07-05,98089,1809,11361,87109.2857142857,1728.42857142857,10169.1428571429,3454.42857142857,31.5714285714284,347.857142857143,25.615737454846,215362.631507331,440305.029775729,13248.1277741381,5354.03896103898,364523.487058648,106748.044851114,745025.325886487,218497.232821039,52.5447601983884,15.4100733354742,22416.6913175969,6574.25889543697,1.84424349315418,4.22350838488068,0.410851541014968,0.764830548470493,26.074843406719,1.6648210683519,6.04921210394262,10.2356682625041,3.00186465308431,6.38463637966848,26.074843406719,1.6648210683519
2020-07-06,101441,1810,11836,90953.2857142857,1760.14285714286,10548.7142857143,3844,31.7142857142858,379.571428571429,25.3051705004985,224725.73408477,454989.379106415,14684.3493306855,5289.53246753247,380362.797947452,111396.123681164,769872.197214851,225784.203165589,52.7516899101232,15.470760681293,24846.8713283641,7286.97034455067,1.78428840409696,4.0516144307319,0.397811483765793,0.742372346395322,26.1775303313393,1.78493812536478,6.25095575369141,10.5770316006908,3.10197804318521,6.81842956129817,26.1775303313393,1.78493812536478
2020-07-07,105094,1927,12260,94650.2857142857,1802.28571428571,10955.7142857143,3697,42.1428571428571,407,26.8585306113976,233420.071728868,469058.396404193,14069.0172977778,5332.53679653682,395077.524202696,115707.224638815,793677.886840058,232765.820772005,52.9533441734546,15.5299008690989,23805.689625207,6981.61760641605,1.83359658971968,3.86019343803833,0.410823047785181,0.764675705929657,26.2775993642707,1.64515642251196,6.44424555047535,10.9040904714397,3.19789628820581,6.26052790752962,26.2775993642707,1.64515642251196
2020-07-08,108614,1963,12803,98153.4285714286,1837,11396.8571428571,3503.14285714286,34.7142857142858,441.142857142857,26.8475333377127,241141.293828458,482340.389066553,13281.9926623604,5526.05627705625,408139.597693339,119539.816056657,816151.879744621,239356.884799944,53.1498835740892,15.5875409946919,22473.9929045627,6591.06402793826,1.80731765702396,3.68890316880196,0.406974005183121,0.751914459693118,26.3751301946608,1.50082678860646,6.62672266371331,11.2128535804404,3.28844884063969,5.69016732964948,26.3751301946608,1.50082678860646
2020-07-09,112671,2038,13341,101760,1877.14285714286,11854.5714285714,3606.57142857143,40.1428571428571,457.714285714286,27.4311667427257,248985.096523089,495965.412540405,13625.023473852,5741.07792207791,421411.801195825,123431.22190512,839206.303027327,246118.174644111,53.3414705136885,15.6437286864464,23054.4232827058,6761.28984416713,1.80880617017689,3.58301747879912,0.410915751072454,0.752379144105781,26.4702034128078,1.49566457208118,6.81391256921247,11.5295910395654,3.38134007194002,5.65022408959308,26.4702034128078,1.49566457208118
2020-07-10,116892,2082,13853,105336.285714286,1919.14285714286,12336.7142857143,3576.28571428571,42,482.142857142857,27.6286020152524,256966.508258595,509428.871894958,13463.4593545531,5440.04761904766,434919.591101199,127388.971874834,861987.349342957,252799.289812536,53.5282752075187,15.6985138642732,22781.0463156303,6681.11516842482,1.78113130068781,3.5158151488346,0.408692972633341,0.740101558283282,26.5629034864378,1.43638353806009,6.99888279617078,11.8425726586562,3.4731298086261,5.40733543596035,26.5629034864378,1.43638353806009
2020-07-11,119930,2151,14394,108961.571428571,1968.57142857143,12835.4285714286,3625.28571428572,49.4285714285716,498.714285714284,26.9243419307608,265659.221312732,523030.502698014,13601.6308030557,4859.48917748916,449638.901332402,131694.013154116,885002.190709692,259548.971263676,53.7104712352494,15.7519474347788,23014.8413667344,6749.68145114041,1.79354623530393,3.38364603821212,0.411257085180353,0.735666264037514,26.6533165528305,1.41083927074927,7.18575131713479,12.1587663143064,3.5658615558714,5.29315314094078,26.6533165528305,1.41083927074927
2020-07-12,122467,2237,14829,112444.142857143,2029.71428571429,13330.8571428571,3482.57142857142,61.1428571428571,495.428571428572,26.6196398737701,273869.181353117,536053.583950519,13023.0812525055,4751.97835497832,463549.989817615,135753.231777809,907038.088718714,266011.552937852,53.8882385423104,15.8040821714893,22035.898009022,6462.58167417563,1.82661451656365,3.38432368311983,0.41730902786138,0.737352936487801,26.7415319082142,1.31095312192321,7.36467132807223,12.4615105755412,3.65464892972006,4.90217549692159,26.7415319082142,1.31095312192321
2020-07-13,123824,2245,15254,115641.714285714,2091.85714285714,13819.1428571429,3197.57142857143,62.1428571428569,488.285714285714,26.5327169274537,280952.502370301,547972.528344327,11918.9443938078,4773.48051948054,475555.319956593,139252.934581181,927205.715560988,271926.217073125,54.0617582916027,15.8549712049848,20167.6268422747,5914.66413527308,1.8130572425378,3.31882776908955,0.409692071020998,0.713547313108485,26.8276394529758,1.16758709309518,7.52842195052132,12.7385872477387,3.73590863710081,4.35205755350762,26.8276394529758,1.16758709309518
2020-07-14,128097,2337,15678,118927.857142857,2150.42857142857,14307.4285714286,3286.14285714286,58.5714285714289,488.285714285714,24.7567695552974,286761.61247025,560183.348400986,12210.8200566585,6343.13852813852,485394.529970876,142127.37482412,947867.214952561,277985.721762895,54.231212374347,15.9046678794434,20661.4993915727,6059.50468977034,1.82439869786178,3.23139473977967,0.417184838976533,0.716951040387893,26.9117294489241,1.1696768092233,7.69618256075879,13.0224490793166,3.81915826323369,4.34622220967598,26.9117294489241,1.1696768092233
2020-07-15,131354,2434,16155,122176.428571429,2217.71428571429,14786.2857142857,3248.57142857142,67.2857142857142,478.857142857143,24.0134323157016,293503.768231208,572217.815850256,12034.4674492702,5225.02597402601,496823.958984842,145456.698091104,968230.314296197,283957.713128698,54.3967870947259,15.9532268332555,20363.0993436361,5971.99136580335,1.85300790230979,3.1658567125584,0.425362498786119,0.721254439413134,26.9938943477587,1.13288008961555,7.86152031807605,13.3022112866347,3.90120557137609,4.19668007359901,26.9938943477587,1.13288008961555
2020-07-16,134613,2492,16684,125311,2282.57142857143,15263.8571428571,3134.57142857143,64.8571428571427,477.571428571429,22.8388829327699,298974.497719055,583795.510706068,11577.6948558127,6042.10822510824,506096.414900488,148159.046129113,987820.524790598,289703.035387974,54.5586702906153,16.0007031546055,19590.2104944008,5745.32225927548,1.85123279326662,3.08839561153248,0.426861795663016,0.712755446658661,27.0742273622602,1.0680145003678,8.02058262061938,13.5713550175202,3.98013874406676,3.9446494760818,27.0742273622602,1.0680145003678
2020-07-17,138523,2583,17184,128401.142857143,2354.14285714286,15739.7142857143,3090.14285714286,71.5714285714289,475.857142857143,22.620180492957,303961.848180332,595176.068959552,11380.558253484,6321.63636363635,514554.255281895,150619.075036856,1007077.16736981,295350.530461131,54.7170527306939,16.0471527912095,19256.6425792096,5647.49507315736,1.86467229268786,3.15852422033577,0.433989223477253,0.715813876732123,27.1528231595925,1.03361121270966,8.17693652548317,13.8359159638959,4.05772789986383,3.8065314400756,27.1528231595925,1.03361121270966
2020-07-18,141265,2730,17661,131449,2436.85714285714,16206.4285714286,3047.85714285714,82.7142857142853,466.714285714284,24.0535299555797,307632.488749697,606369.172732381,11193.1037728288,7439.74891774892,520786.43433538,152423.827929495,1026016.62481157,300905.003010054,54.8721254090695,16.0926317568966,18939.4574417635,5554.47254892258,1.93253813754292,3.07625720236968,0.450220776840988,0.732642319216314,27.2297765187864,1.00274028534572,8.33071505228712,14.0961192035845,4.13403904850338,3.68240417007475,27.2297765187864,1.00274028534572
2020-07-19,143624,2761,18149,134471.428571429,2511.71428571429,16680.7142857143,3022.42857142858,74.8571428571431,474.285714285716,23.3737681735828,309423.770968822,617438.23850129,11069.0657689087,9202.92640692642,523824.641467439,153305.826195055,1044746.201907,306397.922865302,55.0240791978964,16.1371960297296,18729.5770954281,5492.91985524795,1.92238066061382,2.98686472638811,0.447170231422949,0.715167433451692,27.3051821583546,0.982509916238652,8.48278946002833,14.353438963309,4.20950454407421,3.59814589606463,27.3051821583546,0.982509916238652
2020-07-20,145183,2784,18518,137522.714285714,2588.71428571429,17147,3051.28571428571,77,466.285714285714,23.2618165976909,311137.894976668,628582.804067578,11144.5655662876,9353.4415584415,526733.046039172,154148.959698411,1063603.52955566,311928.308785414,55.1731065130362,16.1809020405025,18857.3276486564,5530.38592011266,1.9175798819421,2.96106867110585,0.442901075559919,0.696701476894459,27.3791355628601,0.986148948031359,8.63590113570259,14.6125138476418,4.28548477410805,3.60171603215661,27.3791355628601,0.986148948031359
2020-07-21,148683,2918,18863,140463.571428571,2671.71428571429,17602,2940.85714285713,83,455,23.805724197745,312951.836516456,639295.633053253,10712.8289856755,8815.88744588749,529817.103806137,155036.805016759,1081730.33091236,317244.449485073,55.3194000874742,16.2238063130139,18126.8013567082,5316.14069965848,1.96256465096884,2.90852651452708,0.45643984553183,0.705549363772592,27.4517323742353,0.945223562794957,8.78308131849683,14.8615522613719,4.3585215565473,3.44311289580422,27.4517323742353,0.945223562794957
2020-07-22,150609,2974,19293,143214.285714286,2748.85714285714,18050.2857142857,2750.71428571429,77.1428571428569,448.285714285714,24.4362095003617,312741.387773176,649289.846647635,9994.21359438146,10127.5194805195,529465.356923903,154927.406177451,1098641.18842573,322203.984050706,55.4631538365591,16.2659657178201,16910.8575133712,4959.53456563287,1.97464958933397,2.90721303698153,0.458038889003907,0.69639431796115,27.5230688211496,0.878985417128094,8.92038867080056,15.093885205672,4.42665903964539,3.19353089779869,27.5230688211496,0.878985417128094
2020-07-23,152944,3063,19737,145833,2830.42857142857,18486.4285714286,2618.71428571429,81.5714285714289,436.142857142859,24.6975290345181,312388.25302257,658780.266009583,9490.4193619485,9761.98268398264,528877.01100985,154743.746397881,1114699.59342743,326913.515463402,55.6045613934031,16.3074370427044,16058.4050016974,4709.53141269629,2.00269379642222,2.88557184947198,0.464950175049027,0.69565410178488,27.5932409922151,0.837368609787749,9.05077455284473,15.3145065734446,4.49136180817859,3.03459015435197,27.5932409922151,0.837368609787749
2020-07-24,156301,3142,20171,148372.714285714,2910.28571428571,18913.1428571429,2539.71428571429,79.8571428571427,426.714285714286,24.466708871212,310716.9359286,667961.390474055,9181.12446447206,10772.5844155845,526052.134921713,153910.196991422,1130234.65140523,331469.562190133,55.7438155937624,16.3482768416056,15535.0579777977,4556.04672673048,2.01022386293114,2.8689442279608,0.470386469159559,0.690565570161394,27.6623445803633,0.813025735256268,9.17691112972321,15.527937841315,4.55395589896039,2.93901079046296,27.6623445803633,0.813025735256268
2020-07-25,160041,3286,20566,151055,2989.71428571429,19328.1428571429,2682.28571428571,79.4285714285716,415,21.9299679973835,307860.454376797,677634.090740433,9672.70026637823,12449.7532467532,521213.465539879,152494.350077422,1146601.4875179,336269.548788486,55.8811084015529,16.388541412773,16366.8361126706,4799.98659835313,2.05322386138552,2.8448001652942,0.484922474371009,0.700552431251741,27.7304748458834,0.863285573773181,9.30980131169316,15.7527966469627,4.6199014027951,3.1130264069677,27.7304748458834,0.863285573773181
2020-07-26,162014,3305,20978,153682.142857143,3067.42857142857,19732.2857142857,2627.14285714287,77.7142857142858,404.142857142855,22.6690005423797,305966.53288942,687085.017737905,9450.92699747195,11267.1341991342,518008.050562857,151553.070026759,1162593.06887788,340959.482486479,56.0166310723497,16.4282868467176,15991.5813599748,4689.93369799358,2.03994716505981,2.82415579154489,0.481017620043743,0.685200757580344,27.797726697557,0.853383918944056,9.43964462058224,15.9724999457717,4.68433492449946,3.06987365967594,27.797726697557,0.853383918944056
2020-07-27,163827,3305,21321,156345.571428571,3141.85714285714,20132.7142857143,2663.42857142855,74.4285714285711,400.428571428572,21.9832566914277,303861.043541919,696643.623628499,9558.60589059361,11589.6666666667,514440.813277811,150509.536107805,1178766.84990785,345702.850823165,56.1505744942765,16.4675691261857,16173.7810299722,4743.36833668558,2.01737198386102,2.78852334927101,0.474417605774637,0.666377113490903,27.8641948618214,0.870526584289076,9.57096729586408,16.1947064284523,4.7495025678724,3.12406909354632,27.8641948618214,0.870526584289076
2020-07-28,165934,3408,21626,158810,3211.85714285714,20527.4285714286,2464.42857142858,70,394.714285714286,20.7181889149103,300121.883857852,705467.22152019,8823.59789169137,12492.7575757576,508101.861827282,148660.562129246,1193696.94973937,350081.478348365,56.283128839919,16.5064440240741,14930.099831522,4378.62752520019,2.05382863066038,2.74771339600413,0.483084103136104,0.668984462408466,27.929973710035,0.811066297872312,9.69219192778329,16.3998263669184,4.80965915213306,2.90382662707934,27.929973710035,0.811066297872312
2020-07-29,168273,3454,21994,161333.428571429,3280.42857142857,20913.2857142857,2523.42857142858,68.5714285714289,385.857142857141,20.1994328057819,297455.947516231,714481.025438309,9013.80391811859,11611.1688311688,503582.154238482,147341.93421321,1208948.89050222,354554.493826529,56.414483333384,16.5449670351146,15251.9407628491,4473.01547816413,2.05261687852478,2.73528605972532,0.483427813619136,0.660382134920009,27.9951571428823,0.84083115471893,9.81602974038294,16.6093679765571,4.87111250274642,3.00338109379182,27.9951571428823,0.84083115471893
2020-07-30,170798,3626,22358,163884,3360.85714285714,21287.7142857143,2550.57142857142,80.4285714285711,374.428571428572,19.7166300398661,294187.541087789,723570.783512031,9089.75807372225,12277.7359307359,498048.006299532,145720.593966228,1224329.35062188,359065.200840557,56.5448259139768,16.5831932772382,15380.4601196581,4510.70701402752,2.12297567887212,2.74429613108604,0.501125816938089,0.676424915076158,28.0598384234772,0.857492855874649,9.94091106320016,16.8206752731543,4.93308368549783,3.05583335940064,28.0598384234772,0.857492855874649
2020-07-31,174010,3694,22714,166413.857142857,3439.71428571429,21651,2529.85714285713,78.8571428571431,363.285714285714,18.2706394569053,291084.306138963,732566.115662773,8995.3321507416,12019.7099567099,492793.501157919,144181.146548014,1239550.03595645,363529.049877767,56.6743436386079,16.6211776095916,15220.685334577,4463.84903721011,2.12286650192518,2.7779059679176,0.50425482710976,0.674121385457268,28.1241103770535,0.85997861903292,10.0644950980066,17.0297874743097,4.99441110126643,3.0576863036009,28.1241103770535,0.85997861903292
2020-08-01,177002,3747,23064,168836.857142857,3505.57142857143,22007.8571428571,2423,65.8571428571427,356.857142857141,18.6300677716631,287659.08192743,741161.9520573,8595.83639452769,11955.2034632035,486985.484828476,142488.247959691,1254094.74856474,367794.652900615,56.8032230618134,16.6589747439878,14544.7126082864,4265.60302284837,2.11692523248325,2.73665380810747,0.505557522158168,0.668888143622194,28.1880655795465,0.832435877663406,10.1825905864633,17.2296126991163,5.05301487749304,2.95304013759645,28.1880655795465,0.832435877663406
2020-08-02,178467,3765,23413,171187.285714286,3571.28571428571,22355.7142857143,2350.42857142858,65.7142857142858,347.857142857145,18.4192555275679,284215.762313207,749481.524217969,8319.57216066879,11697.1774891775,481148.000510959,140785.578075942,1268172.00417396,371923.162393879,56.9316499153851,16.6966391509488,14077.2556092225,4128.50949326414,2.10963371379583,2.71882524649856,0.50234727319376,0.657966231688471,28.2517961986121,0.817119121217627,10.2968905676367,17.4230156794661,5.10973516890242,2.89216391324214,28.2517961986121,0.817119121217627
2020-08-03,179497,3779,23702,173425.857142857,3639,22695.8571428571,2238.57142857142,67.7142857142858,340.142857142855,18.2029389556832,280851.266307592,757387.370203695,7905.84598572634,11202.6277056276,475447.669804043,139119.360938891,1281549.20826558,375846.364161232,57.0598088326672,16.7342249788498,13377.204091619,3923.20176735293,2.10532766564344,2.70330502997482,0.498952075076675,0.647315700566027,28.3153938568123,0.787661161094264,10.4055064952202,17.6068008725381,5.16363480213934,2.78163530459442,28.3153938568123,0.787661161094264
2020-08-04,180505,3845,23944,175507.428571429,3701.42857142857,23027,2081.57142857145,62.4285714285716,331.142857142859,18.1427664263573,277587.690765192,764722.283838785,7334.91363508964,10536.0606060606,469917.672814022,137503.65642698,1293960.35779571,379486.246115487,57.1878828690616,16.7717859132942,12411.1495301255,3639.88195425499,2.13013489931027,2.67206786701744,0.502796908270896,0.646027318726301,28.3789493936697,0.741193803290494,10.5062785630872,17.7773137463059,5.21364199371245,2.61167191144382,28.3789493936697,0.741193803290494
2020-08-05,182203,3932,24222,177497.428571429,3769.71428571429,23345.2857142857,1990,68.2857142857142,318.285714285714,16.8027695017069,274194.925111902,771718.84286082,6996.5590220351,10321.038961039,464174.172528874,135820.172289687,1305798.98937869,382958.222773039,57.3160535417744,16.809375188771,11838.6315829833,3471.97665755136,2.15803252416261,2.66854088819898,0.509511985663558,0.648449851479401,28.4425528853918,0.716918715130701,10.6024020835103,17.9399609763464,5.26134238730588,2.52048604992121,28.4425528853918,0.716918715130701
2020-08-06,183647,4002,24531,179333,3823.42857142857,23655.7142857143,1835.57142857142,53.7142857142858,310.428571428572,15.7929669735369,268474.671868087,778158.022517438,6439.17965661758,12105.7186147186,454473.685743251,132995.007951725,1316694.49893006,386153.605159029,57.4444998075671,16.8470452888544,10895.5095513738,3195.38238599064,2.17918071082021,2.66210979462247,0.514291427215906,0.648161994261008,28.5062931375897,0.669466915034082,10.6908679444116,18.0896509498867,5.30524273933207,2.34839490701357,28.5062931375897,0.669466915034082
2020-08-07,185053,4081,24815,180910.571428571,3878.71428571429,23955.8571428571,1577.57142857142,55.2857142857142,300.142857142855,15.811855670103,262071.917528675,783679.748697506,5521.72618006868,11869.1948051949,443620.595725438,129829.575615734,1326037.61770346,388893.709879966,57.5733991667413,16.8848482699751,9343.11877339566,2740.10472093633,2.20531415324258,2.67160362143935,0.52074843158608,0.649238250488516,28.5702582331198,0.587629102854217,10.7667292010049,18.2180131155458,5.34288817493475,2.05670283220673,28.5702582331198,0.587629102854217
2020-08-08,186107,4137,25163,182211.285714286,3934.42857142857,24255.7142857143,1300.71428571429,55.7142857142858,299.857142857145,13.6777430597282,256646.172329453,788222.215619497,4542.46692199004,9912.49783549778,434430.440301178,127142.210114079,1333723.7663085,391147.866397645,57.7029268159902,16.9228355129725,7686.14860504447,2254.15651767922,2.22291477483383,2.64618589309374,0.524851991991695,0.647118451324599,28.6345351116944,0.496340147169781,10.8291367231271,18.3236106900228,5.37385732125105,1.73329022232724,28.6345351116944,0.496340147169781
2020-08-09,186923,4150,25527,183419.285714286,3989.42857142857,24557.7142857143,1208,55,302,13.0483758969217,250909.352077933,792431.391038972,4209.17541947565,9890.99567099579,424713.535506348,124300.764403872,1340845.96407778,393236.63013964,57.8332520673685,16.9610566728678,7122.19776927237,2088.76374199538,2.22016552270186,2.64886465711118,0.523704644582398,0.639159848475527,28.6992077928295,0.47070679530953,10.8869652582862,18.4214603216168,5.40255418832248,1.64006943149434,28.6992077928295,0.47070679530953
2020-08-10,187523,4154,25848,184565.857142857,4043,24864.2857142857,1146.57142857142,53.5714285714284,306.571428571428,12.8477669281255,244649.838449948,796417.474813585,3986.0837746124,10192.0259740259,414109.753239816,121201.664193207,1347590.67631674,395214.686749598,57.9645406910644,16.9995603659407,6744.71223896253,1978.05660995806,2.21519493608784,2.64345119782404,0.521585742574561,0.630559264496786,28.764358538423,0.456986076426476,10.9417288076124,18.5141237984213,5.42973008498061,1.58865492322276,28.764358538423,0.456986076426476
2020-08-11,188737,4199,26102,185741.857142857,4093.57142857143,25172.5714285714,1176,50.5714285714284,308.285714285714,12.7319970304379,239281.89598704,800496.549666694,4079.07485310989,9396.44588744605,405016.343549477,118543.84634373,1354492.73549087,397238.889308284,58.0969525482339,17.0383934754984,6902.05917412997,2024.20255868614,2.22478899208952,2.61903086261216,0.524549418951069,0.62862914831349,28.830066678071,0.480708187894966,10.9977699320731,18.6089490152024,5.45753996629192,1.66731148442774,28.830066678071,0.480708187894966
2020-08-12,189443,4347,26418,186776.142857143,4152.85714285714,25486.2857142857,1034.28571428574,59.2857142857147,313.714285714286,12.3747991658978,232523.863651214,804075.837677188,3579.28801049339,10278.0346320345,393572.57346622,115194.770147004,1360549.12291677,399015.077343567,58.2306430254319,17.0776015725589,6056.3874259002,1776.18803528242,2.29462160122042,2.59487077864869,0.540620647494844,0.641496651275343,28.896409320891,0.432265112883116,11.0469446425405,18.6921558142289,5.48194245419305,1.49584572444513,28.896409320891,0.432265112883116
2020-08-13,190794,4383,26736,187797.142857143,4207.28571428571,25801.2857142857,1021,54.4285714285716,315,11.5005229704723,227909.752682462,807600.969132679,3525.13145549118,8084.81385281391,385763.716430466,112904.701116324,1366513.87393962,400764.39069742,58.3657580702339,17.1172274599217,5964.75102285435,1749.31335385272,2.29724205163684,2.59686552661234,0.542718516634163,0.637912323343941,28.9634588919958,0.439114945692054,11.0953753131586,18.7741036495803,5.50597571931179,1.51602996790853,28.9634588919958,0.439114945692054
2020-08-14,191721,4423,27029,188749.714285714,4256.14285714286,26117.5714285714,952.57142857142,48.8571428571422,316.285714285714,10.6580566788677,222820.747087743,810882.158343155,3281.18921047566,8321.33766233758,377146.305751023,110382.568372221,1372065.85886458,402392.650004874,58.5024402569431,17.1573129510893,5551.9849249525,1628.25930745411,2.30699819007829,2.5979495792164,0.545455335832934,0.634901382856648,29.0312861425432,0.417979504255166,11.1404545381165,18.8503806215378,5.5283458610202,1.43968793430582,29.0312861425432,0.417979504255166
2020-08-15,192654,4492,27339,189685,4306.85714285714,26428.4285714286,935.28571428571,50.7142857142862,310.857142857145,10.8161242359159,217598.233311134,814096.203008104,3214.04466494895,8385.8441558443,368303.963464995,107793.463791347,1377504.23086426,403987.589462668,58.6408286355393,17.1978988259681,5438.37199968589,1594.93945779424,2.33164118056204,2.59552421014207,0.551777539730803,0.636741135941132,29.0999600747789,0.419768083493714,11.1846112853145,18.9250967013041,5.55025823181019,1.44243509949426,29.0999600747789,0.419768083493714
2020-08-16,193537,4506,27582,190629.857142857,4357.71428571429,26722,944.85714285713,50.8571428571422,293.571428571428,9.54869633008958,212508.23340245,817335.39357561,3239.19056750648,8278.33333333326,359686.462717065,105269.68617823,1382985.15136175,405595.007338273,58.7810523446925,17.2390229577229,5480.92049749172,1607.4178756047,2.3282369779422,2.5896693383456,0.551303667431742,0.630667553030639,29.1695447725542,0.434242120255867,11.2291135041465,19.0003973414786,5.57234203965167,1.4886106923832,29.1695447725542,0.434242120255867
2020-08-17,194005,4506,27800,191555.857142857,4408,27000.8571428571,926,50.2857142857147,278.857142857141,9.25880958162525,207561.519667945,820502.277243702,3166.8836680922,8063.31168831175,351312.057229763,102816.581188604,1388343.72389643,407166.543594619,58.9232349085438,17.2807215729169,5358.57253467524,1571.53625634656,2.32262055101673,2.58082647337791,0.549175806694519,0.622744878963881,29.2401015335631,0.435769478375276,11.2726223212649,19.0740170815328,5.59393288122919,1.49024045675196,29.2401015335631,0.435769478375276
2020-08-18,194920,4529,28027,192439.142857143,4455.14285714286,27275.8571428571,883.285714285739,47.1428571428569,275,9.28475965942396,202916.035621431,823515.702288098,3013.42504439584,7611.7662337661,343447.363425948,100513.030566167,1393442.63448822,408661.927451237,59.0674902886607,17.3230280936479,5098.91059178999,1495.3838566175,2.32351734044736,2.56027978687596,0.549959155291926,0.6182377130428,29.3116869101625,0.42557525846028,11.3140228186932,19.1440694079495,5.61447748897555,1.45182259660495,29.3116869101625,0.42557525846028
2020-08-19,195557,4634,28233,193312.571428571,4496.14285714286,27535.1428571429,873.428571428551,41,259.285714285717,9.14092635230084,196924.064522262,826488.129457327,2972.42716922879,8923.39826839836,333293.723467117,97548.7828241515,1398472.17401657,410136.966497621,59.2139288495181,17.3659748870757,5029.53952834848,1475.03904638422,2.36964158787463,2.54016500217108,0.560685608762789,0.625234469623953,29.3843556696857,0.430460635798724,11.3548600592292,19.2131686671781,5.63474258578292,1.46485572721038,29.3843556696857,0.430460635798724
2020-08-20,196280,4684,28471,194096.285714286,4539.14285714286,27783,783.71428571429,43,247.857142857141,9.1240208225923,191349.171684301,829148.561294691,2660.43183736398,8192.32467532472,323850.731276846,94788.0518991914,1402973.79721091,411457.180792854,59.3626571492203,17.4095932040462,4501.62319434411,1320.21429523325,2.38638679437538,2.54340738463854,0.564916857925445,0.624965372547031,29.4581606905905,0.397998991694465,11.3914108941822,19.2750150501924,5.65288059410545,1.35099376697216,29.4581606905905,0.397998991694465
2020-08-21,196899,4688,28731,194836,4577,28026.1428571429,739.71428571429,37.8571428571431,243.142857142859,8.59076882237769,186462.265760479,831653.252773466,2504.69147877546,7353.74025974015,315572.359157427,92368.5121174452,1407211.89761897,412700.110398863,59.5137715071051,17.4539112926292,4238.10040805396,1242.92960600893,2.38091610419555,2.54990334100291,0.56369646657018,0.618969920073949,29.5331497704431,0.386599237319916,11.4258220614082,19.3332409766579,5.66995681242811,1.30896384694461,29.5331497704431,0.386599237319916
2020-08-22,197895,4756,28932,195584.714285714,4614.71428571429,28253.7142857143,748.71428571429,37.7142857142853,227.571428571428,7.84475145564236,181319.922984483,834181.892681453,2528.63990798639,7633.26839826838,306860.318857067,89823.2217173268,1411490.52032227,413954.924187789,59.667361988058,17.4989555666192,4278.62270330312,1254.81378892559,2.40329467646984,2.55655759436818,0.570139443414671,0.621925122428188,29.6093676030964,0.401558900882059,11.4605622485591,19.392023626173,5.68719630379624,1.35611347297183,29.6093676030964,0.401558900882059
2020-08-23,198103,4771,29147,196237,4652.57142857143,28477.2857142857,652.28571428571,37.8571428571431,223.571428571428,7.76689120228595,175824.516072557,836379.113475154,2197.22079370124,7654.77056277043,297550.865886611,87102.7265580249,1415208.36039211,415045.274356092,59.8235074610031,17.5447491563131,3717.8400698367,1090.35016830283,2.40834313463198,2.55350978226013,0.570435096134396,0.618230336622797,29.6868533265128,0.359763429436551,11.4907491728989,19.4431018597385,5.70217628128819,1.21179226062724,29.6868533265128,0.359763429436551
2020-08-24,198414,4771,29341,196866.857142857,4690.42857142857,28697.4285714286,629.85714285713,37.8571428571431,220.142857142859,7.5069808622215,170333.951168778,838495.167618995,2116.05414384091,7568.76190476213,288250.022398988,84384.3463372455,1418788.86122683,416095.346337246,59.9822825636102,17.5913139510859,3580.50083472161,1050.07198115409,2.40456822603244,2.55404584416221,0.568995527254833,0.613114542540501,29.7656439789344,0.358251465669191,11.5198209742046,19.492293232816,5.71660288945491,1.20350346533454,29.7656439789344,0.358251465669191
2020-08-25,199273,4792,29526,197488.714285714,4728,28911.5714285714,621.857142857159,37.5714285714284,214.142857142855,7.49109432273853,165284.233920936,840578.736085438,2083.56846644345,7095.7142857142,279697.214701559,81883.2933098524,1422314.39418874,417129.297606308,60.1437573959539,17.6386705095487,3525.53296191175,1033.95126906224,2.404741234387,2.5549437188265,0.570083419230454,0.611474267130727,29.8457743468644,0.365103059656672,11.5484464650218,19.5407294196043,5.73080802023637,1.22322558253751,29.8457743468644,0.365103059656672
2020-08-26,199459,4896,29734,198046.142857143,4765.42857142857,29126,557.42857142858,37.4285714285716,214.428571428572,7.02164798186112,160938.294768699,842441.346716751,1862.61063131283,6171.1212121211,272339.623593354,79728.4609915565,1425466.05216478,418053.600626358,60.3079898406557,17.686835807237,3151.65797604411,924.303020049934,2.45463980066079,2.56058534683197,0.581168056278481,0.621144634467329,29.9272731540096,0.337275314053121,11.5740362857458,19.5840290557358,5.74350672826485,1.12691367296642,29.9272731540096,0.337275314053121
2020-08-27,200139,4929,29939,198597.428571429,4800.42857142857,29335.7142857143,551.28571428571,35,209.714285714286,6.84268387828924,156268.139835627,844278.34329883,1836.99658207886,6472.15151515161,264430.299911416,77414.9705736407,1428574.36950849,418965.192915209,60.4750304525342,17.7358246706238,3108.31734370254,911.592288851156,2.46278836208835,2.56813156830811,0.583812203537168,0.622009685095576,30.0101654877238,0.342566372402298,11.5992742031162,19.6267332485723,5.7560308075614,1.14142913264925,30.0101654877238,0.342566372402298
2020-08-28,200658,4978,30123,199134.428571429,4841.85714285714,29534.5714285714,537,41.4285714285716,198.857142857141,6.71525805241436,152313.018653524,846062.72428123,1784.38098240015,5698.07359307364,257739.057112879,75450.4797185052,1431593.65784548,419850.675207227,60.6449168820901,17.7856481416659,3019.28833699366,885.482292018132,2.48083804283906,2.58200708332159,0.588372452435964,0.625049067533982,30.0944700317139,0.343662343586043,11.6237892513369,19.6682142999306,5.76819616983635,1.14187126325116,30.0944700317139,0.343662343586043
2020-08-29,201287,5007,30331,199619,4877.71428571429,29734.4285714286,484.57142857142,35.8571428571422,199.857142857145,7.05036270291605,148206.183747823,847668.317946957,1605.59366572718,5676.57142857136,250787.353188465,73413.437047792,1434310.42644854,420647.435973678,60.8176819159638,17.8363158358708,2716.76860305923,796.760766451131,2.48749298265661,2.58439748735769,0.590679148198778,0.62548676844201,30.1802030560422,0.318162881399064,11.6458479969335,19.7055391279609,5.77914261501963,1.0541407950029,30.1802030560422,0.318162881399064
2020-08-30,201661,5030,30539,200127.285714286,4914.71428571429,29933.2857142857,508.28571428571,37,198.857142857141,7.34501765033761,144150.428756693,849347.636548901,1679.3186019432,5698.07359307364,243922.766600465,71401.2385452118,1437151.94242464,421480.782046823,60.9933532617027,17.887835879174,2841.51597610256,833.346073144756,2.49428496337914,2.59429711613218,0.59221922609193,0.625562884034751,30.2673783103186,0.342981751455744,11.6689196262047,19.7445778208528,5.79059169420686,1.13309617687789,30.2673783103186,0.342981751455744
2020-08-31,201835,5030,30682,200616,4951.71428571429,30124.8571428571,488.71428571429,37,191.571428571428,7.2680532834774,140025.297975871,850957.579361153,1609.94281225232,5698.07359307376,236940.791677379,69354.6129590255,1439876.07006566,422279.701036362,61.171945105029,17.9402124318956,2724.12764101615,798.918989538739,2.49213466445364,2.59531970906542,0.591098795286155,0.622832338277399,30.3560028340745,0.33905429928085,11.6910381233554,19.7820037523874,5.80156779053728,1.11684913193682,30.3560028340745,0.33905429928085
2020-09-01,202342,5044,30841,201054.428571429,4987.71428571429,30312.7142857143,438.42857142858,36,187.857142857145,6.57821408668089,135774.245210244,852397.595859595,1440.01649844158,5655.06926406908,229745.2647708,67245.8595994981,1442312.67136421,422994.295689724,61.3534637246283,17.9934473354182,2436.60129854945,714.594653362001,2.4928092042186,2.60154823191736,0.591742635655068,0.622038596866679,30.4460797430486,0.313128998801777,11.710822056409,19.8154794500762,5.81138538137592,1.02839738194288,30.4460797430486,0.313128998801777
2020-09-02,202861,5065,31021,201540.428571429,5011.85714285714,30496.5714285714,486,24.1428571428578,183.857142857141,7.25651636022347,131708.015633926,853989.076239986,1591.48038039182,5633.56709956715,222854.36889706,65234.7241921307,1445005.55937325,423784.052870971,61.5379019703976,18.0475384927941,2692.88800904364,789.757181247056,2.4967835118628,2.60148096735969,0.593098921393772,0.622162341659955,30.5376054890695,0.357973347600954,11.7326869040242,19.8524761901479,5.82223560650827,1.17215188928316,30.5376054890695,0.357973347600954
2020-09-03,203953,5130,31201,202085.285714286,5040.57142857143,30676.8571428571,544.85714285713,28.7142857142853,180.285714285714,7.97974725918469,128190.072654761,855767.877849567,1778.80160958052,5268.03030303027,216896.143313354,63492.1445397421,1448015.40704962,424666.766451665,61.7252475518419,18.1024822995264,3009.8476763675,882.713580694108,2.51528538437777,2.60444846648002,0.599461621870059,0.627649315118694,30.6305739730945,0.413716781839652,11.7571252989994,19.8938275392438,5.83436293033051,1.35056442921788,30.6305739730945,0.413716781839652
2020-09-04,204681,5171,31384,202660,5068.14285714286,30857,574.71428571429,27.5714285714284,180.142857142859,7.62726324770126,123797.385229199,857638.389558203,1870.5117086363,6235.62770562782,209452.31694475,61319.2953554135,1451180.43416087,425594.990307078,61.9154832492721,18.1582737055078,3165.02711124998,928.223855413496,2.52637030305695,2.6123774424076,0.602934763993453,0.630223723128575,30.7249766500148,0.448364344092744,11.7828236701359,19.9373108497125,5.84711550548096,1.45917048793156,30.7249766500148,0.448364344092744
2020-09-05,205516,5207,31548,203264.142857143,5096.71428571429,31030.8571428571,604.14285714287,28.5714285714284,173.857142857141,7.01175534296095,120331.949608938,859598.568656557,1960.17909835419,5397.04329004313,203582.213614363,59603.275745789,1454497.18431033,426567.710761901,62.1085795150878,18.2149040451609,3316.7501494654,972.720454822353,2.53362268631153,2.61477236082202,0.60574786765151,0.632289097285286,30.8207988571113,0.488048178662813,11.8097539532937,19.9828786352091,5.86047940539384,1.58337681747083,30.8207988571113,0.488048178662813
2020-09-06,205766,5221,31721,203850.571428571,5124,31199.7142857143,586.428571428551,27.2857142857147,168.857142857145,6.89997142520944,116632.324103748,861495.289471713,1896.72081515566,5569.06060606055,197314.123032004,57772.2650224827,1457706.55892944,427508.940640098,62.304500208978,18.27236271943,3209.37461910699,941.229878197541,2.53734824995383,2.62020791891878,0.606039297464021,0.631709012376029,30.9180226600943,0.487382063474045,11.8358124030885,20.0269712221184,5.87341066619431,1.5762404094006,30.9180226600943,0.487382063474045
2020-09-07,205964,5221,31866,204440.428571429,5151.28571428571,31368.8571428571,589.857142857159,27.2857142857147,169.142857142855,7.01113903416454,112937.722834243,863397.034522554,1901.74505084136,5569.06060606055,191054.533782242,55943.7475289152,1460924.43488114,428452.663748035,62.5032001332529,18.330636472955,3217.87595170247,943.723107936268,2.53490901322561,2.62445777169641,0.604704416536146,0.629682091210237,31.0166256300353,0.505783046007335,11.8619398792748,20.0711806061582,5.88637618069276,1.63054716216553,31.0166256300353,0.505783046007335
2020-09-08,206045,5221,32003,204969.428571429,5176.57142857143,31534.8571428571,529,25.2857142857138,166,6.43585866485882,109193.949784723,865097.092641865,1700.05811931111,5418.54545454553,184711.087421606,54091.3327610546,1463801.04346556,429296.301611753,62.7046298833038,18.389710816591,2876.60858441959,843.637863718322,2.53391249484336,2.62904912090535,0.603516072867141,0.627785676613249,31.1165832503613,0.468440077611632,11.885296442242,20.1107014253413,5.89796665554867,1.50530582399494,31.1165832503613,0.468440077611632
2020-09-09,206541,5251,32151,205495.142857143,5203.14285714286,31696.2857142857,525.71428571429,26.5714285714284,161.428571428572,6.66739138312169,107217.529770558,866781.109857138,1684.01721527299,3633.86580086593,181367.648994256,53109.3294887197,1466650.50980012,430131.979327603,62.9087357175413,18.4495699892644,2849.46633455507,835.67771584983,2.54235236587409,2.62924422402934,0.60580461898454,0.629479019632135,31.2178688523137,0.481492750364186,11.9084326242817,20.1498493457036,5.90944776844055,1.54222575389301,31.2178688523137,0.481492750364186
2020-09-10,207002,5273,32310,205930.714285714,5223.57142857143,31854.7142857143,435.57142857142,20.4285714285716,158.428571428572,6.12445765707846,104265.859476612,868171.803199555,1390.6933424169,4321.93506493489,176366.440665918,51648.7648530555,1469003.65312013,430822.097828351,63.1154545341356,18.5101954847755,2353.14332001354,690.118500748242,2.54731838339726,2.6367957217061,0.607368262890699,0.630455724568574,31.3204511222026,0.406286804020223,11.9275389220319,20.1821784405154,5.91892908912863,1.29707646258306,31.3204511222026,0.406286804020223
2020-09-11,207523,5288,32472,206336.714285714,5240.28571428571,32010.1428571429,406,16.7142857142862,155.428571428572,6.70267210678997,101391.221404257,869463.797161833,1291.99396227719,4149.91774891783,171493.83830747,50227.7221146796,1471189.79068842,431463.237689331,63.3247166038997,18.5715668532854,2186.13756829128,641.139860979631,2.54815128925468,2.64108667447142,0.608190935293853,0.63065360472093,31.4242954575743,0.389425185159937,11.9452892200896,20.2122130959127,5.92773750771366,1.23913423700018,31.4242954575743,0.389425185159937
2020-09-12,208128,5315,32628,206709.857142857,5255.71428571429,32164.4285714286,373.142857142841,15.4285714285706,154.285714285714,7.28733643947172,98258.8373001708,870647.274529608,1183.47736777551,4300.43290043285,166183.49429184,48679.926780536,1473192.31114166,432050.527210182,63.5364405280326,18.633660222547,2002.52045323513,587.289520851045,2.55371694341943,2.63744425271576,0.610465357842139,0.632302456846799,31.5293614650387,0.368057730261178,11.9615486428392,20.2397250936073,5.93580609343902,1.16723849598071,31.5293614650387,0.368057730261178
2020-09-13,208512,5322,32817,207102.142857143,5270.14285714286,32321,392.285714285739,14.4285714285716,156.571428571428,7.0562236612197,95377.5085725066,871887.287793286,1240.01326367783,4106.9134199135,161298.197293741,47256.571386142,1475290.49399704,432665.872138022,63.7505399878197,18.6964502774249,2098.18285538093,615.344927840109,2.55237108655617,2.64221862996548,0.610399999462062,0.631735374900751,31.6356063097451,0.399276047248251,11.9785847944533,20.2685513669104,5.94426012356328,1.26198650192625,31.6356063097451,0.399276047248251
2020-09-14,208725,5322,32975,207496.571428571,5284.57142857143,32479.4285714286,394.428571428551,14.4285714285716,158.428571428572,7.06607974612207,92498.7358500117,873129.857062133,1242.56926884723,4106.9134199135,156417.225222143,45834.4843852906,1477393.00177892,433282.485459405,63.9669234754777,18.7599101809587,2102.50778188114,616.613321382843,2.5497664390945,2.64045060111794,0.609531326520802,0.630360833277503,31.742984581816,0.413586126132623,11.9956560622172,20.2974370590163,5.95273157974688,1.30279065520214,31.742984581816,0.413586126132623
2020-09-15,209209,5344,33095,207948.571428571,5302.14285714286,32635.4285714286,452,17.5714285714284,156,6.95048547954849,90094.3692124238,874548.94497,1419.08790786657,3805.88311688311,152342.611790445,44645.2261827497,1479794.19054502,433986.694496391,64.185487015941,18.8240094398436,2401.18876610463,704.209036986402,2.55438341562743,2.64237800493519,0.611057852249003,0.631631656451947,31.8514446846023,0.488705768843892,12.0151524639576,20.3304262350772,5.96240648587369,1.53417005629963,31.8514446846023,0.488705768843892
2020-09-16,209907,5371,33250,208429.428571429,5319.28571428571,32792.4285714286,480.857142857159,17.1428571428578,157,5.71467377463895,87582.3391647591,876053.46037688,1504.51540688064,3999.40259740246,148084.591182985,43403.4046123725,1482339.92817932,434733.296126873,64.4061201080754,18.8887156468409,2545.73763429816,746.601630482124,2.55875220931174,2.64263748492735,0.613090438303775,0.63362047233386,31.9609317829547,0.533782508568576,12.0358225271965,20.365401322504,5.97266381048848,1.66993278273952,31.9609317829547,0.533782508568576
2020-09-17,211660,5409,33381,209094.857142857,5338.71428571429,32945.4285714286,665.428571428551,19.4285714285706,153,5.87812172684013,86562.936730769,878128.296038128,2074.83566124807,3074.80952380958,146358.2524341,42898.0394947534,1485850.68466853,435762.913823432,64.6287038045603,18.9539939176554,3510.75648921006,1029.61769655917,2.55551355948219,2.64737072895319,0.615969218211497,0.63684170853504,32.0713868503833,0.759857270090462,12.064328040754,20.4136344999886,5.98680940368244,2.36901147084563,32.0713868503833,0.759857270090462
2020-09-18,212942,5451,33526,209869,5362,33096,774.14285714287,23.2857142857147,150.571428571428,6.72240761186442,86429.356856596,880533.755124995,2405.45908686612,2515.75324675348,146136.159485667,42828.4413187407,1489920.87743438,436956.600287591,64.8531151509872,19.0198081928124,4070.19276585267,1193.68646415917,2.55985197847301,2.65662546139173,0.619056335804664,0.640572471790225,32.1827488719185,0.89441001224797,12.0973758854067,20.4695535962503,6.00320908599127,2.77885568317496,32.1827488719185,0.89441001224797
2020-09-19,213551,5467,33668,210643.714285714,5383.71428571429,33244.5714285714,774.71428571429,21.7142857142853,148.571428571428,6.60680782632006,86484.2797056964,882932.626026043,2398.8709010483,2322.23376623355,146232.874943551,42852.5297787668,1493979.9225626,438147.017426457,65.0792281478955,19.0861215197988,4059.04512821347,1190.41713886603,2.56004420489719,2.66070034185403,0.619186542534532,0.641367365013136,32.2949553215121,0.896453389495958,12.1303332170497,20.5253195386302,6.01956385206977,2.7755278857721,32.2949553215121,0.896453389495958
2020-09-20,214018,5476,33835,211430.285714286,5405.71428571429,33390,786.57142857142,22,145.428571428572,6.59638193362867,86717.6557877839,885359.720722849,2427.09469680605,2171.71861471853,146632.471436257,42964.5262878155,1498086.72418351,439351.440358707,65.3069123403574,19.152895639424,4106.80162091204,1204.42293224961,2.55866329000364,2.66473806483961,0.618505661803672,0.641226000701342,32.4079414621322,0.909595365774495,12.1636783065319,20.5817415924195,6.03611103933162,2.80639985100805,32.4079414621322,0.909595365774495
2020-09-21,214251,5478,33946,212219.714285714,5428,33528.7142857143,789.42857142858,22.2857142857147,138.714285714283,6.42834707955764,86951.0461005664,887787.115364636,2427.39464178681,2171.71861471864,147032.289741037,43076.3859274562,1502194.03333078,440556.012135834,65.536034167366,19.2200913815614,4107.30914727016,1204.57177712728,2.55681420390103,2.66139747883091,0.617039817901621,0.640126854698671,32.5216410153846,0.910441995439917,12.1970275168637,20.6381706189536,6.05266027152635,2.79919310518166,32.5216410153846,0.910441995439917
2020-09-22,214846,5498,34053,213025,5450,33665.5714285714,805.28571428571,22,136.857142857145,6.54681021567186,86751.7576567481,890254.593154584,2467.47778994788,2644.76623376622,146697.499097412,42975.2599757439,1506369.16576408,441780.474798515,65.7664573064712,19.2876687662216,4175.13243329851,1224.46266268089,2.5590422907571,2.66267997518089,0.617576145326928,0.641062721414814,32.6359863325346,0.926236501786891,12.2309274169415,20.6955314482495,6.06948277833188,2.8377781528862,32.6359863325346,0.926236501786891
2020-09-23,215284,5525,34227,213793.142857143,5472,33805.1428571429,768.14285714287,22,139.571428571428,6.78657074340543,86494.9072331664,892600.002471262,2345.40931667818,2580.25974025985,146265.622219496,42845.3535356852,1510337.75042462,442944.362128596,65.998042704827,19.3555870126578,3968.58466054546,1163.88733008091,2.56637743631668,2.66256641818642,0.618978264026824,0.642741879925983,32.7509084099142,0.885544524553265,12.2631502567178,20.7500545827599,6.08547305972462,2.70358708576061,32.7509084099142,0.885544524553265
2020-09-24,215852,5559,34393,214392,5493.42857142857,33949.7142857143,598.85714285713,21.4285714285716,144.571428571428,6.36356736242869,85371.2831322625,894422.101314081,1822.09884281899,2924.29437229433,144365.046640587,42286.7581171914,1513420.8598274,443848.561554356,66.2306484384196,19.4238044980813,3083.10940277576,904.199425759725,2.57537572040102,2.6697455223062,0.621518631061637,0.645273406359412,32.8663368190654,0.692435639862951,12.2881834987413,20.7924124516367,6.09789557080397,2.1065966784693,32.8663368190654,0.692435639862951
2020-09-25,216367,5587,34564,214881.285714286,5512.85714285714,34098,489.28571428571,19.4285714285716,148.285714285717,5.23308224724596,83330.4859340872,895905.585501187,1483.48418710625,3504.85281385295,140908.359259341,41275.9747599875,1515931.01127399,444584.726639687,66.464129314927,19.4922786411895,2510.15144659299,736.165085330955,2.58218674751695,2.67661200154257,0.623614819509639,0.647095111125732,32.982199509663,0.573189174807039,12.3085646206768,20.8268986316406,6.10800951101254,1.73768524107567,32.982199509663,0.573189174807039
2020-09-26,216826,5622,34730,215349.142857143,5535,34249.7142857143,467.857142857159,22.1428571428569,151.714285714283,5.01370156611218,81453.5471360765,897319.118564648,1413.53306346096,3268.32900432881,137731.954729293,40344.3456249918,1518322.80088314,445286.179137344,66.6983358701692,19.56096560785,2391.78960914607,701.452497657388,2.59286247959193,2.68630638938096,0.626532956189873,0.64986925141909,33.0984223115126,0.561510267878683,12.3279847061597,20.8597586756449,6.11764654591385,1.69629763659249,33.0984223115126,0.561510267878683
2020-09-27,217237,5623,34872,215809,5556,34397.8571428571,459.85714285713,21,148.142857142862,5.05210622135715,79505.7031990623,898703.607960967,1384.48939631914,3311.33333333337,134434.574929166,39378.250137451,1520665.44672404,445973.218988149,66.9331105493114,19.6298191911423,2342.64584089816,687.039850805013,2.58841725857013,2.690022804189,0.625679028123388,0.648722028670742,33.2149270395079,0.564627923939909,12.3470057698488,20.8919435488979,6.12708557000017,1.69972879634844,33.2149270395079,0.564627923939909
2020-09-28,217510,5623,34998,216274.571428571,5576.71428571429,34548.1428571429,465.57142857142,20.7142857142853,150.28571428571,5.2492550535554,77527.4367640051,900100.393473962,1396.78551299497,3354.33766233781,131085.312311152,38397.3456336955,1523028.89839174,446666.360671289,67.1682918364,19.6987920224481,2363.45166770066,693.141683140304,2.58516849800009,2.69403884296494,0.624708092649296,0.647682864068728,33.3316335428752,0.585650642599461,12.3661957660115,20.9244142668514,6.13660842523881,1.75683687684363,33.3316335428752,0.585650642599461
2020-09-29,218184,5632,35125,216751.428571429,5595.85714285714,34701.2857142857,476.857142857159,19.1428571428578,153.142857142862,5.84486079495735,75622.60811299,901526.041013423,1425.64753946103,3311.33333333326,127859.431901129,37453.5316307212,1525441.18647988,447373.824863804,67.40371426606,19.7678355748818,2412.2880881459,707.464192514482,2.58130752025813,2.69649973393655,0.624718504378305,0.647755549843983,33.4484597109771,0.615155214166818,12.3857822884641,20.9575559330014,6.14632805292202,1.83889420180462,33.4484597109771,0.615155214166818
2020-09-30,218507,5650,35261,217211.857142857,5613.71428571429,34849,460.428571428551,17.8571428571422,147.714285714283,6.18938797457388,73665.1566150968,902897.77999172,1371.73897829722,3311.33333333326,124543.620424004,36484.2517252147,1527762.25778664,448054.5374395,67.6392045434918,19.8368990253822,2321.0713067574,680.712575696467,2.58572951896278,2.69724125812687,0.625762973971629,0.648942478232941,33.5653195478982,0.608924901045428,12.4046281781765,20.9894444005261,6.15568014856877,1.81392709472233,33.5653195478982,0.608924901045428
2020-10-01,219212,5674,35411,217691.857142857,5630.14285714286,34994.4285714286,480,16.4285714285716,145.428571428572,6.06750094804702,71848.4916049051,904322.868228282,1425.08823656151,3225.32467532472,121465.456640868,35585.2675848187,1530173.59949801,448761.724083208,67.8745850577441,19.9059302850677,2411.34171136958,707.1866437071,2.58836195098808,2.70015292028414,0.627430777142273,0.650772190332156,33.682124915873,0.651678859920079,12.4242070165426,21.0225730647037,6.16539596309635,1.93454857363251,33.682124915873,0.651678859920079
2020-10-02,219763,5693,35553,218177,5645.28571428571,35135.7142857143,485.14285714287,15.1428571428578,141.28571428571,6.18567967796595,70344.4398579167,905758.253710731,1435.38548244874,2924.29437229433,118916.822692643,34841.055010051,1532602.36481719,449474.020638408,68.1096733658328,19.9748758479418,2428.76531917416,712.296555200126,2.59051796708272,2.704652396352,0.628534156512159,0.65202214240566,33.7987852792855,0.675317283809278,12.4439273255263,21.0559411063404,6.17518198108826,1.99779487416649,33.7987852792855,0.675317283809278
2020-10-03,220399,5705,35696,218687.428571429,5657.14285714286,35273.7142857143,510.42857142858,11.8571428571422,138,6.62672947809653,68504.7610364989,907263.267530006,1505.01381927496,3332.83549783553,115796.033709664,33933.3132103788,1535148.94579758,450220.869601356,68.3442833492654,20.0436811300723,2546.58098039078,746.848962948541,2.58848724359003,2.70406285443879,0.628814171605523,0.652336273780046,33.9152082785828,0.725708601031734,12.4646042362961,21.0909277802335,6.18544270372589,2.13949222186547,33.9152082785828,0.725708601031734
2020-10-04,220754,5706,35838,219189.857142857,5669,35411.7142857143,502.428571428551,11.8571428571431,138,6.65997576124802,66808.4577268993,908739.639545081,1476.37201507564,3160.81818181812,112918.678372493,33096.1444359049,1537647.06298788,450953.505338161,68.5782232818764,20.112289902936,2498.11719030165,732.635736804397,2.58477762577349,2.70071984259696,0.627902619374725,0.651330113751878,34.0312987714575,0.733520374387356,12.4848876463404,21.1252486253811,6.19550815532683,2.15513782215668,34.0312987714575,0.733520374387356
2020-10-05,221070,5707,36007,219698.428571429,5681,35555.8571428571,508.571428571449,12,144.142857142862,6.57299532874238,65168.0046383092,910229.000309305,1489.36076422373,3117.81385281379,110136.132343016,32286.474911814,1540167.15798404,451692.586619655,68.8112987441797,20.1806451481257,2520.09499616362,739.081281494466,2.58153526032478,2.68402154398564,0.62698507716857,0.649905033894068,34.1469602790666,0.761343465850001,12.5053495047177,21.1598714166802,6.20566216023586,2.22929972476234,34.1469602790666,0.761343465850001
2020-10-06,221934,5713,36167,220234.142857143,5692.57142857143,35704.7142857143,535.71428571429,11.5714285714284,148.857142857138,6.47679579958193,63838.7203000195,911792.577442877,1563.57713357185,2881.29004329012,107880.952769097,31630.6442305146,1542812.83188998,452468.497076916,69.0433130138787,20.2486891718769,2645.67390593537,775.910457261256,2.57418872277344,2.67329668575078,0.626567943338836,0.648811015676398,34.2620951798195,0.822167787134455,12.5268309984146,21.1962194970621,6.21632214958922,2.39930183876259,34.2620951798195,0.822167787134455
2020-10-07,222538,5733,36336,220810,5704.42857142857,35858.2857142857,575.85714285713,11.8571428571431,153.571428571435,6.59533042098208,62814.2352140098,913467.720062495,1675.14261961787,2687.77056277054,106142.648133543,31125.2756915923,1545647.28183318,453299.77085808,69.2740654049029,20.3163631179486,2834.44994320045,831.273781163676,2.57618923509693,2.67122540818286,0.627608384410976,0.6493134165631,34.3766038851398,0.902180760414045,12.5498452551802,21.2351611119539,6.22774275820972,2.62402286848058,34.3766038851398,0.902180760414045
2020-10-08,223401,5743,36534,221408.428571429,5714.28571428571,36018.7142857143,598.42857142858,9.85714285714312,160.428571428565,7.01357844860788,62066.6882390931,915202.779148184,1735.05908568937,2472.74891774892,104872.597838959,30757.6229500118,1548583.11432248,454160.777622407,69.5033530771725,20.3836074983826,2935.83248929866,861.006764327118,2.57071364944651,2.67000238965214,0.627511206352022,0.648662895496437,34.4903857375442,0.952836314429253,12.5736826853989,21.2754955897101,6.23957185891974,2.76220681471004,34.4903857375442,0.952836314429253
2020-10-09,224084,5746,36723,222025.714285714,5721.85714285714,36185.8571428571,617.28571428571,7.57142857142844,167.142857142862,6.65373184890899,61563.7779754477,916986.66975034,1783.8906021557,2279.22943722957,104015.843966566,30511.872636581,1551601.5729043,455046.016567838,69.7309712221717,20.4503622479272,3018.45858181943,885.238945430669,2.5642169900573,2.67063264248808,0.626617615015539,0.647227235060736,34.6033391027318,0.994700988634063,12.5981909964399,21.3169652413234,6.25173387793258,2.87415142126451,34.6033391027318,0.994700988634063
2020-10-10,224978,5759,36920,222679.857142857,5729.57142857143,36360.7142857143,654.142857142841,7.71428571428532,174.857142857138,6.74672167378777,61655.6877705099,918870.973484796,1884.30373445607,1784.6796536796,104168.057896748,30559.5690117891,1554789.93701763,455981.08458644,69.9567137501571,20.5165669255783,3188.36411333177,935.068018602266,2.55980584768288,2.66682713598179,0.626747407000913,0.646893601480134,34.7153617106043,1.06270530511794,12.6240788518745,21.3607691715123,6.2645804828851,3.06073440653293,34.7153617106043,1.06270530511794
2020-10-11,225575,5759,37110,223368.571428571,5737.14285714286,36542.4285714286,688.71428571429,7.57142857142844,181.71428571429,6.88379929748435,61841.0032987002,920848.540095237,1977.56661044131,1784.6796536796,104478.221518215,30653.689069817,1558136.1079651,456962.433430719,70.1803736489022,20.5821608197907,3346.17094747443,981.348844279186,2.55303114263549,2.66491836696775,0.625401436744895,0.645193814032666,34.8263508332898,1.11720135540982,12.6512480165837,21.406741160085,6.27806292552272,3.20743581322466,34.8263508332898,1.11720135540982
2020-10-12,226050,5759,37287,224080,5744.57142857143,36725.2857142857,711.42857142858,7.42857142857156,182.857142857145,6.98192830204564,62063.7577730983,922884.904959246,2036.36486400862,1806.18181818188,104851.531275363,30766.5317842874,1561581.7693706,457972.960355716,70.4017432717962,20.6470830329697,3445.66140550002,1010.52692499675,2.54766644547666,2.66134732528373,0.624021475381517,0.643879438079505,34.9362034281094,1.15058896271784,12.6792249919765,21.45408001672,6.29194623661994,3.29290398826925,34.9362034281094,1.15058896271784
2020-10-13,226734,5767,37403,224765.714285714,5752.28571428571,36901.8571428571,685.71428571429,7.71428571428623,176.571428571428,6.88428661579936,62271.0463819932,924841.58317853,1956.6782192844,1741.67532467528,105199.181886239,30871.3398802158,1564892.59580565,458943.943532203,70.6206144781275,20.7112725226135,3310.82643505186,970.983176486916,2.54350913405136,2.65857811694284,0.623566252306666,0.643706222321834,35.0448162071911,1.10502079970747,12.7061071776596,21.4995664181703,6.30528626861304,3.1526905387165,35.0448162071911,1.10502079970747
2020-10-14,227635,5772,37586,225493.857142857,5757.85714285714,37080.4285714286,728.142857142841,5.57142857142844,178.571428571428,7.22896692573881,62552.2025497418,926912.99042853,2071.40724999981,1784.67965367972,105670.129955282,31014.0274736636,1568397.5512007,459971.859911902,70.8367792870406,20.7746682931018,3504.95539505011,1027.91637969919,2.5356381927208,2.65551969913993,0.622712170355007,0.643249417134107,35.1520859619901,1.1694877315861,12.734565589355,21.5477198962496,6.31940848795058,3.32643719730202,35.1520859619901,1.1694877315861
2020-10-15,228748,5789,37782,226257.714285714,5764.42857142857,37258.7142857143,763.857142857159,6.57142857142844,178.28571428571,7.64534301810184,63228.4662785333,929079.474936542,2166.48450801219,1483.64935064933,106811.775423338,31305.8393347824,1572063.38348195,461046.957487307,71.0500293491771,20.8372092407417,3665.83228124259,1075.09757540445,2.53073250913669,2.65352061178739,0.623089860035429,0.644150078926959,35.2579093010954,1.22133453473995,12.7643302375479,21.5980836111906,6.33417891487341,3.46348237104743,35.2579093010954,1.22133453473995
2020-10-16,229486,5806,37994,227029.428571429,5773,37440.2857142857,771.71428571429,8.57142857142844,181.571428571435,8.19291726700546,64262.595321252,931261.790126447,2182.31518990488,1139.61471861473,108562.00230355,31598.364165863,1575756.00230355,462129.910889816,71.2601561550332,20.8988342148736,3692.61882160418,1082.95340250916,2.530001830177,2.65413084455887,0.623455193969857,0.645039158086753,35.3621827536255,1.22069865048884,12.7943123784926,21.6488153379716,6.34905727053017,3.45147576455733,35.3621827536255,1.22069865048884
2020-10-17,230407,5824,38193,227805,5782.28571428571,37622.1428571429,775.57142857142,9.28571428571468,181.857142857138,8.39259213455337,65279.0691699091,933448.666572507,2186.87644605956,1161.11688311677,110282.745659766,31876.7239060128,1579456.33906636,463215.127772823,71.4669519720742,20.9594822927036,3700.33676280943,1085.21688300697,2.52770098130699,2.65018778383645,0.623922901018748,0.646015726118474,35.4648032342624,1.2070555290822,12.8243571850988,21.6996530991157,6.36396672343248,3.40303163158482,35.4648032342624,1.2070555290822
2020-10-18,231149,5827,38384,228601.285714286,5792,37804.1428571429,796.28571428571,9.71428571428532,182,8.59415954855212,66368.6569740892,935687.583381016,2238.91680850927,1139.61471861484,112127.603292055,32217.4796154986,1583244.73149718,464326.169196594,71.6702093413081,21.0190926316612,3788.39243082399,1111.04142377153,2.52088479725199,2.65071599536857,0.622750595764529,0.645366522005784,35.5656677934311,1.21999449446005,12.8551169578514,21.7517006293442,6.37923097156538,3.42976215344277,35.5656677934311,1.21999449446005
2020-10-19,231897,5830,38553,229436.571428571,5802.14285714286,37985,835.28571428571,10.1428571428569,180.857142857145,8.91514828085711,67582.4549801361,938029.636798318,2342.0534173022,1118.11255411245,114183.033362754,32778.1301834832,1587207.63775836,465488.39119315,71.8697216849208,21.0776046476033,3962.90626117541,1162.22199655604,2.5140471847415,2.64681808347301,0.621515543996984,0.644681253214566,35.6646739188329,1.258734346091,12.8872936919833,21.8061457501145,6.39519837346541,3.52885461915638,35.6646739188329,1.258734346091
2020-10-20,232937,5837,38705,230322.714285714,5812.14285714286,38171,886.14285714287,10,186,9.37093996434715,68889.2470945502,940507.545795849,2477.90899753117,1161.11688311712,116395.508383426,33425.4620383268,1591400.42047134,466718.030244557,72.0652825826669,21.134957802598,4192.78271297971,1229.63905140641,2.5058277560027,2.64473221476903,0.620622346528946,0.644432438356134,35.761719176361,1.31138715178043,12.9213369031362,21.8637490710429,6.41209199704504,3.66649746337193,35.761719176361,1.31138715178043
2020-10-21,233912,5854,38883,231219.428571429,5823.85714285714,38356.2857142857,896.71428571429,11.7142857142862,185.285714285717,9.2055670435714,70539.77600028,943008.373402878,2500.82760702842,838.584415584221,119192.356584203,34192.4742342957,1595631.98295783,467959.042440526,72.2566860041341,21.1910916730417,4231.56248649093,1241.01219596894,2.50265056944492,2.64241541152961,0.620779217354735,0.645237188532643,35.8567013253598,1.30185571700972,12.9556949858454,21.9218851750635,6.42914187267516,3.63021474686179,35.8567013253598,1.30185571700972
2020-10-22,234906,5859,39089,232099.142857143,5833.85714285714,38543,879.71428571429,10,186.714285714283,9.119045150972,71987.7586557546,945455.455625452,2447.08222257427,989.099567099707,121644.56813847,34909.294843135,1599772.60476851,469173.383994585,72.4437274483014,21.2459462838632,4140.62181067676,1214.34155405947,2.49418916502771,2.64269600680266,0.619701326502375,0.644739124941555,35.9495188841195,1.24728753669262,12.9893146776479,21.9787718737864,6.4458253287576,3.46908136278255,35.9495188841195,1.24728753669262
2020-10-23,235882,5865,39306,233012.857142857,5842.28571428571,38730.4285714286,913.714285714261,8.42857142857156,187.428571428572,8.87236610301146,73224.4734995937,947990.728910849,2535.27328539721,1290.12987012963,123736.755605858,35523.0749267585,1604062.45157655,470431.489534707,72.6262031741567,21.2994618828831,4289.84680804797,1258.10554012191,2.48641269787436,2.64273113234981,0.61867693650742,0.644343346345482,36.0400707480777,1.26943305810057,13.0241459986815,22.0377087277408,6.46311004445848,3.52181167012142,36.0400707480777,1.26943305810057
2020-10-24,236772,5869,39525,233922.142857143,5848.71428571429,38920.7142857143,909.285714285739,6.42857142857065,190.28571428571,8.7376108502872,74337.2312407838,950507.555916109,2516.82700525958,1397.64069264079,125617.294873601,36076.7098101419,1608321.08608239,471680.441281678,72.8039106787786,21.3515790810233,4258.63450583792,1248.95174697094,2.47875593397868,2.63533946385605,0.617459583931808,0.64367709775173,36.1282564270631,1.24194221796397,13.058723892083,22.0962167657074,6.48026899907879,3.43713909431324,36.1282564270631,1.24194221796397
2020-10-25,238163,5874,39742,234924.142857143,5855.42857142857,39114.7142857143,1002,6.71428571428623,194,9.30436166825843,75635.2573595507,953274.443506737,2766.88759062835,1462.14718614728,127811.205615142,36722.3543502818,1613002.83931478,473053.483243945,72.9766480221687,21.4022386542969,4681.75323238363,1373.04196226667,2.46637806880162,2.63120391637768,0.616191909896563,0.643044069427886,36.2139757102491,1.34808718074614,13.0967372890956,22.1605378985716,6.49913279007749,3.72207512231145,36.2139757102491,1.34808718074614
2020-10-26,238964,5875,39920,235933.714285714,5861.85714285714,39310,1009.57142857142,6.42857142857156,195.285714285717,9.42065692652232,76883.583619264,956055.852017533,2781.40851079556,1526.65367965365,129920.510871094,37343.6956306122,1617709.16288575,474433.731076369,73.1442140211703,21.4513816006801,4706.32357096975,1380.24783242488,2.45852931822367,2.62391714578589,0.614503848033793,0.641934239477299,36.2971287623853,1.33496125769627,13.134950184456,22.2251965955778,6.51809558025638,3.67739676956932,36.2971287623853,1.33496125769627
2020-10-27,240122,5891,40169,236960.142857143,5869.57142857143,39519.1428571429,1026.42857142858,7.71428571428532,209.142857142855,9.29471423766545,78192.3116101044,958877.445809239,2821.59379170614,1505.15151515137,132133.01369351,37994.2910460453,1622483.48255798,475833.920476765,73.3064091999718,21.4989494188708,4774.31967223319,1400.18940039549,2.45333622075445,2.61936212695749,0.614364226184122,0.642430276724076,36.3776165954747,1.33521233357499,13.1737151727322,22.2907894695999,6.53733234135583,3.66995613222061,36.3776165954747,1.33521233357499
2020-10-28,241165,5905,40426,237996.285714286,5876.85714285714,39739.5714285714,1036.14285714284,7.28571428571468,220.428571428572,9.79367522752418,79264.0735365496,961719.670939147,2842.22512990842,1763.17748917756,133943.008495662,38528.3737635723,1627292.71179237,477244.34798484,73.4630352294491,21.544883943862,4809.22923438647,1410.42750807485,2.44853108867373,2.6121919222578,0.614004286117346,0.642636471321477,36.4553407905537,1.32528751478611,13.2127636084649,22.3568619550996,6.5567097605916,3.63491636374788,36.4553407905537,1.32528751478611
2020-10-29,242480,5918,40697,239078.285714286,5885.28571428571,39969.2857142857,1082,8.42857142857156,229.71428571429,9.82360570687422,80712.4260099664,964681.603499144,2961.93255999696,1505.15151515161,136392.259329097,39247.896688082,1632304.49376133,478714.179180026,73.6138954965339,21.5891275139232,5011.78196896636,1469.83119518642,2.44061365885846,2.60901505675971,0.61346665869173,0.642668119926426,36.5302037802349,1.36522702307383,13.2534566668706,22.4257172488137,6.57690330837188,3.73679073991974,36.5302037802349,1.36522702307383
2020-10-30,244045,5934,40906,240244.428571429,5895.14285714286,40197.8571428571,1166.14285714287,9.85714285714221,228.571428571428,10.5158065596579,82619.9402903537,967867.602628016,3185.99912887218,1268.6277056277,139620.575730424,40193.763065675,1637695.41089526,480295.201304128,73.7587943499032,21.6316227493799,5390.91713392758,1581.02212410205,2.43151877727468,2.60789332322179,0.613100385206367,0.642983753240827,36.602108474388,1.44498921765248,13.2972281052831,22.4997813611281,6.59862447329836,3.94734650706543,36.602108474388,1.44498921765248
2020-10-31,245946,5979,41159,241555,5910.85714285714,40431.2857142857,1310.57142857142,15.7142857142862,233.428571428572,11.7609353366495,85210.4960087829,971441.470034757,3573.86740674078,967.597402597312,144010.153780618,41422.2611772906,1643742.62630809,482068.699415744,73.8975373014329,21.672312611695,6047.21541283163,1773.49811161571,2.43102144373155,2.60695667295471,0.615477121826607,0.64648909702472,36.6709583601096,1.58645610498704,13.3463283437831,22.5828621487563,6.62299000518559,4.32567173757453,36.6709583601096,1.58645610498704
2020-11-01,247473,5981,41398,242885,5926.14285714286,40667.8571428571,1330,15.2857142857138,236.571428571428,11.7313508064513,87804.9705466981,975061.83201856,3620.36198380264,1010.60173160175,148405.857882768,42634.4032143657,1649868.51356042,483865.270024248,74.0299320107326,21.7111406922084,6125.88725233264,1796.57060850359,2.41682931067228,2.60335311228188,0.613396997359461,0.645260133557398,36.7366579902884,1.5610234521217,13.3960673566311,22.6670237840051,6.6476725228395,4.24872774291735,36.7366579902884,1.5610234521217
2020-11-02,248139,5982,41589,244195.714285714,5941.42857142857,40906.2857142857,1310.71428571429,15.2857142857147,238.428571428572,11.792907546176,90383.8969145962,978623.641503341,3561.80948478123,967.597402597428,152775.461718494,43794.6319812495,1655895.32618736,485632.784505417,74.1557876712255,21.7480510320892,6026.81262693531,1767.51448116958,2.41074559017325,2.59736853280841,0.611266655157705,0.643863109817229,36.799112678954,1.49292681202604,13.4450019351397,22.749824264185,6.67195584751292,4.05650097324151,36.799112678954,1.49292681202604
2020-11-03,249818,6020,41776,245580.857142857,5959.85714285714,41135.8571428571,1385.14285714284,18.4285714285716,229.571428571428,12.3377614903036,92962.380264261,982381.670307551,3758.02880421036,1161.11688311689,157145.553894734,45031.5184555193,1662254.15462733,487497.670979687,74.2749157256446,21.7829883321736,6358.82843997586,1864.88647426985,2.40975430113122,2.59704606941475,0.612796449888498,0.646434768807878,36.8582288563349,1.53268131057344,13.496632309067,22.8371862050322,6.69757693532647,4.15785215342212,36.8582288563349,1.53268131057344
2020-11-04,250633,6059,42039,246933.428571429,5981.85714285714,41366.2857142857,1352.57142857145,22,230.428571428572,11.7063761915949,95507.893508136,986045.793941037,3664.12363348529,1096.61038961029,161462.642542369,46180.9482285271,1668454.08942882,489315.957895552,74.387128718248,21.8158976163473,6199.9348014812,1818.28691586485,2.41747894331552,2.59621328469063,0.614474503844627,0.649098361482245,36.913913499281,1.45512453106583,13.5469725494347,22.9223651562331,6.72255780648639,3.94151227955804,36.913913499281,1.45512453106583
2020-11-05,252768,6087,42317,248403.142857143,6006,41597.7142857143,1469.71428571429,24.1428571428569,231.428571428565,12.7064112539677,98190.9692310396,990021.640226711,3975.84628567437,1268.62770562794,166013.145839274,47449.4960093882,1675181.47917261,491288.934247841,74.4922403154372,21.8467242375933,6727.38974379166,1972.97635228961,2.40813710596278,2.59832402476325,0.614835045283061,0.650537648261316,36.9660741414952,1.53900391387703,13.6015954491253,23.0147906447332,6.74966390708474,4.16284574984965,36.9660741414952,1.53900391387703
2020-11-06,254764,6109,42652,249934.428571429,6031,41847.1428571429,1531.28571428571,25,249.428571428572,12.8809363583926,100819.295338538,994158.615684858,4136.97545814724,1483.6493506491,170470.561207291,48746.1497813151,1682181.50992524,493341.869437599,74.5900660637398,21.8754141002884,7000.03075263184,2052.93518975726,2.39790551255279,2.60072359711424,0.614489469146895,0.651258740699413,37.0146192496754,1.55965891001167,13.6584320517594,23.1109618621694,6.7778685369633,4.2131934235348,37.0146192496754,1.55965891001167
2020-11-07,257384,6147,42950,251568.428571429,6055,42103,1634,24,255.857142857145,13.1046492976789,102839.188113808,998567.746555367,4409.13087050884,2365.23809523822,173893.50682297,49744.3285806439,1689642.04528451,495529.859192889,74.6804227967409,21.9019134862718,7460.53535926994,2187.98975529009,2.38826034252323,2.59941529254691,0.615581668965829,0.653583272933601,37.0594579292097,1.62088527275398,13.7190077118724,23.2134598073329,6.80792863897427,4.37330062236953,37.0594579292097,1.62088527275398
2020-11-08,259264,6164,43232,253252.857142857,6081.14285714286,42365,1684.42857142855,26.1428571428569,262,13.5695625654537,105052.491187362,1003107.9240878,4540.17753242806,2300.7316017315,177645.510570141,50837.1900414192,1697324.32009395,497782.879622515,74.7631290546347,21.9261691778885,7682.27480944176,2253.02042962599,2.37749938286843,2.59975668505372,0.614490211071297,0.653652732452099,37.1005001323751,1.63808737285413,13.7813837807926,23.3190041609524,6.83888217693468,4.41483214297998,37.1005001323751,1.63808737285413
2020-11-09,259699,6164,43460,254904.285714286,6107.14285714286,42632.2857142857,1651.42857142858,26,267.285714285717,12.7586777771647,107172.53609099,1007554.70059316,4446.77650536015,2300.73160173185,181239.616579721,51883.8449774841,1704848.55430866,499989.550670288,74.8380042007381,21.9481281988851,7524.23421470844,2206.67104777269,2.37351703318072,2.59982412417855,0.611778198878057,0.651960910831309,37.1376562199152,1.57215616909218,13.8424766424241,23.4223772446251,6.8691989353383,4.23290914389577,37.1376562199152,1.57215616909218
2020-11-10,263133,6192,43682,256806.428571429,6131.71428571429,42904.5714285714,1902.14285714287,24.5714285714284,272.28571428571,13.9600960379121,109491.484409554,1012671.99956107,5117.29896791442,2773.77922077896,185167.000701159,53031.506763925,1713507.35601251,502528.9621882,74.9048684597033,21.9677378256164,8658.80170385516,2539.41151791246,2.35318261107501,2.59948376125109,0.61145168452212,0.65317094473213,37.1708369800031,1.77501099929234,13.9127816009479,23.541337793632,6.90408711024484,4.77482306061115,37.1708369800031,1.77501099929234
2020-11-11,265163,6228,43990,258882.142857143,6155.85714285714,43183.2857142857,2075.71428571429,24.1428571428578,278.71428571429,15.1380973714097,111735.892249436,1018251.88359143,5579.8840303584,3311.33333333349,188965.357830537,54144.1935759824,1722948.88164006,505297.927195746,74.9635434199192,21.9849457343873,9441.52562754625,2768.96500754618,2.34874398011789,2.59990925567936,0.61163648212793,0.655228878638149,37.1999538775539,1.89595382199203,13.9894418699261,23.6710519400612,6.942129048234,5.09618082214208,37.1999538775539,1.89595382199203
2020-11-12,266562,6240,44363,260852.714285714,6177.71428571429,43475.5714285714,1970.57142857142,21.8571428571422,292.28571428571,14.2386737822187,113373.858303473,1023545.57258919,5293.68899775972,3633.86580086581,191734.432427363,54958.1702859342,1731906.14671308,507924.870608168,75.0138514310241,21.9996998247583,8957.26507301605,2626.9434124222,2.34091881063317,2.59390177555468,0.609645546530491,0.654585889982049,37.224918755245,1.76375849503633,14.0621701955054,23.7941129832782,6.97821979626586,4.73767998016449,37.224918755245,1.76375849503633
2020-11-13,269577,6257,44675,262968.857142857,6198.85714285714,43764.5714285714,2116.14285714287,21.1428571428578,289,14.7532493401725,115271.421496807,1029227.15742754,5681.58483835577,3762.87878787867,194941.643149805,55901.7612583513,1741519.75670292,510744.303685849,75.0556157510903,22.0119482627109,9613.60998984217,2819.4330776803,2.32104370921852,2.59405481279906,0.607931879259656,0.654459672705947,37.2456439065561,1.86668486397611,14.140227699848,23.9261913425528,7.01695509917268,5.01137116031423,37.2456439065561,1.86668486397611
2020-11-14,273053,6300,45036,265207.285714286,6220.71428571429,44062.5714285714,2238.42857142858,21.8571428571422,298,15.2750562980729,117644.462996781,1035234.41970674,6007.26227919478,3612.36363636376,198954.6171926,57080.4402841172,1751684.43404242,513725.351132667,75.0886596527526,22.0216392184976,10164.677339498,2981.0474468185,2.30724438112747,2.59064737329953,0.608557818410314,0.657018269387195,37.262041632193,1.94204694570149,14.2227595839588,24.065840642553,7.05791077098707,5.21140643638298,37.262041632193,1.94204694570149
2020-11-15,275436,6302,45400,267517.571428571,6240.42857142857,44372.2857142857,2310.28571428568,19.7142857142862,309.71428571429,15.8801233331365,119887.96446578,1041432.53156535,6198.11185860902,3934.89610389608,202745.356264944,58196.9952558436,1762172.04124663,516801.105889571,75.1128063477807,22.0287208445206,10487.6072042119,3075.75475690363,2.28800882963737,2.58761784314829,0.605128014440613,0.655284506538783,37.2740242026581,1.96395404372406,14.3079134903218,24.2099265742387,7.10016759670105,5.26851132702998,37.2740242026581,1.96395404372406
2020-11-16,276912,6302,45737,269976.571428571,6260.14285714286,44697.5714285714,2459,19.7142857142853,325.28571428571,16.4601143687725,122550.62021101,1048028.29553569,6595.76397033769,3913.39393939381,207245.435677039,59521.4796321015,1773332.50161111,520074.191769588,75.1278790151103,22.0331412835526,11160.4603644765,3273.08588001726,2.27581325475241,2.58171513409059,0.601319642498662,0.65327253853925,37.28150387216,2.05125218469359,14.3985306137838,24.3632566235383,7.14513549255436,5.50160643708346,37.28150387216,2.05125218469359
2020-11-17,279896,6312,46103,272371.285714286,6277.28571428571,45043.4285714286,2394.71428571432,17.1428571428578,345.857142857145,15.8749550163836,125257.938108839,1054451.12858503,6422.83304934483,3698.3722943723,211820.347979914,60868.7029068568,1784200.35164292,523261.462305353,75.1337000999046,22.0348484631693,10867.8500318122,3187.27053576504,2.25512333152314,2.57218370148363,0.598605267602121,0.652155313687663,37.2843925307797,1.9542185212993,14.4867718937971,24.5125665916523,7.18892439842562,5.24096331645315,37.2843925307797,1.9542185212993
2020-11-18,283102,6365,46521,274934,6296.85714285714,45405,2562.71428571426,19.5714285714284,361.571428571428,16.2071083967258,128478.254808716,1061324.88251434,6873.7539293142,3633.86580086581,217265.280620359,62469.0577031437,1795831.18904527,526672.498089825,75.1300909061299,22.0337899762614,11630.8374023503,3411.03578447172,2.24830626417334,2.5602600338518,0.599722111943793,0.655211888346939,37.28260150229,2.04610849795802,14.581208233736,24.6723590029021,7.23578754456073,5.48767929050648,37.28260150229,2.04610849795802
2020-11-19,287225,6384,46951,277885.857142857,6317.42857142857,45774.7142857143,2951.85714285716,20.5714285714284,369.714285714283,18.160165931342,133086.764846907,1069243.79514994,7918.91263559298,3289.83116883121,225061.484440797,64756.6351871867,1809230.50275582,530602.184059367,75.1168710613533,22.0299129240734,13399.313710548,3929.68596954236,2.22264775002176,2.55277487702843,0.5970574745402,0.654727709604214,37.2760412785663,2.29772493706826,14.6900036799059,24.8564479530639,7.28977626220895,6.16362095467671,37.2760412785663,2.29772493706826
