"date","positive","death","recovered","positive7","death7","recovered7","dif_pos7","dif_dea7","dif_rec7","testPosRate7","Einfected","Epositive","dif_Epositive","dif_Erecovered","Einfected_U","Einfected_L","Epositive_U","Epositive_L","confirmRate_k_U","confirmRate_k_L","dif_Epositive_U","dif_Epositive_L","CFR","CFRadj","ECFR_k","EIFRadj_k","confirmRate_k","NCC7PerEinfected_k","cumIncidence","cumIncidence_U","cumIncidence_L","difEposPerEinfected_k","ascertainmentRate","docuTransmissionRate"
2020-02-17,12,1,4,12,1,4,NA,NA,NA,NA,648.350649350649,649.350649350649,NA,NA,1097.9010989011,321.234156820623,1098.9010989011,322.234156820623,NA,NA,NA,NA,NA,NA,NA,NA,NA,NA,0.000997011102887327,0.0016872495587324,0.000494757389402734,NA,NA,NA
2020-02-18,12,1,4,12,1,4,0,0,0,NA,843.155844155844,844.155844155844,194.805194805195,0,1427.57142857143,417.90440386681,1428.57142857143,418.90440386681,NA,NA,329.67032967033,96.6702470461869,NA,NA,NA,NA,NA,NA,0.00129611443375353,0.00219342442635212,0.000643184606223554,NA,NA,NA
2020-02-19,12,1,4,12,1,4,0,0,0,NA,1211.12121212121,1212.12121212121,367.965367965368,0,2050.28205128205,600.503759398496,2051.28205128205,601.503759398496,NA,NA,622.710622710623,182.599355531686,NA,NA,NA,NA,NA,NA,0.00186108739205634,0.00314953250963381,0.000923547126885103,NA,NA,NA
2020-02-20,12,1,4,12,1,4,0,0,0,NA,1557.44155844156,1558.44155844156,346.320346320347,0,2636.36263736264,772.361976369495,2637.36263736264,773.361976369495,NA,NA,586.080586080586,171.858216970999,NA,NA,NA,NA,NA,NA,0.00239282664692959,0.00404939894095776,0.00118741773456656,NA,NA,NA
2020-02-21,12,1,4,12,1,4,0,0,0,NA,2185.14718614719,2186.14718614719,627.705627705628,0,3698.6336996337,1083.85499462943,3699.6336996337,1084.85499462943,NA,NA,1062.27106227106,311.493018259936,NA,NA,NA,NA,NA,NA,0.00335660404638733,0.00568040684773241,0.0016656832109892,NA,NA,NA
2020-02-22,12,1,4,12,1,4,0,0,0,NA,3137.52813852814,3138.52813852814,952.380952380953,0,5310.35531135531,1556.46509129968,5311.35531135531,1557.46509129968,NA,NA,1611.72161172161,472.610096670247,NA,NA,NA,NA,NA,NA,0.00481888699728875,0.00815503953387327,0.00239132738211321,NA,NA,NA
2020-02-23,12,1,4,12,1,4,0,0,0,NA,4046.61904761905,4047.61904761905,909.090909090909,0,6848.81684981685,2007.59291084855,6849.81684981685,2008.59291084855,NA,NA,1538.46153846154,451.127819548872,NA,NA,NA,NA,NA,NA,0.00621470254133101,0.0105171889160986,0.00308398772727704,NA,NA,NA
2020-02-24,12,1,4,12,1,4,0,0,0,NA,5411.25541125541,5562.77056277056,1515.15151515152,150.515151515152,9157.50915750916,2685.28464017186,9413.91941391941,2760.47261009667,NA,NA,2564.10256410256,751.87969924812,NA,NA,NA,NA,NA,NA,0.00854106178140144,0.0144541045531409,0.00423842163588342,NA,NA,NA
2020-02-25,14,1,11,12.2857142857143,1,5,0.285714285714286,0,1,NA,7142.85714285714,7294.3722943723,1731.60173160173,0,12087.9120879121,3544.57572502685,12344.3223443223,3619.76369495167,5.22250580660719,2.08531499253745,2930.40293040293,859.291084854995,NA,NA,NA,NA,2.59161942282763,0.00528000000000001,0.0111997580557676,0.0189534367097606,0.00555777467429071,32,2.59161942282763,0.00528000000000001
2020-02-26,18,2,11,13.1428571428571,1.14285714285714,6,0.857142857142856,0.142857142857143,1,NA,7174.42193305841,7326.07994171641,31.7076473441184,0,12127.1753420777,3560.16748987431,12383.7284556308,3635.49831694198,5.44749570514299,2.17515209870067,39.4061113084863,15.7346219903143,NA,NA,NA,NA,2.7032685454093,0.012,0.0112484418854984,0.0190139407387247,0.00558193356723979,0.443907062817658,2.7032685454093,0.012
2020-02-27,38,2,11,16.8571428571429,1.28571428571429,7,3.71428571428572,0.142857142857143,1,NA,7306.22043973808,7458.02130553895,131.941363822532,0,12291.0085760197,3625.49929447797,12547.7045467156,3700.9729786885,5.67285972192617,2.26513858801809,163.976091084811,65.4746617465203,NA,NA,NA,NA,2.81510332065509,0.0517711073848322,0.0114510242726766,0.0192657091531909,0.00568246317290716,1.83905219199015,2.81510332065509,0.0517711073848322
2020-02-28,57,2,11,23.2857142857143,1.42857142857143,8,6.42857142857143,0.142857142857143,1,NA,7525.69853729092,7677.64226023464,219.620954695694,0,12563.8095829387,3734.34127199614,12820.6484107775,3809.95781334952,5.89859263315525,2.35527237465737,272.943864061865,108.984834661021,NA,NA,NA,NA,2.92712115630261,0.0879867190552341,0.0117882296492744,0.0196847863701103,0.00584979817182036,3.00594481794157,2.92712115630261,0.0879867190552341
2020-02-29,100,2,12,35.8571428571429,1.57142857142857,9.14285714285714,12.5714285714286,0.142857142857143,1.14285714285714,NA,7939.18243324887,8091.26901333545,413.626753100805,0,13077.7200611304,3939.45680361007,13334.7017461121,4015.21620210631,6.12468442706349,2.44554946098057,514.053335334624,205.25838875679,NA,NA,NA,NA,3.03931708410669,0.167042788980451,0.0124233109658252,0.0204740623696298,0.00616495130634934,5.49619083266789,3.03931708410669,0.167042788980451
2020-03-01,130,2,12,52.7142857142857,1.71428571428571,10.2857142857143,16.8571428571429,0.142857142857143,1.14285714285714,NA,8473.900773407,8626.13021063644,534.861197300992,0,13742.3001223009,4204.73378873688,13999.4246644255,4280.63604437598,6.35112383196132,2.53596534627022,664.72291831336,265.419842269666,NA,NA,NA,NA,3.15168551059735,0.212319078529706,0.0132445352962327,0.021494676009679,0.00657247616204031,6.73698081380549,3.15168551059735,0.212319078529706
2020-03-02,191,3,12,78.2857142857143,2,11.4285714285714,25.5714285714286,0.285714285714286,1.14285714285714,NA,9257.00052324028,9409.51567475543,783.38546411899,0,14715.6020874004,4593.19574837487,14973.0123438106,4669.38371829969,6.5778987982953,2.62651521921246,973.587679385157,388.747673923709,NA,NA,NA,NA,3.26422045629691,0.301746707677141,0.0144473430648062,0.0229895197076903,0.00716935821261059,9.244685358807,3.26422045629691,0.301746707677141
2020-03-03,204,4,12,105.428571428571,2.42857142857143,11.5714285714286,27.1428571428571,0.428571428571428,0.142857142857142,NA,10060.3488037901,10213.2925267338,803.776851978371,0,15714.103513915,4991.63388544685,15971.9423417539,5068.25042680023,6.80499439145848,2.71719311650905,998.929997943218,398.866708500545,NA,NA,NA,NA,3.37691451004707,0.293186792355665,0.0156814597111322,0.0245232739280834,0.00778177699950923,8.68290814028193,3.37691451004707,0.293186792355665
2020-03-04,285,4,12,143.571428571429,2.71428571428571,11.7142857142857,38.1428571428572,0.285714285714286,0.142857142857142,NA,11131.554673758,11306.2862754896,1092.99374875576,21.5021645021645,17035.697983558,5523.13776506571,17330.3097051697,5610.63830212264,7.03239487427411,2.80799275440046,1358.36736341583,542.387875322406,NA,NA,NA,NA,3.48975986242174,0.379096438907278,0.017359639141592,0.0266089072364965,0.00861455776951181,10.8643723003321,3.48975986242174,0.379096438907278
2020-03-05,377,6,12,192,3.28571428571429,11.8571428571429,48.4285714285714,0.571428571428571,0.142857142857144,NA,12453.6928785631,12650.4980733683,1344.21179787875,21.5021645021645,18669.2193196533,6179.02052620425,19000.8896493236,6277.69077325044,7.26008425494508,2.89890774745878,1670.57994415395,667.052471127799,NA,NA,NA,NA,3.60274857764192,0.434995814940259,0.0194235380357525,0.0291739108354734,0.00963874819819298,12.0756878735695,3.60274857764192,0.434995814940259
2020-03-06,653,9,12,277.142857142857,4.28571428571429,12,85.1428571428572,1,0.142857142857142,NA,14722.5196043477,14941.826963655,2291.32889028672,21.5021645021645,21479.38464226,7304.47267154525,21848.5421514175,7414.74120000926,7.48804583676713,2.98993142879096,2847.65250209388,1137.05042675883,NA,NA,NA,1.386,3.71587237012504,0.683565032007756,0.0229416377654854,0.0335461882245722,0.0113845721242258,18.3987907252061,3.71587237012504,0.683565032007756
2020-03-07,949,11,12,398.428571428571,5.57142857142857,12,121.285714285714,1.28571428571429,0,NA,17867.1858384104,18109.2810765057,3167.45411285064,21.5021645021645,25378.1084548146,8864.40801003826,25785.038857745,8986.56053420582,7.71626303653466,3.08105717682327,3936.49670632748,1571.81933419656,1.15911485774499,46.4285714285714,0.060742334019383,1.30307692307692,3.82912301061118,0.823656480980056,0.0278049376198186,0.0395902738455115,0.0137979389692333,21.5143480733778,3.82912301061118,0.823656480980056
2020-03-08,1126,19,12,540.714285714286,8,12,142.285714285714,2.42857142857143,0,NA,21452.2841058139,21718.3100798399,3609.02900333418,21.5021645021645,29824.4765560079,10642.3278806509,30270.3227098541,10777.5072576649,7.94472065650847,3.17227892319032,4485.28385210905,1790.94672345907,1.68738898756661,66.6666666666667,0.0874837864002911,1.5675,3.9424929573651,0.796185212489956,0.0333462302797471,0.0464769656577486,0.0165477533719046,20.1992022469234,3.9424929573651,0.796185212489956
2020-03-09,1209,19,12,686.142857142857,10.2857142857143,12,145.428571428571,2.28571428571429,0,NA,24992.5333812089,25303.8493985249,3585.53931868502,43.004329004329,34205.3074679803,12398.1357917492,34726.4136950865,12556.7974458845,8.17340377592303,3.26359071012067,4456.09098523246,1779.29018821963,1.57154673283706,85.7142857142857,0.0750873896724489,1.21916666666667,4.05597480609714,0.677764150840328,0.0388514569460219,0.0533188348268881,0.0192796703641913,16.7140212249626,4.05597480609714,0.677764150840328
2020-03-10,1784,33,12,911.857142857143,14.4285714285714,12,225.714285714286,4.14285714285714,0,NA,30337.2659881883,30717.2313561536,5413.38195762876,64.5064935064935,40819.4280802435,15048.5380091761,41454.1387029541,15243.1373647078,8.40229801644596,3.35498679643312,6727.72500786757,2686.3399188233,1.84977578475336,120.238095238095,0.107431557282551,1.50950495049505,4.16956142169499,0.902915700542104,0.0471631478965477,0.0636485642831138,0.0234042688809936,21.6599969081123,4.16956142169499,0.902915700542104
2020-03-11,2281,48,12,1197,20.7142857142857,12,285.142857142857,6.28571428571429,0,NA,36945.1419800868,37374.3973913422,6657.16603518853,43.0043290043291,49013.6618721905,18324.6118096671,49727.6325681612,18546.6934423202,8.63139145950095,3.44646242311221,8273.49386520711,3303.55607761235,2.10434020166594,172.619047619048,0.128430164364655,1.52937931034483,4.28324688967716,0.939682668619917,0.0573845413108526,0.0763516627577676,0.0284765392971148,21.943856238662,4.28324688967716,0.939682668619917
2020-03-12,2281,48,12,1469,26.7142857142857,12,272,6,0,NA,43039.1332730995,43560.3973423636,6185.99995102144,86.008658008658,56549.6440807682,21345.9630205929,57415.5634946877,21616.4377789173,8.86067275236085,3.53801305708264,7687.93092652645,3069.7443365971,2.10434020166594,222.619047619048,0.110191832325916,1.18588235294118,4.39702557635952,0.736046096995272,0.066882507686641,0.0881556895954133,0.0331898158444985,16.7437438848,4.39702557635952,0.736046096995272
2020-03-13,3661,79,12,1898.71428571429,36.7142857142857,12,429.714285714286,10,0,NA,52404.7667868093,53086.5460075885,9526.14866522486,150.515151515152,68123.2854754945,25989.0367943135,69254.6151458242,26343.6995225627,9.09013101066226,3.6296343522839,11839.0516511365,4727.26174364542,2.15788036055722,305.952380952381,0.148813599567595,1.42015564202335,4.51089208047902,0.998180767893278,0.0815089287065971,0.106333335148926,0.0404480398092888,22.1336907617954,4.51089208047902,0.998180767893278
2020-03-14,4469,91,12,2401.57142857143,48.1428571428571,12,502.857142857143,11.4285714285714,0,NA,63072.776968676,63959.5042414033,10872.9582338148,193.519480519481,81296.3323808921,31277.827024198,82767.475238035,31739.3028566362,9.31975743438314,3.72132279492041,13512.8600922108,5395.60333407354,2.03624972029537,343.877551020408,0.142277525567643,1.24753709198813,4.62484203510742,0.959327748232208,0.0982032372303262,0.12708094132622,0.0487324335127935,20.7480328613001,4.62484203510742,0.959327748232208
2020-03-15,4499,91,12,2883.42857142857,58.4285714285714,12,481.857142857143,10.2857142857143,0,NA,72865.1376156578,74127.6873992076,10168.1831578043,365.536796536797,93302.7336396389,36133.2358522384,95404.4442623495,36785.1681830654,9.54954426415771,3.81307528672431,12636.9690243145,5045.86532642921,2.02267170482329,324.603174603175,0.122761147949926,1.24213768787622,4.7388715897324,0.763783858424281,0.113815436147291,0.146483706899311,0.0564798404941446,16.1213500443371,4.7388715897324,0.763783858424281
2020-03-16,6633,148,12,3658.28571428571,76.8571428571429,12,774.857142857143,18.4285714285714,0,NA,88469.3065995105,90094.3195865235,15966.6321873158,344.034632034632,112543.763729754,43868.5259387474,115247.697795688,44708.4593436883,9.77948591247058,3.9048895966345,19843.2535333385,7923.2911606229,2.23126790290969,202.255639097744,0.164272287841484,1.98444056321055,4.85297797160194,1.06315594404285,0.138330556879658,0.176950980798137,0.0686452387523117,21.9125808442648,4.85297797160194,1.06315594404285
2020-03-17,7652,148,12,4496.57142857143,93.2857142857143,12,838.285714285714,16.4285714285714,0,NA,104705.879308961,106970.883637965,16876.564051442,623.56277056277,132443.319421976,51919.5835024061,136221.810264467,53083.2956398926,10.0095773175369,3.9967637035109,20974.1124687791,8374.83629620429,1.93413486670152,163.659147869674,0.138355405664306,1.92767512451768,4.96715866885291,0.947320033331733,0.164242784355989,0.20915457222519,0.081503938101468,19.0761798640969,4.96715866885291,0.947320033331733
2020-03-18,9043,148,12,5462.57142857143,107.571428571429,12,966,14.2857142857143,0,NA,122755.964039889,125981.349321274,19010.4656833086,946.095238095239,154449.712943063,60872.7383312874,159847.925397275,62517.0605654443,10.2398141953226,4.08869589676458,23626.1151328081,9433.76492555162,1.63662501382285,107.571428571429,0.117477706658447,1.82913211458026,5.08141155557363,0.922370381745978,0.193431398206257,0.245430040847666,0.0959885133955862,18.1560632590777,5.08141155557363,0.922370381745978
2020-03-19,10871,243,12,6689.71428571429,135.428571428571,12,1227.14285714286,27.8571428571428,0,NA,145443.28364781,149599.616981144,23618.2676598696,903.090909090909,182242.063484334,72120.0967188919,189200.594619865,74237.4039154547,10.47019545841,4.18068574219627,29352.6692225901,11720.3433500105,2.23530493974795,104.175824175824,0.162433570956688,2.81702216482159,5.19573609214331,0.999433445925456,0.229694817841553,0.29049804400369,0.113983894567989,19.2400164379753,5.19573609214331,0.999433445925456
2020-03-20,12612,450,12,7968.42857142857,188.428571428571,12,1278.71428571429,53,0,NA,167965.781207754,173680.266056239,24080.6490750955,1505.15151515152,209562.275537279,83275.0128012701,219127.909236912,86187.1996970811,10.7007208247056,4.27273312716773,29927.3146170472,11949.7957816264,3.56803044719315,98.6537023186238,0.259096793330732,4.78239279846565,5.31013213857573,0.878989870009265,0.266668176560163,0.336448356031,0.132331576338126,16.5567281425017,5.31013213857573,0.878989870009265
2020-03-21,14282,562,12,9370.28571428571,255.714285714286,12,1401.85714285714,67.2857142857143,0,NA,192020.913236653,199522.856959597,25842.5909033576,1720.17316017316,238693.062893786,95184.0074278557,251244.95666668,99011.3425513788,10.9313905715526,4.3648381624204,32117.0474297673,12824.1428542977,3.93502310600756,125.350140056022,0.281671989146489,5.5026329514105,5.4245998324998,0.834428559612289,0.306346815649518,0.385760777465333,0.152021728066678,15.3856283806958,5.4245998324998,0.834428559612289
2020-03-22,16018,674,2200,11015.8571428571,339,324.571428571429,1645.57142857143,83.2857142857143,312.571428571429,NA,220097.536546932,229230.921828318,29708.0648687209,1548.15584415584,272903.740101207,109079.993431453,288165.996511464,113753.690531346,11.162207206122,4.4570018490525,36921.0398447839,14742.3479799668,4.20776626295418,118.947368421053,0.294026649905806,5.96128546170936,5.53914041807556,0.856794465702962,0.351960492249412,0.442449234914641,0.174657086379407,15.4712652741672,5.53914041807556,0.856794465702962
2020-03-23,19856,860,2200,12904.8571428571,440.714285714286,637.142857142857,1889,101.714285714286,312.571428571429,NA,250633.462128972,262642.340916851,33411.4190885331,2773.77922077922,309618.730282991,124191.203548426,329689.547132807,130333.793236933,11.3931742977887,4.54922561229391,41523.5506213439,16580.1027055878,4.33118452860596,116.900341038272,0.3274414921059,6.79815130607753,5.65375566657183,0.858080133155695,0.403260288172925,0.506204374055848,0.200114127965512,15.1802785313813,5.65375566657183,0.858080133155695
2020-03-24,22304,1100,3243,14998,576.714285714286,1098.71428571429,2093.14285714286,136,461.571428571429,NA,284310.777312466,298928.405018093,36286.0641012428,2472.74891774892,350382.850231136,140843.019461181,374785.692721978,148340.411512738,11.6242973837869,4.64151166312871,45096.1455891706,18006.6182758047,4.93185078909613,88.3176547801356,0.367981088961225,7.36188421051639,5.768448325789,0.834974583996424,0.458973805708016,0.57544486514458,0.227761437419015,14.4777412373494,5.768448325789,0.834974583996424
2020-03-25,25233,1331,3900,17310.8571428571,745.714285714286,1654.14285714286,2312.85714285714,169,555.428571428571,NA,321304.328205193,338241.172361037,39312.7673429438,2150.21645021645,395422.850073581,159122.782632437,423643.410513142,167849.002825778,11.8555825264083,4.73386242219331,48857.7177911635,19508.5913130398,5.27483850513217,78.5789552912841,0.393506204673184,7.34982241634535,5.88322140408229,0.813338850473182,0.519334514618274,0.65046086327785,0.257714871915835,13.8273925858737,5.88322140408229,0.813338850473182
2020-03-26,29155,1696,4948,19922.8571428571,953.285714285714,2359.28571428571,2612,207.571428571429,705.142857142857,NA,360451.115896143,381788.453558481,43547.2811974436,4192.92207792208,442220.62984687,178458.475342662,477763.761715002,189458.931841051,12.0870364643677,4.82628058021586,54120.3512018602,21609.9290152727,5.81718401646373,84.6612534889622,0.444225063432992,7.80907903867862,5.99807824547571,0.812784414955361,0.586196883814062,0.733557093480091,0.290894694223519,13.5532818498583,5.99807824547571,0.812784414955361
2020-03-27,32964,1995,5700,22830.2857142857,1174,3171.85714285714,2907.42857142857,220.714285714286,812.571428571428,NA,399814.319013615,429349.67399197,47561.2204334888,7977.30303030303,487572.027511184,197907.6072871,536872.617254773,213060.740477218,12.3186685234505,4.918769860926,59108.8555397716,23601.8086361674,6.05205678922461,97.1050454921423,0.464656227976387,7.88417591560714,6.11302347780251,0.806461858256063,0.659222243666214,0.824312658768348,0.32713284272158,13.1949155755125,6.11302347780251,0.806461858256063
2020-03-28,37575,2314,5700,26157.8571428571,1424.28571428571,3984.42857142857,3327.57142857143,250.285714285714,812.571428571429,NA,442865.194983753,482778.355156914,53428.681164944,10127.5194805195,536537.187717815,219179.01190386,603273.524714152,239574.221356062,12.5504887260072,5.01133426618772,66400.9074593785,26513.4808788444,6.1583499667332,79.8366431774504,0.479308977977668,7.53323101672193,6.22806207455994,0.83213157830123,0.741256485700691,0.926264419415692,0.367841564332674,13.3633736022157,6.22806207455994,0.83213157830123
2020-03-29,40174,2606,7202,29608.7142857143,1700.28571428571,4699,3450.85714285714,276,714.571428571428,NA,484455.904190987,537180.826268909,54402.4711119954,12535.7619047619,582600.290989312,239720.928825173,670884.653626675,266570.93634397,12.7825075917677,5.10397799646559,67611.1289125228,26996.7149879074,6.48678249614178,74.5412413102023,0.485125282318892,6.97268767363105,6.34319925606516,0.779076714227229,0.824785881994368,1.03007435057067,0.409292242192694,12.2842056066274,6.34319925606516,0.779076714227229
2020-03-30,44550,3024,7927,33136.4285714286,2009.42857142857,5517.14285714286,3527.71428571429,309.142857142857,818.142857142857,NA,523458.981257927,591802.587318533,54621.7610496236,15309.5411255411,624195.937727466,258971.345156995,738768.315016843,293676.47190243,13.0147374439656,5.19670597235227,67883.6613901686,27105.5355584599,6.78787878787879,88.0941942756936,0.510981206368461,6.9420854365327,6.45844113760699,0.728057171435712,0.908651975421997,1.13430272730106,0.450910002840991,11.2748674496678,6.45844113760699,0.728057171435712
2020-03-31,52128,3523,9444,37397,2355.57142857143,6403,4260.57142857143,346.142857142857,885.857142857143,NA,567454.228187631,656614.03771144,64811.4503929078,20470.0606060606,669661.35819668,280697.711517385,819315.673214994,325838.545029737,13.2471915342856,5.28952348516529,80547.3581981513,32162.0731273076,6.75836402701044,64.3422952354938,0.536540463295462,6.63633305413466,6.57379429520937,0.813790781467234,1.00816328830138,1.25797490736603,0.500291556600683,12.3813809130104,6.57379429520937,0.813790781467234
2020-04-01,56989,4403,10934,41933.5714285714,2794.42857142857,7407.85714285714,4536.57142857143,438.857142857143,1004.85714285714,NA,609396.981569838,724432.708842565,67818.6711311243,25437.0606060606,710342.885359196,301375.465612529,903600.390853701,359492.923185032,13.4798848685835,5.3824365266522,84284.7176387069,33654.3781552947,7.72605239607644,62.5291691973276,0.607785919417516,6.88404335246516,6.68926617538728,0.799329403968963,1.1122918791766,1.38738541827188,0.551964391170343,11.951390572545,6.68926617538728,0.799329403968963
2020-04-02,59105,5387,12428,46212.1428571429,3321.71428571429,8476.42857142857,4278.57142857143,527.285714285714,1068.57142857143,NA,640502.240239032,787307.89824769,62875.1894051251,31242.645021645,734940.710224125,316650.098808198,981741.373227788,390694.144995094,13.7128329608927,5.47545129147273,78140.982374087,31201.2218100621,9.11428813129177,73.8322801892484,0.684230402360987,7.26719015391486,6.80486447683396,0.70198587825283,1.2088302625535,1.50736285587881,0.599870656605497,10.3176076197745,6.80486447683396,0.70198587825283
2020-04-03,64338,6507,14008,50694.1428571429,3966.28571428571,9663.28571428571,4482,644.571428571428,1186.85714285714,NA,671400.021852722,852071.095445795,64763.1971981055,33220.8441558442,758410.835848063,331769.310521974,1062228.76258799,422832.272927989,13.9460518962355,5.56857420227901,80487.3893602011,32138.1279328944,10.113774130374,59.7962568111822,0.763668669759957,7.22243092557118,6.92059718159054,0.699650821510204,1.30826748761759,1.630942959964,0.649215444983165,10.1113147042134,6.92059718159054,0.699650821510204
2020-04-04,68605,7560,15438,55127,4715.71428571429,11054.4285714286,4432.85714285714,749.428571428571,1391.14285714286,NA,695977.081195806,915069.375568101,62998.2801223053,37671.7922077922,772029.827739275,343713.997328102,1140522.72151217,454094.577349584,14.1795597761343,5.6618124868995,78293.9589241794,31262.3044215952,11.0196049850594,61.6272123067732,0.826166867982719,7.06734369474429,7.03647327236738,0.660135256476599,1.4049948641245,1.75115527732207,0.697215496482833,9.38312154778639,7.03647327236738,0.660135256476599
2020-04-05,70478,8078,16183,59456.1428571429,5497.42857142857,12337.4285714286,4329.14285714286,781.714285714286,1283,NA,714179.457489313,975595.647965504,60526.2723974031,41542.1818181818,775976.642321512,352491.997164407,1215744.48114935,484130.171170851,14.4133752870152,5.75517360671119,75221.7596371823,30035.5938212675,11.4617327392945,60.7920885925973,0.828006973672522,6.41206023234417,7.15250202212786,0.62192437071501,1.49792672714325,1.86665054880904,0.743332060086125,8.69658987813346,7.15250202212786,0.62192437071501
2020-04-06,74390,8911,17250,63719,6338.42857142857,13669.2857142857,4262.85714285714,841,1331.85714285714,NA,725454.592312062,1034242.46677094,58646.8188054323,46530.683982684,769063.369682114,357819.248816512,1288630.46492021,513233.103811141,14.6475174703036,5.84866516484006,72885.983770858,29102.9326402898,11.9787605861003,58.3058464854068,0.861596800199233,5.95656605265453,7.26869288000031,0.596793066583253,1.58797288257023,1.97855947680823,0.788016618418309,8.21177621260688,7.26869288000031,0.596793066583253
2020-04-07,78167,10328,19337,67438.8571428571,7310.57142857143,15082.5714285714,3719.85714285714,972.142857142857,1413.28571428572,NA,722752.765993005,1084612.52789777,50370.0611268312,52099.7445887446,742282.46014416,356163.139515326,1351230.13413683,538228.773242501,14.88200647345,5.94229520604128,62599.6692166242,24995.66943136,13.2127368326788,57.9652032078293,0.952229458387142,5.94655929226623,7.38505584396767,0.512679246170316,1.66531092827294,2.07467482728715,0.826394896736947,6.94324106024323,7.38505584396767,0.512679246170316
2020-04-08,82048,10869,21254,71018.7142857143,8234.28571428571,16556.8571428571,3579.85714285714,923.714285714285,1474.28571428571,NA,703495.643322277,1132333.7688634,47721.2409656351,66054.6493506494,703495.643322277,346362.72203533,1410537.86242276,561909.990563794,15.1168628465665,6.03607193585041,59307.728285925,23681.2173212926,13.2471236349454,57.6549902974773,0.959875992297742,5.44749617443628,7.50160111183,0.495226730420823,1.73858198318584,2.16573574121281,0.86275496909974,6.60270609965357,7.50160111183,0.495226730420823
2020-04-09,86334,12210,23206,74908.5714285714,9209,18096.5714285714,3889.85714285714,974.714285714286,1539.71428571429,NA,674215.56354941,1183392.89255374,51059.1236903372,79364.4891774892,674215.56354941,331607.361288751,1473993.89527246,587247.600816141,15.3521074170628,6.13000367052621,63456.0328497037,25337.6102523477,14.1427479324484,57.4915719815208,1.03177905468496,5.32650652129064,7.61833901899359,0.552837276425131,1.8169780135492,2.26316594992917,0.901658262362762,7.25791611860013,7.61833901899359,0.552837276425131
2020-04-10,90676,13197,24932,78671.1428571429,10164.7142857143,19657.1428571429,3762.57142857142,955.714285714286,1560.57142857143,NA,624883.779771685,1232034.58929549,48641.6967417551,97017.7662337662,624883.779771685,306970.186095079,1534445.56156094,611385.585665433,15.587761165911,6.22409878764394,60451.6662884732,24137.9848492921,14.5540164983016,51.1921549441695,1.0711549914801,5.02470392014135,7.73527997706862,0.557964750967312,1.89166233359001,2.35598326294475,0.938719654262711,7.21456153958843,7.73527997706862,0.557964750967312
2020-04-11,93790,13832,26391,82269,11060.7142857143,21221.8571428571,3597.85714285714,896,1564.71428571428,NA,557005.789865514,1277852.95436768,45818.3650721835,112800.354978355,557005.789865514,273212.53482048,1591388.40485714,634122.518708773,15.8238454412441,6.31836581138406,56942.8432962007,22736.9330433392,14.747840921207,49.5907204345153,1.08244066367124,4.62719492955605,7.85243457986547,0.5756497344177,1.9620117183774,2.44341313931902,0.973629875285026,7.3323018704253,7.85243457986547,0.5756497344177
2020-04-12,120633,14393,27186,89434,11962.8571428571,22793.7142857143,7165,902.142857142857,1571.85714285714,NA,528345.524695397,1367754.67621055,89901.7218428703,117659.844155844,558647.133184713,258929.4805685,1974709.63135321,678735.403232302,16.0603827269252,6.41281371941719,383321.226496075,44612.8845235294,11.9312294314159,47.4095713662947,1.05230859380987,4.25524778652227,7.96981398478993,1.28605299192313,2.10004656124029,3.03196343825405,1.04212836873578,16.1401772618157,7.96981398478993,1.28605299192313
2020-04-13,124298,14967,27718,96563.7142857143,12828,24289.1428571429,7129.71428571429,865.142857142857,1495.42857142857,NA,489055.116620218,1455912.65341675,88157.9772062062,126583.242424242,547811.546031209,239419.822640752,2179539.21269788,722482.970868465,16.2973958804072,6.50745163858605,204829.581344665,43747.5676361625,12.0412235112391,43.9993140113188,1.02801496812843,3.92023379976509,8.08742953463815,1.34911827468069,2.23540406364761,3.34645818312665,1.10929825714844,16.6856674440521,8.08742953463815,1.34911827468069
2020-04-14,129257,15712,28512,103862.285714286,13597.1428571429,25599.8571428571,7298.57142857142,769.142857142857,1310.71428571428,NA,444747.764228566,1558696.67331948,102784.01990272,146322.229437229,552730.377980637,220701.898038235,2433522.4439147,776655.494171426,16.5349086107701,6.60228903578294,253983.231216827,54172.523302961,12.1556279350441,41.248461525127,1.00802165481876,3.65948804710025,8.20529299481823,1.49199307567014,2.39321834957291,3.73642329939103,1.19247459224333,21.016858102425,8.20529299481823,1.49199307567014
2020-04-15,132473,17148,30440,111065.857142857,14494.1428571429,26912.1428571429,7203.57142857143,897,1312.28571428572,NA,432729.182429295,1686608.0871912,127911.413871725,139032.995670995,537793.742442458,214737.789776944,2655408.91094063,840116.873557824,16.7729476866975,6.69733659958139,221886.467025924,63461.3793863987,12.9445245446242,38.5738998194088,1.0167151533441,3.55194051614566,8.32341764903787,1.61968928628944,2.58961316328974,4.07710713704718,1.28991301001661,28.7604399976228,8.32341764903787,1.61968928628944
2020-04-16,144944,17901,32297,119438.714285714,15307.1428571429,28210.8571428571,8372.85714285714,813,1298.71428571428,NA,495915.53562782,1897316.70878799,210708.621596793,146709.268398269,616321.437679369,246093.423695008,2983701.63181856,944597.581589745,17.0115418306219,6.79260579867497,328292.720877937,104480.708031921,12.350287007396,38.102112951518,0.943490347029894,3.33239742087125,8.44181775053416,1.93489422224734,2.91313456950712,4.58116682812426,1.45033238597246,48.6929539657799,8.44181775053416,1.93489422224734
2020-04-17,146923,18661,33834,127474,16087.7142857143,29482.5714285714,8035.28571428571,780.571428571429,1271.71428571429,NA,469322.851450792,2015354.07655902,118037.367771024,143849.480519481,583272.177944059,232897.0541034,3195532.17428106,1003084.28611199,17.2507242421329,6.88810988945917,211830.542462492,58486.7045222482,12.7012108383303,36.1115921115921,0.925941511571083,3.15324745107204,8.56050977429151,1.62029988710869,3.09436880149101,4.90641082838352,1.54013270239362,23.8019096581822,8.56050977429151,1.62029988710869
2020-04-18,146923,19303,35379,135064.428571429,16869.2857142857,30766.5714285714,7590.42857142858,781.571428571428,1284,NA,437261.311798504,2118935.68409288,103581.60753386,134861.575757576,543426.250980517,216986.816381213,3385315.40848967,1054428.04087101,17.4905293741288,6.98386262876793,189783.234208619,51343.7547590155,13.1381744178924,32.3612755415242,0.910976210599978,2.93977875759077,8.67951081723686,1.61732908412129,3.25340770115092,5.19780345552122,1.61896575447396,22.0704376984125,8.67951081723686,1.61732908412129
2020-04-19,151808,19694,35973,139518,17626.5714285714,32021.8571428571,4453.57142857142,757.285714285714,1255.28571428571,NA,351333.303310685,2169551.13015051,50615.4460576354,135786.168831169,375157.05923072,174418.822910351,3448220.0409157,1079545.48026803,17.7309930290883,7.07987831231449,62904.6324260267,25117.4393970219,12.972965851602,30.9297784284185,0.907745373054828,2.71854097138509,8.79883864601373,1.01852835099227,3.33112251016439,5.29438704562698,1.65753099804455,11.5755601266091,8.79883864601373,1.01852835099227
2020-04-20,154188,20240,36782,143788,18379.8571428571,33316.7142857143,4270,753.285714285714,1294.85714285714,NA,337645.743878224,2286833.96465744,117282.834506933,130217.108225108,358146.226333427,167626.500184468,3652928.85270705,1137689.63552281,17.9721558974097,7.17617318752895,204708.811791352,58144.1552547831,13.1268321788985,31.0969581978803,0.885066441762065,2.57078584440066,8.91851345284992,1.2153932476557,3.51119823396391,5.60869636127785,1.74680536531437,33.3822138128531,8.91851345284992,1.2153932476557
2020-04-21,156921,20765,38543,147740,19101.7142857143,34749.7142857143,3952,721.857142857145,1433,NA,316875.062004156,2382552.79360589,95718.8289484424,115767.653679654,332332.52300187,157319.244517637,3824283.98087733,1185165.38415244,18.2140600525497,7.27276405408814,171355.128170275,47475.7486296243,13.2327731788607,29.6896302118721,0.871544171265691,2.4370032161619,9.03855611630286,1.17048338505622,3.65816464619804,5.87179452787442,1.81969949200687,28.3488924957291,9.03855611630286,1.17048338505622
2020-04-22,156921,21309,39988,151232.571428571,19696.1428571429,36113.7142857143,3492.57142857142,594.428571428572,1364,NA,288919.684026972,2490203.93510922,107651.141503336,135012.090909091,297589.713979048,143446.650934974,4019238.60042593,1238433.82816376,18.4567484298194,7.36966805580216,194954.619548607,53268.4440113227,13.5794444338234,28.7094859808219,0.855713048219296,2.32867589812748,9.15898794261712,1.10221946208859,3.82345189650672,6.17112728505809,1.90148770638061,33.9727401779331,9.15898794261712,1.10221946208859
2020-04-23,157026,21825,41414,152958.571428571,20256.7142857143,37416.1428571429,1726,560.571428571428,1302.42857142857,NA,191253.449864581,2515467.09055722,25263.1554479981,122368.818181818,191253.449864581,94980.7001476223,4106068.58518843,1250843.26835385,18.7002667884824,7.46690346406839,86829.9847624996,12409.4401900915,13.8989721447404,28.7418971675052,0.867632102281464,2.23709485026031,9.27983163939729,0.597414285324578,3.86224087207918,6.30444579172058,1.92054112484182,8.74400632586862,9.27983163939729,0.597414285324578
2020-04-24,158636,22214,42715,154631.857142857,20764.2857142857,38684.8571428571,1673.28571428571,507.571428571428,1268.71428571429,NA,187250.118252874,2629459.15721391,113992.066656692,117487.826839827,187250.118252874,92994.0844606098,4300966.78410145,1307273.23376244,18.944662160799,7.56448905858393,194898.198913016,56429.9654085836,14.0031266547316,27.9127378871968,0.844812513594514,2.14785224100839,9.40111054596043,0.874929443408866,4.03726396046978,6.60369192082407,2.0071835299956,59.6026198415795,9.40111054596043,0.874929443408866
2020-04-25,160292,22583,43816,156541.714285714,21232.8571428571,39890.1428571429,1909.85714285716,468.571428571428,1205.28571428571,NA,198533.687593991,2758849.63997494,129390.48276103,117638.341991342,198533.687593991,98593.4496975553,4515079.88010186,1371324.3680649,19.1899833856145,7.6624443404044,214113.096000411,64051.1343024664,14.0886631896788,27.1634540699491,0.818565813547023,2.08212605139009,9.52284889812447,1.01998012500531,4.23592973226766,6.93244054716249,2.10552745575581,69.1003476891231,9.52284889812447,1.01998012500531
2020-04-26,160847,22825,44125,157833,21680.1428571429,41054.7142857143,1291.28571428571,447.285714285717,1164.57142857143,NA,165196.258397168,2839942.47051838,81092.8305434366,113982.974025974,165196.258397168,82050.0637803348,4667514.10793717,1411409.75765789,19.4362799346344,7.76078906328279,152434.227835312,40085.3895929838,14.1905040193476,26.4237310563851,0.803713463809487,2.01574841514362,9.64507124575843,0.650432229303946,4.36043942898886,7.16648761828476,2.16707444662697,40.8458793699911,9.64507124575843,0.650432229303946
2020-04-27,164589,23262,44733,159318.857142857,22111.8571428571,42190.5714285714,1485.85714285713,431.714285714283,1135.85714285714,NA,174314.999147794,2962873.83897463,122931.368456254,113380.913419914,174314.999147794,86575.1531753824,4871675.44671711,1472251.29925487,19.6836020784408,7.8595432999585,204161.338779933,60841.5415969808,14.1333867998469,25.6119919647614,0.785116115779345,1.96570387961356,9.76780253516611,0.899478057604219,4.54918789542465,7.47995634546242,2.26049037305999,74.4153467209284,9.76780253516611,0.899478057604219
2020-04-28,167605,23629,45997,160845.142857143,22521,43255.4285714286,1526.28571428574,409.142857142859,1064.85714285714,NA,175410.813471066,3073029.23338449,110155.394409852,108650.437229438,175410.813471066,87118.9407342989,5057816.1802828,1526757.34567522,19.9320025692251,7.95872811406265,186140.733565693,54506.046420356,14.0980281017869,24.836781507786,0.768915561990153,1.9178844656879,9.89106894412674,0.875620139471961,4.71832016837976,7.76575628768189,2.34417879858159,63.1932965885833,9.89106894412674,0.875620139471961
2020-04-29,167605,24056,47338,162371.428571429,22913.4285714286,44305.4285714286,1526.28571428571,392.428571428572,1050,NA,174456.842036695,3161938.19701505,88908.9636305645,89470.5064935065,174456.842036695,86645.5413758894,5208846.17159928,1570775.82386783,20.1815349732521,8.05836489428089,151029.991316484,44018.4781926111,14.3527937710689,24.4305667677029,0.760799183953357,1.88253272160752,10.0148970543958,0.870151344262588,4.85483073316402,7.99764729812761,2.41176464227656,50.6861360888849,10.0148970543958,0.870151344262588
2020-04-30,167605,24345,48572,163882.714285714,23273.4285714286,45328,1511.28571428571,360,1022.57142857143,NA,172782.108325121,3244997.95680997,83059.7597949193,84374.4935064935,172782.108325121,85814.4705114993,5350300.51292139,1611892.40928701,20.4322535379995,8.15847530130306,141454.341322104,41116.5854191759,14.5252229945407,19.2927545293813,0.750231597185122,1.77992445746553,10.1393137857742,0.866312221742492,4.9823604473508,8.21483588335623,2.47489492822719,47.6104914116516,10.1393137857742,0.866312221742492
2020-05-01,167605,24563,49300,165164,23609,46268.7142857143,1281.28571428571,335.571428571428,940.714285714283,NA,160670.453127546,3309619.06351716,64621.1067071864,76397.1904761903,160670.453127546,79804.1754510484,5465222.72635887,1643873.37953268,20.6842144722072,8.25908177893923,114922.213437483,31980.9702456715,14.6552907132842,18.9938695715136,0.742170005931037,1.68712044244929,10.2643470313209,0.741589495630286,5.08157950708741,8.39128711641519,2.52399841714789,37.4003462126935,10.2643470313209,0.741589495630286
2020-05-02,167605,24729,49751,166208.714285714,23915.5714285714,47116.5714285714,1044.71428571429,306.571428571428,847.857142857145,NA,148530.940737053,3368313.22212233,58694.1586051784,70527.0995670995,148530.940737053,73780.056520428,5570120.31901125,1672918.19508112,20.9374750393285,8.36020719214001,104897.592652379,29044.8155484342,14.754333104621,18.5023414040024,0.734165689745995,1.58651778907925,10.3900252074863,0.650246020763811,5.17169834790556,8.55234657580767,2.56859374266587,36.530773059179,10.3900252074863,0.650246020763811
2020-05-03,167605,24864,49973,167174.142857143,24206.8571428571,47952,965.42857142858,291.285714285714,835.428571428572,NA,144157.266836606,3431554.11099245,63240.8888701163,67323.2770562773,144157.266836606,71609.6619532893,5679217.38285476,1704222.30534749,21.1920942226932,8.46187509259235,109097.06384351,31304.1102663737,14.8348796276961,18.2730497103992,0.72456966131911,1.47420139799089,10.5163775841936,0.650008427154907,5.26879822517991,8.71985389108203,2.61665798273831,42.5775858930785,10.5163775841936,0.650008427154907
2020-05-04,167886,25168,50438,167645.142857143,24479.1428571429,48767,471,272.285714285717,815,NA,120382.391046392,3473031.06204206,41476.9510496119,64979.5411255406,120382.391046392,59811.6032904759,5760206.62392707,1724724.53884364,21.4481316460316,8.56410928769134,80989.2410723101,20502.2334961556,14.991124930012,16.8886900162427,0.724669591212979,1.32650494687718,10.6434337491585,0.326738375989974,5.33248181547389,8.84420453682984,2.64813705255998,28.7720154243931,10.6434337491585,0.326738375989974
2020-05-05,168935,25498,51803,167835.142857143,24746.1428571429,49596.4285714286,190,267,829.428571428572,NA,107075.869794136,3521573.73992401,48542.6778819435,61582.1991341994,107075.869794136,53208.3671803339,5848435.62549506,1748741.78071417,21.705646841576,8.66693354829734,88229.0015679868,24017.2418705239,15.0933791103087,16.8429332760309,0.724051287381256,1.26518711012483,10.7712232446918,0.157835284743567,5.40701410224465,8.97967108983615,2.68501305604067,40.3237362707279,10.7712232446918,0.157835284743567
2020-05-06,172465,25772,53022,168529.428571429,24991.2857142857,50408.4285714286,694.28571428571,245.142857142855,812,NA,130104.69895296,3603914.15782742,82340.4179034131,59066.4458874459,130104.69895296,64636.2072140363,5977531.16829769,1789528.24265979,21.9646981340132,8.77037116310516,129095.542802636,40786.461945625,14.9433218334155,17.0097845226995,0.715111372562114,1.21627098894382,10.8997750138712,0.648422627213708,5.53343934097842,9.17788401167769,2.74763647136788,76.8991352222685,10.8997750138712,0.648422627213708
2020-05-07,173040,25949,54076,169305.857142857,25220.4285714286,51194.7142857143,776.428571428551,229.142857142859,786.28571428571,NA,133455.105938558,3661679.16221561,57765.004388195,54185.4545454546,133455.105938558,66298.8151918515,6073871.87311739,1818127.66266768,22.2253437452799,8.87444537978216,96340.704819696,28599.4200078906,14.9959546925566,16.6133725307155,0.708663944885295,1.19605385830201,11.0291179487855,0.596792939992737,5.62213156110781,9.32580525032014,2.79154793786525,44.3988609581888,11.0291179487855,0.596792939992737
2020-05-08,174318,26192,54770,170264.857142857,25453.1428571429,51976.1428571429,959,232.714285714286,781.428571428572,NA,141224.791058625,3720190.14603698,58510.9838213651,50508.5844155843,141224.791058625,70154.448409328,6169469.09924074,1847111.37322136,22.4876420726125,8.97917951599164,95597.2261233544,28983.710553674,15.0254133250726,16.5078623869191,0.704050034321543,1.14533894479407,11.1592810285145,0.718619857677014,5.71196915589438,9.47258495392948,2.83604944295157,43.8431961144321,11.1592810285145,0.718619857677014
2020-05-09,174758,26271,54886,171286.714285714,25673.4285714286,52709.7142857143,1021.85714285716,220.285714285714,733.571428571428,NA,143509.864325468,3768839.15003975,48649.0040027746,46143.6450216449,143509.864325468,71288.3945417469,6250830.75017794,1871209.51699073,22.7516514131533,9.08459684943015,81361.6509371996,24098.1437693685,15.0327881985374,16.3607347464193,0.697058137907607,1.10264083425577,11.290293182467,0.723596104834491,5.78666469548255,9.59750739670327,2.87304966297301,34.4479206788698,11.290293182467,0.723596104834491
2020-05-10,175027,26341,55062,172347,25884.4285714286,53436.7142857143,1060.28571428571,211,727,NA,144669.514975767,3814052.71410997,45213.5640702117,43842.9134199135,144669.514975767,71863.860277985,6326880.31739171,1893605.87853792,23.0174306592924,9.19072089547297,76049.5672137672,22396.361547194,15.0496780496723,16.4951973103846,0.690630202947964,1.05778485161878,11.4221836354383,0.738854023986163,5.85608547056638,9.7142736815414,2.90743697150833,31.5055444325911,11.4221836354383,0.738854023986163
2020-05-11,175479,26604,55569,173431.714285714,26089.5714285714,54169.7142857143,1084.71428571429,205.142857142855,733,NA,145193.15309901,3855764.62063148,41711.9065215122,40983.1255411259,145193.15309901,72123.7107752338,6397280.79928738,1914271.1962747,23.2850406629581,9.29757595192711,70400.4818956703,20665.3177367763,15.1607884704153,16.6148099222877,0.68997987734124,1.05761669869856,11.5549825846258,0.749818569537034,5.92012981081018,9.82236637717324,2.93916644039985,28.8325474295668,11.5549825846258,0.749818569537034
2020-05-12,176207,26951,56617,174470.571428571,26297.1428571429,54857.4285714286,1038.85714285713,207.571428571431,687.71428571429,NA,142694.518457648,3893661.10287323,37896.4822417544,40187.5454545454,142694.518457648,70883.7868178657,6462577.61808704,1933047.03171583,23.5545429746202,9.40518659552302,65296.8187996624,18775.8354411281,15.2950790831238,16.57703349627,0.692176316529247,1.02496362896758,11.6887205738717,0.715529977327639,5.9783159596855,9.92262292329603,2.96799480365707,26.1007364554663,11.6887205738717,0.715529977327639
2020-05-13,176207,27032,57368,175005.142857143,26477.1428571429,55478.2857142857,534.571428571449,180,620.857142857145,NA,120862.52071854,3908906.81941984,15245.7165466058,36897.7142857141,120862.52071854,60049.863127782,6498236.91651328,1940579.75893874,23.8259995273755,9.51357755577185,35659.2984262407,7532.72722291294,15.3410477449818,16.5180688101358,0.691548845976638,0.979828679617549,11.8234283368931,0.374642018509214,6.00172418863489,9.97737410663232,2.97956053117852,10.6841641230464,11.8234283368931,0.374642018509214
2020-05-14,176712,27381,58300,175529.714285714,26681.7142857143,56081.7142857143,524.57142857142,204.571428571428,603.428571428565,NA,120187.899312357,3942926.2413037,34019.4218838606,34489.4718614719,120187.899312357,59715.0885953908,6556128.50760693,1957449.19922912,24.0994729558904,9.62277384231712,57891.5910936529,16869.44029038,15.4947032459595,16.5882573412711,0.69443348224913,0.964139248743377,11.9591369555546,0.434038096166588,6.0539575102862,10.066260687622,3.00546182085278,28.1472053384389,11.9591369555546,0.434038096166588
2020-05-15,177319,27485,59143,175958.428571429,26866.4285714286,56706.4285714286,428.71428571429,184.714285714286,624.71428571429,NA,115977.576837266,3973927.65908835,31001.4177846503,35027.0259740264,115977.576837266,57625.7556378271,6610518.26879631,1972809.18098691,24.3750262803564,9.73280061874034,54389.761189376,15359.9817577964,15.5003129952233,16.3233439485194,0.691633123646375,0.927646653004698,12.095877703034,0.356715555758582,6.10155699720048,10.1497705691373,3.02904549227589,25.7941256665786,12.095877703034,0.356715555758582
2020-05-16,177319,27485,59143,176324.285714286,27039.8571428571,57314.5714285714,365.85714285713,173.428571428569,608.142857142855,NA,113208.936283456,4004488.7847683,30561.1256799554,33156.3376623373,113208.936283456,56251.8437840566,6663514.07499979,1987951.24765087,24.6527224549407,9.84368302225981,52995.806203478,15142.0666639521,15.5003129952233,16.1330850170682,0.686354775284762,0.89439435529643,12.233681819745,0.315465305701749,6.14848046089474,10.231140176212,3.05229457749621,26.3508917097286,12.233681819745,0.315465305701749
2020-05-17,177319,28062,59907,176651.714285714,27285.7142857143,58006.7142857143,327.42857142858,245.857142857145,692.142857142855,NA,111488.097851422,4034772.50044882,30283.7156805201,31758.6969696973,111488.097851422,55397.8938854528,6715512.84653523,2002996.81654926,24.9326233267236,9.95544574804073,51998.7715354403,15045.5688983889,15.8257152363819,16.2797734469224,0.695503897602118,0.887493627373591,12.37257999672,0.289234061482148,6.19497799008079,10.3109789391503,3.07539550032727,26.7502872782894,12.37257999672,0.289234061482148
2020-05-18,177554,28193,60416,176948.142857143,27512.7142857143,58699.1428571429,296.42857142858,227,692.428571428572,NA,110101.273435012,4064489.78425752,29717.2838086979,30877.1082251077,110101.273435012,54709.6953028736,6766411.89757772,2017754.75008268,25.2147901279093,10.0681132457321,50899.0510424906,14757.933533425,15.8785496243396,16.4152109338709,0.693641797531302,0.868814106364351,12.5126026198648,0.265891706742485,6.24060582141438,10.3891291944346,3.09805478865356,26.6551177941,12.5126026198648,0.265891706742485
2020-05-19,178428,28193,61246,177265.428571429,27690.1428571429,59360.4285714286,317.28571428571,177.428571428572,661.285714285717,NA,110793.264910389,4096601.84932597,32112.0650684517,31242.6450216458,110793.264910389,55053.0895688501,6820465.20161466,2033674.87582019,25.4992821995866,10.1817092098718,54053.3040369395,15920.1257375127,15.8007711794113,16.5210720784839,0.688204542128952,0.851850302374047,12.6537791366369,0.288184838250189,6.2899105929456,10.4721224806144,3.12249850351784,29.1659342953976,12.6537791366369,0.288184838250189
2020-05-20,179069,28193,61713,177674.285714286,27856,59981.1428571429,408.85714285713,165.857142857141,620.714285714283,NA,114231.874300426,4127299.0431316,30697.193805621,27092.7272727271,114231.874300426,56759.4671608987,6870878.39208938,2048900.94514157,25.7861585962516,10.2962572205631,50413.1904747207,15226.0693213718,15.74421033233,16.6200292354047,0.683085952953109,0.837006481904195,12.7961388522753,0.369038241294149,6.3370429752452,10.5495267469927,3.14587656617462,27.706732742689,12.7961388522753,0.369038241294149
2020-05-21,179306,28193,62216,178044.857142857,27972,60540.5714285714,370.57142857142,116,559.428571428572,NA,112575.227137783,4156549.49553605,29250.4524044562,30791.0995670995,112575.227137783,55937.3715764291,6921185.16000528,2063371.58854743,26.0754779837546,10.4117807027253,50306.767915898,14470.6434058633,15.7234002208515,16.6892395811581,0.678278943394708,0.821581099644855,12.9397108791564,0.324413249086644,6.38195403499525,10.626767612483,3.16809475007263,25.6062089356326,12.9397108791564,0.324413249086644
2020-05-22,179645,28241,62557,178377.142857143,28080,61028.2857142857,332.285714285739,108,487.71428571429,NA,110953.735354063,4182838.30245363,26288.8069175789,27802.2987012984,110953.735354063,55132.7215183428,6966455.90090796,2076378.5163626,26.3672967165843,10.5283021583651,45270.7409026809,13006.9278151682,15.7204486626402,16.7256352524928,0.675163560193899,0.813151379745937,13.0845231826659,0.295176949093926,6.42231779285812,10.6962761767095,3.18806554929975,23.3522130809504,13.0845231826659,0.295176949093926
2020-05-23,179964,28284,62893,178755,28194.1428571429,61564,377.85714285713,114.142857142859,535.714285714283,NA,112535.736914438,4210638.07457678,27799.7721231449,26103.6277056276,112535.736914438,55917.7749242429,7012831.58357752,2090144.02626689,26.6616707403671,10.6458439262328,46375.6826695651,13765.5099042889,15.7164766286591,16.689343745904,0.67172717053918,0.803163644689444,13.230603525295,0.340564162109989,6.46500148231347,10.7674812653188,3.20920107326543,25.0552827576588,13.230603525295,0.340564162109989
2020-05-24,179964,28317,62961,179132.857142857,28230.5714285714,62000.2857142857,377.85714285713,36.4285714285688,436.285714285717,NA,112378.427600525,4247522.41894252,36884.3443657421,37005.2251082254,112378.427600525,55839.7116556857,7075466.94478919,2108342.03388984,26.9586558577371,10.7644282879828,62635.3612116678,18198.0076229572,15.7348136293925,16.3688698742188,0.66667099563067,0.785729036816754,13.3779795985763,0.335776881838228,6.52163359763073,10.8636514171833,3.23714224136722,32.7756723126856,13.3779795985763,0.335776881838228
2020-05-25,180166,28407,63542,179506,28261.1428571429,62446.8571428571,373.14285714287,30.5714285714312,446.571428571428,NA,112048.921650236,4281390.42381474,33868.0048722215,34166.9393939395,112048.921650236,55676.1974247147,7133066.13601588,2125049.76026038,27.2583066136114,10.8840770230707,57599.1912266891,16707.726370533,15.7671258728062,16.3321445082888,0.663499405286408,0.775791617494184,13.5266784699124,0.332051741060846,6.57363443404171,10.9520890482657,3.26279523595818,30.1374610727007,13.5266784699124,0.332051741060846
2020-05-26,180166,28480,64222,179754.285714286,28302.1428571429,62872,248.28571428571,41,425.142857142855,NA,107333.015132874,4303421.20560907,22030.7817943264,26705.6883116886,107333.015132874,53335.9731379033,7172563.30704686,2135913.60149451,27.5606766711687,11.0048115588793,39497.1710309833,10863.8412341336,15.8076440615876,16.2359267873328,0.661799034751217,0.765552267008153,13.6767267691514,0.221593772345326,6.60746043248523,11.0127328900635,3.27947554626705,19.6617526254255,13.6767267691514,0.221593772345326
2020-05-27,180166,28546,64503,179911,28352.5714285714,63270.5714285714,156.71428571429,50.4285714285688,398.571428571428,NA,103922.568111462,4325025.20014609,21603.9945370294,24964.0129870125,103922.568111462,51643.5708566012,7210736.86388089,2146576.23251074,27.865816994945,11.1266522452398,38173.556834029,10662.6310162274,15.8442769445955,16.2239047302964,0.660019275703544,0.75742155246129,13.8281497869652,0.146011682045674,6.64063114301224,11.0713444584638,3.29584691899117,20.1280048923292,13.8281497869652,0.146011682045674
2020-05-28,183309,28611,65098,180482.857142857,28412.2857142857,63682.2857142857,571.85714285713,59.7142857142862,411.71428571429,NA,118707.337801064,4357329.44169717,32304.2415510733,17459.7575757573,118707.337801064,58980.3738604635,7258798.60842721,2162578.55431159,28.1737780121831,11.2496192174452,48061.7445463119,16002.321800855,15.6080716167782,16.233087303265,0.656617783503101,0.75014694721325,13.9809725473991,0.550286839462117,6.69023098175727,11.1451383215865,3.32041683745261,31.0849146033664,13.9809725473991,0.550286839462117
2020-05-29,183816,28663,65599,181078.714285714,28472.5714285714,64116.8571428571,595.857142857159,60.2857142857138,434.571428571428,NA,119333.111323685,4374271.13729771,16941.6956005441,16255.6363636367,119333.111323685,59290.9080897346,7287220.91015188,2170961.67500703,28.4846098176766,11.3737324780438,28422.3017246751,8383.12069543637,15.5933107020064,16.2256289519381,0.655263450763299,0.743380439942564,14.1352199095237,0.50197199459669,6.71624321202511,11.1887778411857,3.33328825664431,14.2718183343778,14.1352199095237,0.50197199459669
2020-05-30,185616,28720,66051,181886.142857143,28534.8571428571,64568,807.42857142858,62.2857142857138,451.142857142855,NA,126505.787143746,4398686.32826929,24415.1909715766,17180.2294372302,126505.787143746,62850.281053073,7325350.61921784,2183051.3605375,28.7983606154045,11.4990112745929,38129.7090659579,12089.6855304707,15.4728040686148,16.1939407304234,0.65292221032956,0.737609135494786,14.2909157941105,0.676640742481759,6.75373022540088,11.2473220858502,3.35185072472892,20.4596953022967,14.2909157941105,0.676640742481759
2020-05-31,185851,28751,66123,182727.142857143,28596.8571428571,65019.7142857143,841,62,451.714285714283,NA,127360.278226045,4405085.87129964,6399.54303034954,5483.05194805097,127360.278226045,63274.3142217323,7335778.80738604,2186239.9554677,29.1150782574295,11.6254747141319,10428.1881682044,3188.59493020596,15.4699194516037,16.2291266197467,0.652677401530825,0.735525335553208,14.4480839472958,0.664816679597345,6.76355606520107,11.2633334957057,3.35674648413288,5.05869587063068,14.4480839472958,0.664816679597345
2020-06-01,185952,28779,66123,183553.714285714,28650,65388.4285714286,826.57142857142,53.1428571428587,368.71428571429,NA,128364.50472564,4410744.70385984,5658.83256020118,4601.4632034637,128364.50472564,63761.2816146573,7342811.57721987,2189048.09794119,29.4348109605027,11.7531420493179,7032.76983382832,2808.14247348346,15.4765745998967,16.2128208610621,0.652474852485013,0.729889382624729,14.6067482961893,0.649027023379934,6.77224462029459,11.2741315901026,3.36105809793869,4.44316912542984,14.6067482961893,0.649027023379934
2020-06-02,185952,28886,66485,184380.285714286,28708,65711.7142857143,826.57142857142,58,323.285714285717,NA,128057.582555141,4416666.90290146,5922.19904162269,6171.1212121211,128057.582555141,63608.9743721541,7352959.95633837,2191995.4974656,29.7576079159965,11.8820329219686,10148.3791184966,2947.39952441445,15.5341163310962,16.1900303971938,0.654022606527646,0.726887917396732,14.7669332515472,0.643951835068178,6.78133754751952,11.2897133819551,3.36558352661644,4.6135799411843,14.7669332515472,0.643951835068178
2020-06-03,185952,28967,67031,185206.857142857,28768.1428571429,66072.8571428571,826.57142857142,60.1428571428587,361.142857142855,NA,127754.381819936,4424014.10909266,7347.20619120169,7590.26406926382,127754.381819936,63458.51385694,7365523.25714201,2195646.37314803,30.0835187524273,12.0121671484503,12563.300803639,3650.87568242243,15.5776759593874,16.2239482836824,0.654767351226666,0.72336324452151,14.9286634410541,0.645495036523399,6.79261842658718,11.3090030375559,3.37118907054602,5.73742377811794,14.9286634410541,0.645495036523399
2020-06-04,186118,29010,67510,185608.142857143,28825.1428571429,66417.4285714286,401.285714285739,57,344.57142857142,NA,121368.413442212,4426673.04547684,2658.93638418056,8987.90476190485,121368.413442212,60290.9044149332,7368827.77046588,2196965.84533867,30.412593545402,12.1435647236504,3304.51332386956,1319.47219064599,15.5868857391547,16.2560937390482,0.655345441191829,0.718999646120641,15.0919637142597,0.314119991064773,6.79670094979641,11.3140767777252,3.37321498431902,2.08128781674839,15.0919637142597,0.314119991064773
2020-06-05,186670,29056,68007,186015.857142857,28881.2857142857,66761.4285714286,407.714285714261,56.1428571428551,344,NA,121435.403303701,4435870.09161539,9197.0461385455,9073.9134199135,121435.403303701,60324.1475040927,7384364.75774362,2201527.7060433,30.7448826010238,12.2762457344915,15536.9872777415,4561.86070462735,15.5654363314941,16.266198291385,0.655023690953465,0.714874474836644,15.2568590350945,0.335946156555398,6.81082206775181,11.33793222291,3.38021925200842,7.577792176483,15.2568590350945,0.335946156555398
2020-06-06,187199,29087,68282,186242,28933.7142857143,67080.1428571429,226.14285714287,52.4285714285725,318.71428571429,NA,115404.904859175,4439266.96546524,3396.87384984642,9374.94372294378,115404.904859175,57331.5693286145,7392830.92216778,2203208.40713742,31.0804355735547,12.4102300076203,8466.16442416701,1680.701094124,15.5380103526194,16.2159046145864,0.655220788167933,0.710027507427547,15.4233740440196,0.186233127091556,6.81603761800465,11.3509311472019,3.3827997955917,2.7972681421011,15.4233740440196,0.186233127091556
2020-06-07,187492,29100,68283,186476.428571429,28983.5714285714,67388.7142857143,234.42857142858,49.8571428571413,308.571428571435,NA,115591.548682896,4448835.40582575,9568.44036051724,9331.93939393852,115591.548682896,57424.1895719646,7408948.17525269,2207950.53865897,31.419299030243,12.5455361370575,16117.2530849082,4742.13152154535,15.5206622149212,16.1857001650601,0.654103767513932,0.705061583759638,15.5915318495943,0.203144339925491,6.83072897357085,11.3756775308234,3.39008085057033,8.29119037201522,15.5915318495943,0.203144339925491
2020-06-08,187590,29153,68319,186710.428571429,29037,67702.4285714286,234,53.4285714285725,313.714285714275,NA,115496.951057729,4456793.04196682,7957.63614106737,7998.80519480631,115496.951057729,57377.2463895502,7422457.26912069,2211899.58473541,31.7615188552665,12.6821824440778,13509.0938680014,3949.04607644724,15.5408070792686,16.1941039340569,0.654125056413536,0.701375023473413,15.7613552214104,0.202445543420868,6.84294710501233,11.3964193543509,3.39614420445774,6.88427158537139,15.7613552214104,0.202445543420868
2020-06-09,187925,29237,68736,186992.285714286,29087.1428571429,68024,281.85714285713,50.1428571428587,321.571428571435,NA,116918.880105657,4466994.99265977,10201.950692948,8729.87878787797,116918.880105657,58082.8653155901,7439088.3734176,2216958.24877424,32.1071400366314,12.8201868921201,16631.104296905,5058.66403882159,15.5578023147532,16.191456960752,0.65451159108176,0.698975142855743,15.9328664843434,0.244048937114679,6.85861115050478,11.4219547036324,3.40391126254496,8.83309091670192,15.9328664843434,0.244048937114679
2020-06-10,188322,29260,69032,187330.857142857,29129,68309.8571428571,338.57142857142,41.8571428571413,285.857142857145,NA,118584.398996945,4477754.77994933,10759.787289558,9052.4112554118,118584.398996945,58909.3634120184,7456561.23197591,2222288.48049043,32.4562036071606,12.9595658653426,17472.8585583074,5330.23171619279,15.537218168881,16.1860149807739,0.653452487640047,0.694906555295447,16.1060860005458,0.289590432202566,6.87513169668907,11.4487824799643,3.41209528485605,9.20277997859254,16.1060860005458,0.289590432202566
2020-06-11,188680,29287,69344,187696.857142857,29168.5714285714,68571.8571428571,366,39.5714285714275,262,NA,119313.804286025,4487103.12030334,9348.34035401605,8579.36363636423,119313.804286025,59271.3239314118,7472065.68939786,2226918.72672411,32.8087491061794,13.1003351515587,15504.4574219538,4630.24623367889,15.5220479118084,16.208003505463,0.652692822402087,0.689507838013753,16.2810333910364,0.308654237258622,6.88948511134392,11.472587978903,3.41920455148833,7.88328012208153,16.2810333910364,0.308654237258622
2020-06-12,189244,29315,69578,188064.571428571,29205.5714285714,68796.2857142857,367.71428571429,37,224.428571428565,NA,119245.209855507,4495521.87652218,8418.75621883199,8450.35064935032,119245.209855507,59237.2845899519,7486356.90210866,2231086.81197986,33.1648139052352,13.2425096730014,14291.212710795,4168.0852557472,15.4905835852127,16.2103678988108,0.652093367693245,0.684707468791884,16.4577272010942,0.308204200349939,6.90241124521484,11.4945306654324,3.42560421749609,7.05597836663568,16.4577272010942,0.308204200349939
2020-06-13,189637,29339,69783,188412.857142857,29241.5714285714,69010.7142857143,348.28571428571,36,214.42857142858,NA,118541.446899827,4502745.40793879,7223.53141661361,7891.2943722941,118541.446899827,58888.048837509,7498909.06377082,2234663.14550776,33.5244348680381,13.3861041491271,12552.1616621669,3576.33352790121,15.4711369616689,16.2303494713605,0.651580254754631,0.681759897491783,16.6361857239888,0.292087781615507,6.91350223439245,11.5138032180278,3.4310953096179,6.05771202496651,16.6361857239888,0.292087781615507
2020-06-14,189928,29346,69820,188760.857142857,29276.7142857143,69230.2857142857,348,35.1428571428587,219.57142857142,NA,118420.757169274,4510164.11647663,7418.70853784494,7504.25541125517,118420.757169274,58828.1576930238,7511528.23965351,2238337.19743524,33.8876480610045,13.5311329810381,12619.1758826841,3674.05192747992,15.4511183185207,16.2498552921829,0.650663684117226,0.678516277755069,16.8164268573406,0.293580730876503,6.92489289795567,11.5331786640628,3.4367364382869,6.25832460448548,16.8164268573406,0.293580730876503
2020-06-15,189996,29375,69820,189104.571428571,29308.4285714286,69444.7142857143,343.71428571429,31.7142857142862,214.42857142858,NA,118183.887010014,4518000.7701269,7836.65365026332,8041.8095238097,118183.887010014,58710.6131027136,7524911.77797506,2242215.12438091,34.2544862148942,13.6776092379286,13383.5383215547,3877.92694567284,15.4608518074065,15.9885376994193,0.650176958672252,0.674151458893558,16.9984668434813,0.290260673639701,6.93692527323182,11.5537277099687,3.44269059606727,6.61763514909925,16.9984668434813,0.290260673639701
2020-06-16,190223,29484,69943,189432.857142857,29343.7142857143,69617.1428571429,328.28571428571,35.2857142857138,172.428571428565,NA,117626.739654377,4525026.16822581,7025.39809891023,7547.25974026043,117626.739654377,58434.133963827,7537061.64364086,2245693.92773397,34.6249812274108,13.8255456563589,12149.865665799,3478.80335305771,15.4997029801864,15.9636344418953,0.651576342409534,0.674032291885187,17.1823215113467,0.277787100169449,6.94771204908831,11.5723825784585,3.44803194064162,5.94446356153015,17.1823215113467,0.277787100169449
2020-06-17,190534,29512,70223,189748.857142857,29379.7142857143,69787.2857142857,316,36,170.142857142855,NA,117170.918427247,4530906.48119781,5880.31297200266,6300.13419913314,117170.918427247,58207.9369638977,7547221.8948063,2248609.02718946,34.9991643225653,13.9749547038879,10160.2511654356,2915.09945549443,15.4890990584358,15.8282229364464,0.65134868977031,0.670927586046169,17.3680063555587,0.268657682035842,6.95674066456349,11.5879825986174,3.45250777588727,4.99912944053435,17.3680063555587,0.268657682035842
2020-06-18,190735,29540,70322,190042.428571429,29415.8571428571,69927,293.571428571449,36.1428571428551,139.71428571429,NA,116434.952633841,4536162.75782865,5256.27663083654,5956.09956709947,116434.952633841,57842.7208558917,7556450.33164023,2251215.67789134,35.3770640154672,14.1258477664263,9228.43683393579,2606.65070187626,15.4874564185912,15.8276561023923,0.651211201560592,0.67058851661579,17.5555355264724,0.250560199936087,6.9648111364511,11.6021519137554,3.45651001981159,4.48599080846178,17.5555355264724,0.250560199936087
2020-06-19,191304,29554,70496,190336.714285714,29450,70058.1428571429,294.28571428571,34.1428571428587,131.142857142855,NA,116365.841992033,4541696.85065004,5534.09282139502,5569.06060606055,116365.841992033,57808.4253494306,7565848.76361198,2253960.48012924,35.7587073353739,14.2782356365933,9398.43197175302,2744.80223789951,15.4487099067453,15.8374204095681,0.650725950495133,0.670045581512286,17.7449224371028,0.252757365291802,6.97330816651161,11.6165822389348,3.46072438120347,4.75294805916087,17.7449224371028,0.252757365291802
2020-06-20,191740,29568,70641,190637.142857143,29482.7142857143,70180.7142857143,300.42857142858,32.7142857142862,122.571428571435,NA,116448.663903516,4547230.93230178,5534.0816517435,5418.54545454588,116448.663903516,57849.5249446025,7575179.17780091,2256705.06092742,36.1441181421036,14.4321278414698,9330.41418892518,2744.58079817938,15.4208824449776,15.8550132753153,0.650241882152065,0.669464115135686,17.9361789276604,0.258186577680319,6.98180517942226,11.6309081298077,3.46493840259745,4.75576127582389,17.9361789276604,0.258186577680319
2020-06-21,191745,29574,70661,190896.714285714,29515.2857142857,70300.8571428571,259.57142857142,32.5714285714275,120.142857142855,NA,115232.617785945,4551336.99008032,4106.05777853262,5289.5324675329,115232.617785945,57246.0734877619,7582676.29912898,2258741.35812793,36.5333194466208,14.587533569195,7497.12132807169,2036.29720051773,15.4236094813424,15.8725293163213,0.649787085958627,0.668487922297007,18.1293164171201,0.222915499581288,6.98810960862147,11.6424191881416,3.4680649274107,3.52606688723772,18.1293164171201,0.222915499581288
2020-06-22,192070,29595,70737,191193,29546.7142857143,70431.8571428571,296.28571428571,31.4285714285725,131,NA,116158.214279035,4557067.49566432,5730.50558400061,4773.480519481,116158.214279035,57705.3920482439,7591958.20840739,2261584.9237346,36.9263330724588,14.7444615337737,9281.90927840862,2843.56560666813,15.4084448378195,15.8752588603543,0.649430802334116,0.668560783594353,18.3243457352051,0.257130167977142,6.99690821026778,11.6566706047157,3.47243092979242,4.97298915368352,18.3243457352051,0.257130167977142
2020-06-23,192452,29652,70952,191511.428571429,29570.7142857143,70576,318.42857142858,24,144.142857142855,NA,116670.023178421,4562914.33919574,5846.84353141952,5311.03463203367,116670.023178421,57959.3724043299,7601630.61537428,2264480.67960089,37.3231763053938,14.902918637312,9672.40696689393,2895.75586629054,15.4074782283375,15.8411712035754,0.649847833988189,0.668459611927043,18.5212754598195,0.274144696146235,7.00588543686099,11.6715215903076,3.47687706494733,5.03351705921911,18.5212754598195,0.274144696146235
2020-06-24,192452,29661,71138,191785.428571429,29592,70706.7142857143,274,21.2857142857138,130.71428571429,NA,115392.063196019,4567076.21038217,4161.87118642963,5418.54545454588,115392.063196019,57325.1967739649,7609258.42781217,2266538.55660211,37.7238651986562,15.0629112897674,7627.81243788358,2057.87700121431,15.4121547190988,15.8077767509442,0.649452705268476,0.66815085082164,18.7201135572279,0.234859962568923,7.01227556180474,11.6832333113923,3.48003672332396,3.56721553064661,18.7201135572279,0.234859962568923
2020-06-25,192452,29680,71322,192030.714285714,29612,70849.5714285714,245.28571428571,20,142.857142857145,NA,114555.614922352,4571699.80972755,4623.59934537951,5440.04761904664,114555.614922352,56910.1171795139,7617470.15033906,2268824.84220637,38.1284148607513,15.2244455238751,8211.72252689395,2286.28560425946,15.422027310706,15.7937405329294,0.649211480089914,0.667140887278815,18.9208675248841,0.212575840681008,7.01937462282402,11.6958415663333,3.48354707960696,4.00686079901812,18.9208675248841,0.212575840681008
2020-06-26,193346,29705,71550,192322.428571429,29633.5714285714,71000.1428571429,291.71428571429,21.5714285714275,150.57142857142,NA,115700.829781296,4578005.61333108,6305.80360353366,5139.01731601823,115700.829781296,57478.4192899675,7627635.42517255,2271947.70500425,38.5368369995004,15.387526014497,10165.2748334929,3122.8627978866,15.3636485885408,15.7969888739119,0.648863337202984,0.666510643870754,19.1235431726844,0.254658876160634,7.02905653538026,11.7114492998176,3.48834191408568,5.50457837252922,19.1235431726844,0.254658876160634
2020-06-27,193346,29705,71550,192551.857142857,29653.1428571429,71130,229.428571428551,19.5714285714312,129.857142857145,NA,114008.821708772,4581257.17235812,3251.55902704317,4923.99567099568,114008.821708772,56638.7761863088,7633907.74122556,2273554.63977385,38.9491413550891,15.5521566508307,6272.31605300959,1606.93476959597,15.3636485885408,15.7792432391342,0.648402804785348,0.664988432913215,19.3281453341044,0.198302644963331,7.03404896967581,11.7210797956859,3.49080919706831,2.81031608259807,19.3281453341044,0.198302644963331
2020-06-28,193346,29705,71550,192780.571428571,29671.8571428571,71257,228.71428571429,18.7142857142826,127,NA,113927.790130897,4586097.34857246,4840.17621433269,4902.49350649305,113927.790130897,56598.5650273631,7642144.82677989,2275949.55106388,39.365333534512,15.7183396717149,8237.08555432968,2394.91129003372,15.3636485885408,15.7559165380875,0.647718479182446,0.66339050394216,19.5346767915623,0.200619073152876,7.04148056219126,11.7337269929457,3.49448633691406,4.24544008243203,19.5346767915623,0.200619073152876
2020-06-29,194109,29736,71595,193071.857142857,29692,71379.5714285714,291.28571428571,20.1428571428587,122.571428571435,NA,115450.615801441,4592370.79329062,6273.44471816346,4730.47619047668,115450.615801441,57354.2529540993,7652084.70952851,2279057.00375968,39.7854179484611,15.8860768383124,9939.88274861872,3107.45269580185,15.3192278565136,15.7366970532118,0.647508690793083,0.662699278415285,19.7431397338228,0.255685940089096,7.05111279100879,11.7489886600768,3.49925751076676,5.50650961539373,19.7431397338228,0.255685940089096
2020-06-30,194373,29763,71714,193346.285714286,29707.8571428571,71488.4285714286,274.42857142858,15.8571428571413,108.85714285713,NA,114950.42185998,4595498.82012838,3128.02683775872,3612.3636363633,114950.42185998,57106.0364117199,7657608.77420539,2280605.15563836,40.2093975648006,16.0553693356734,5524.06467687339,1548.15187867358,15.3123118951706,15.6981765038031,0.647655481264351,0.662058840274741,19.9535356336604,0.237711593428433,7.05591555433935,11.7574702929533,3.50163453866923,2.70940680224563,19.9535356336604,0.237711593428433
2020-07-01,194985,29780,71879,193708.142857143,29724.8571428571,71594.2857142857,361.857142857159,17,105.857142857145,NA,117045.753581923,4600814.97436114,5316.15423276555,3203.82251082268,117045.753581923,58145.8250857666,7665666.43211483,2283241.08824366,40.6372702146077,16.2262162977602,8057.65790944826,2635.93260530336,15.2729697156191,15.6746084059847,0.647276627422627,0.661374279511671,20.1658634147677,0.314806588889066,7.06407796212323,11.7698419975277,3.50568174194311,4.62473660100275,20.1658634147677,0.314806588889066
2020-07-02,195458,29794,72054,194137.571428571,29741.1428571429,71698.8571428571,429.428571428551,16.2857142857174,104.571428571435,NA,118609.207878374,4605405.01740218,4590.04304104019,3010.30303030275,118609.207878374,58921.6745862616,7672733.97642209,2285516.98285694,41.0690322409292,16.3986162643735,7067.54430726077,2275.8946132767,15.2431724462544,15.6591670828645,0.646935500513399,0.660596803809331,20.380121262416,0.366903982780507,7.07112550089019,11.7806934845502,3.50917614392871,3.92158015183997,20.380121262416,0.366903982780507
2020-07-03,195904,29812,72181,194503,29756.4285714286,71789,365.42857142858,15.2857142857138,90.1428571428551,NA,117121.338506676,4607179.2605846,1774.24318241421,3246.826839827,117121.338506676,58186.499881939,7676190.49137859,2286397.43436099,41.504679104473,16.5725674230013,3456.51495649386,880.451504055411,15.2176576282261,15.6616079135501,0.647077057648875,0.659849378448926,20.5963069240242,0.308106701254488,7.07384966872441,11.7860006075852,3.51052798661336,1.49587305585379,20.5963069240242,0.308106701254488
2020-07-04,195904,29812,72181,194868.428571429,29771.7142857143,71879.1428571429,365.42857142858,15.2857142857138,90.1428571428551,NA,117028.378912367,4610047.38324137,2868.12265677378,2945.79653679673,117028.378912367,58140.3695569439,7681088.99094682,2287818.55430453,41.9442035375507,16.7480668716996,4898.49956822954,1421.11994353356,15.2176576282261,15.6509540306452,0.646674481229277,0.658824919275303,20.8144167930703,0.312021090349491,7.07825337592961,11.793521749609,3.5127099700512,2.44884723257349,20.8144167930703,0.312021090349491
2020-07-05,195904,29813,72181,195233.857142857,29787.1428571429,71969.2857142857,365.428571428551,15.4285714285725,90.1428571428551,NA,116936.554438124,4612787.77088834,2740.38764696848,2816.78354978282,116936.554438124,58094.8025246128,7685770.12101701,2289176.79070936,42.3875966944529,16.9251110784302,4681.13007019553,1358.23640483292,15.218168082326,15.6335052311623,0.646311980537066,0.65799195202366,21.0344464799541,0.312268889767716,7.08246095917138,11.8007091431362,3.51479540228619,2.34164368714407,21.0344464799541,0.312268889767716
2020-07-06,196748,29836,72233,195610.857142857,29801.4285714286,72060.4285714286,377,14.2857142857138,91.1428571428551,NA,117118.044147093,4616015.3515064,3227.58061805926,3031.80519480538,117118.044147093,58184.8650869578,7691154.65357463,2290775.49666591,42.834846740329,17.1036953176087,5384.53255761787,1598.70595654519,15.1645760058552,15.6245201832011,0.646358335664184,0.657736540614821,21.2563901117422,0.322409921650831,7.08741657708735,11.8089765388017,3.51725005077313,2.76011263848816,21.2563901117422,0.322409921650831
2020-07-07,197089,29847,72363,195998.857142857,29813.4285714286,72153.1428571429,388,12,92.7142857142899,NA,117281.678482777,4618577.72610182,2562.37459542416,2386.7402597405,117281.678482777,58266.0670881239,7695420.09446148,2292045.10790445,43.2859408478485,17.2838144673598,4265.44088685047,1269.61123854481,15.1439197519902,15.5843205429205,0.646237906343334,0.657177283766266,21.4802413229925,0.331302852601139,7.0913508396063,11.8155256843629,3.51919940818495,2.18785637523624,21.4802413229925,0.331302852601139
2020-07-08,197089,29847,72363,196299.428571429,29823,72222.2857142857,300.571428571449,9.57142857142753,69.1428571428551,NA,116098.088832035,4619962.46545541,1384.73935358785,2558.7575757578,116098.088832035,57682.4640605808,7697152.00309295,2292732.2717942,43.7408648875199,17.4654628858626,1731.90863146633,687.163889750373,15.1439197519902,15.5538750391155,0.646044209734891,0.656377484327404,21.7059931020775,0.256291794602313,7.0934769643919,11.8181848518505,3.52025447762743,1.18069537501649,21.7059931020775,0.256291794602313
2020-07-09,197964,29889,72408,196657.428571429,29836.5714285714,72272.8571428571,358,13.5714285714275,50.5714285714348,NA,117335.373548774,4623664.56835397,3702.10289855767,2451.24675324652,117335.373548774,58296.4549726476,7702862.80446609,2294568.03821647,44.1996004879267,17.6486332375219,5710.80137314647,1835.7664222708,15.0981996726678,15.5605473042694,0.646435301655988,0.656708129174864,21.9336363323546,0.308372342651123,7.0991611624405,11.8269531997086,3.52307310806561,3.18877161183394,21.9336363323546,0.308372342651123
2020-07-10,198450,29912,72408,197021.142857143,29850.8571428571,72305.2857142857,363.71428571429,14.2857142857138,32.4285714285652,NA,117379.771293011,4626023.98341422,2359.41506025381,2300.73160173185,117379.771293011,58318.4869359522,7706836.39568808,2295738.37200577,44.6621279463043,17.8333176551429,3973.59122198168,1170.33378929831,15.0728143109095,15.5416552001131,0.646602786912564,0.656387030221932,22.1631612365119,0.30999073279265,7.10278380147804,11.8330542401412,3.52487003516991,2.01083014345461,22.1631612365119,0.30999073279265
2020-07-11,198450,29912,72408,197384.857142857,29865.1428571429,72337.7142857143,363.714285714261,14.2857142857174,32.4285714285797,NA,117294.987568436,4628254.21700567,2230.23359144293,2300.73160173185,117294.987568436,58276.4138094718,7710649.44080319,2296844.60070528,45.1284264526974,18.019507829436,3813.04511511605,1106.22869951325,15.0728143109095,15.5182294063677,0.64629120609006,0.655545946656371,22.3945574878047,0.309873433271252,7.1062080956632,11.8389087785472,3.52656853550536,1.90001528106209,22.3945574878047,0.309873433271252
2020-07-12,198450,29912,72408,197748.571428571,29879.2857142857,72370.1428571429,363.71428571429,14.1428571428551,32.4285714285652,NA,117211.27756091,4630506.88362152,2252.66661585029,2322.23376623355,117211.27756091,58234.8735049851,7714500.16465103,2297961.81765107,45.5984718352676,18.2071941087326,3850.72384783346,1117.21694578184,15.0728143109095,15.5255781775641,0.645976795883863,0.654948562758864,22.6278130911854,0.31009737730732,7.10966683344895,11.8448211687701,3.52828390716225,1.92051396444879,22.6278130911854,0.31009737730732
2020-07-13,199571,29931,72408,198151.857142857,29892.8571428571,72395.1428571429,403.28571428571,13.5714285714275,25,NA,117994.039772913,4633453.43371231,2946.55009079166,2150.21645021718,117994.039772913,58623.3118959037,7719135.26713297,2299423.65561234,46.0722380877805,18.3963661089003,4635.10248194821,1461.8379612728,14.9976700021546,15.5326300287122,0.645976061445369,0.654701779331915,22.8629151413046,0.344080904718743,7.11419095790878,11.8519378916719,3.53052840892639,2.51387934003232,22.8629151413046,0.344080904718743
2020-07-14,199571,29931,72408,198506.428571429,29904.8571428571,72401.5714285714,354.571428571449,12,6.42857142857974,NA,117710.809228612,4634988.38498619,1534.9512738809,1806.18181818165,117710.809228612,58482.7614002354,7721042.89717866,2300185.36075577,46.5496959853708,18.5870121606272,1907.63004568592,761.705143429805,14.9976700021546,15.4670162004164,0.645762136038,0.653799984710403,23.0998491355975,0.300511195073689,7.11654771764095,11.8548668613089,3.53169792879348,1.3008718718632,23.0998491355975,0.300511195073689
2020-07-15,200338,30018,72408,198970.571428571,29929.2857142857,72408,464.142857142841,24.4285714285725,6.42857142856519,NA,119979.726786382,4638722.37613703,3733.99115084298,1440.64502164442,119979.726786382,59608.6904138653,7726331.76658178,2302045.80319582,47.030815203122,18.7791201553575,5288.8694031192,1860.44244005298,14.9836775848815,15.4796508406099,0.647117839050285,0.655234990541881,23.3386000256094,0.394323267725262,7.12228087681958,11.8629873760446,3.53455444671777,3.17217354575399,23.3386000256094,0.394323267725262
2020-07-16,200739,30035,72408,199367,29950.1428571429,72408,396.42857142858,20.8571428571449,0,NA,119597.431303214,4640403.64342443,1681.26728739403,2042.70562770497,119597.431303214,59415.3096262999,7728421.23746391,2302880.11628581,47.5155641433897,18.9726774763427,2089.47088212986,834.3130899854,14.9622146169902,15.4904383111845,0.647249728858402,0.654914139782689,23.5791521313062,0.330425710145769,7.12486228973436,11.8661955435743,3.53583544861533,1.40129281206602,23.5791521313062,0.330425710145769
2020-07-17,201448,30049,72408,199795.285714286,29969.7142857143,72408,428.28571428571,19.5714285714275,0,NA,120180.577753747,4643156.57775375,2752.93432932161,2150.21645021718,120180.577753747,59704.6905716769,7732814.25843952,2304248.89680154,48.0039072803777,19.1676699383474,4393.0209756149,1368.78051573131,14.9165045073667,15.4396314883464,0.647167492562506,0.654324342535692,23.8214878233453,0.358119996186408,7.12908913711581,11.8729405752336,3.53793707024759,2.30183399369349,23.8214878233453,0.358119996186408
2020-07-18,201448,30049,72408,200223.571428571,29989.2857142857,72408,428.28571428571,19.5714285714275,0,NA,120089.396030158,4645235.18390895,2078.60615519807,2150.21645021625,120089.396030158,59659.4424983165,7736369.22761018,2305283.04829853,48.4958078043324,19.3640828434593,3554.9691706514,1034.15149699477,14.9165045073667,15.4287301807791,0.646877904139051,0.653878962353004,24.0655888352326,0.356382196801986,7.13228062297531,11.8783988645833,3.53952490345543,1.72956911511707,24.0655888352326,0.356382196801986
2020-07-19,201448,30049,72408,200651.857142857,30008.8571428571,72408,428.28571428571,19.5714285714275,0,NA,119999.412638741,4647293.48623182,2058.30232286919,2128.71428571455,119999.412638741,59614.7890860345,7739889.19888279,2306307.19617519,48.9912278571133,19.561901075152,3519.97127261199,1024.14787665429,14.9165045073667,15.3903413815715,0.646591399682932,0.653123417643469,24.3114363802217,0.356652750686884,7.13544093438957,11.8838034182619,3.54109737713363,1.71397508099074,24.3114363802217,0.356652750686884
2020-07-20,203242,30069,72408,201176.285714286,30028.5714285714,72408,524.42857142858,19.7142857142862,0,NA,121868.002599868,4651224.49610636,3931.0098745469,2042.70562770497,121868.002599868,60542.0592923085,7745697.46981805,2308261.01740187,49.4901265735743,19.7611083162196,5808.27093526535,1953.82122668158,14.7946782653192,15.3631836141634,0.646474923435138,0.652906745147929,24.5590101793677,0.437042655947245,7.14147659554492,11.8927214206029,3.54409726857596,3.27585759638778,24.5590101793677,0.437042655947245
2020-07-21,203696,30069,72408,201765.571428571,30048.2857142857,72408,589.28571428571,19.7142857142862,0,NA,123067.885512589,4654250.27512298,3025.77901661675,1806.18181818165,123067.885512589,61137.4899106505,7750273.31588194,2309766.41794502,49.9924615731664,19.9616876443652,4575.84606388956,1505.40054315468,14.7617037153405,15.3382706398469,0.646054643015636,0.652655308145848,24.8082892017217,0.483562362092021,7.14612236786757,11.8997471613723,3.54640865620192,2.48283302595134,24.8082892017217,0.483562362092021
2020-07-22,204641,30069,72408,202380.285714286,30055.5714285714,72408,614.71428571429,7.28571428571377,0,NA,123456.3113828,4658322.85683735,4072.58171436843,3676.87012987118,123456.3113828,61330.2425981243,7757002.64308807,2311778.76246923,50.4981882125835,20.1636212337865,6729.32720612641,2012.34452420799,14.6935364858459,15.3419896625753,0.645489823786379,0.652249261239874,25.0592512934625,0.499510465133335,7.152375398015,11.9100793508391,3.54949840414546,3.30921563932437,25.0592512934625,0.499510465133335
2020-07-23,205476,30072,72408,203057,30060.8571428571,72408,676.71428571429,5.28571428571377,0,NA,124558.621288319,4662569.76847447,4246.91163711995,3139.31601731572,124558.621288319,61877.2535286825,7763705.00244563,2313878.40820108,51.007260996684,20.3668909185487,6702.35935755726,2099.64573184773,14.6352858728027,15.3446877771037,0.644966220201766,0.651926806383478,25.3118738780537,0.548160754997234,7.15889609381999,11.9203701339495,3.5527221941099,3.44001176574244,25.3118738780537,0.548160754997234
2020-07-24,206418,30081,72408,203767,30065.4285714286,72408,710,4.57142857143117,0,NA,125076.651442373,4666038.16659389,3468.39811942168,2945.79653679673,125076.651442373,62134.3211239269,7769352.12284282,2315592.01177914,51.5196336536184,20.5714782225819,5647.12039719429,1713.60357805854,14.5728570182833,15.2811863761912,0.64467968169147,0.651665943662499,25.5661339935249,0.570033268251142,7.16422146222881,11.9290407062219,3.55535325607154,2.78455082719106,25.5661339935249,0.570033268251142
2020-07-25,206418,30081,72408,204477,30070,72408,710,4.57142857142753,0,NA,124939.057619834,4668850.94073672,2812.7741428297,2945.79653679673,124939.057619834,62066.0414826674,7774184.4369216,2316980.26812069,52.0352579288087,20.7773638781249,4832.31407877989,1388.25634155422,14.5728570182833,15.2570666044274,0.644291290979904,0.651304401136256,25.8220076939953,0.567672151752479,7.16854018748629,11.9364602272372,3.55748478083027,2.24884029944281,25.8220076939953,0.567672151752479
2020-07-26,206418,30081,72408,205187,30074.5714285714,72408,710,4.57142857142753,0,NA,124803.33434195,4671665.5854242,2814.64468748309,2945.79653679579,124803.33434195,61998.6900816122,7779019.07570426,2318369.45270245,52.5540848113547,20.9845283154217,4834.63878266048,1389.18458175892,14.5728570182833,15.2593860786606,0.64390311014243,0.651109185949518,26.0794706582662,0.568297249405639,7.17286178477261,11.9438833175962,3.5596177308063,2.25281408480566,26.0794706582662,0.568297249405639
2020-07-27,208665,30096,72408,205961.714285714,30078.4285714286,72408,774.71428571429,3.85714285714494,0,NA,125897.975207013,4675731.38213342,4065.79670921806,2967.29870129842,125897.975207013,62541.8953229212,7785418.57800797,2320379.07792228,53.0760647565371,21.1929517515652,6399.50230371207,2009.62521982705,14.4231183955143,15.1938880662285,0.643664007624577,0.650912270020362,26.3384983002365,0.620770049263963,7.17910439724282,11.9537090948648,3.56270330353779,3.25776288803162,26.3384983002365,0.620770049263963
2020-07-28,209342,30109,72408,206768.285714286,30084.1428571429,72408,806.57142857142,5.71428571428623,0,NA,126352.744608302,4679159.16452172,3427.7823883025,2967.29870129935,126352.744608302,62767.5703641628,7791024.70828314,2322073.03008489,53.6011471052132,21.4026139586662,5606.13027516659,1693.95216261595,14.3826847933047,15.1595580030954,0.643470310398761,0.650861303528698,26.5990654807825,0.640677108899658,7.18436740437592,11.9623167310228,3.56530419277318,2.72266681228687,26.5990654807825,0.640677108899658
2020-07-29,209342,30109,72408,207439.857142857,30089.8571428571,72408,671.57142857142,5.7142857142826,0,NA,127750.579128245,4681659.32371699,2500.1591952676,1096.61038960982,127750.579128245,63462.0242290534,7794131.89408183,2323313.71058781,54.1292804226078,21.6134943991299,3107.18579869438,1240.68050291482,14.3826847933047,15.1624374617572,0.643126676207936,0.650547670639396,26.8611466758805,0.531523531286282,7.18820614154999,11.9670874950824,3.56720913001745,1.97871380081073,26.8611466758805,0.531523531286282
2020-07-30,210465,30123,72408,208152.571428571,30097.1428571429,72408,712.71428571429,7.2857142857174,0,NA,129575.258973347,4684286.86936296,2627.54564596806,795.580086580478,129575.258973347,64366.496934142,7797397.39514754,2324617.60541964,54.6604118916537,21.8255719834207,3265.50106570311,1303.89483183343,14.3125935428694,15.1661087715509,0.643064800258414,0.650533532442151,27.1247156755575,0.557913973499415,7.19224046751085,11.9721013359437,3.56921112635893,2.05677787443166,27.1247156755575,0.557913973499415
2020-07-31,213093,30150,72408,209106.142857143,30107,72408,953.571428571449,9.8571428571413,0,NA,133844.983673485,4689254.52047002,4967.65110706538,688.069264070131,133844.983673485,66485.3076875941,7803881.23531395,2327118.70188738,55.1944881546041,22.0388254061129,6483.8401664095,2501.09646773804,14.1487519533725,15.0858591679152,0.642959341796997,0.650702557635157,27.3897460015329,0.735945111131439,7.19986778460673,11.982056605322,3.57305130261843,3.83379600891803,27.3897460015329,0.735945111131439
2020-08-01,213093,30150,72408,210059.714285714,30116.8571428571,72408,953.57142857142,9.8571428571413,0,NA,136595.004023737,4692702.4672272,3447.94675717782,688.069264068268,136595.004023737,67803.0331460428,7808166.32692685,2328829.71306011,55.7314553970605,22.2532331794425,4285.09161290061,1711.01117273467,14.1487519533725,15.0907983338547,0.642486929664963,0.650487066972226,27.6562109489172,0.712466780994897,7.2051617520533,11.988635922551,3.57567838420846,2.5760746966723,27.6562109489172,0.712466780994897
2020-08-02,213093,30150,72408,211013.285714286,30126.7142857143,72408,953.57142857142,9.85714285714494,0,NA,139311.948640496,4696117.33825089,3414.87102368567,688.0692640692,139311.948640496,69148.6286486671,7812410.31217757,2330524.31071097,56.2712587316653,22.4687733872196,4243.98525071982,1694.59765085159,14.1487519533725,15.0379430191548,0.642019733076552,0.649963450175431,27.9240832803753,0.698122117498492,7.21040493511464,11.9951521251908,3.57828026452461,2.49999701533172,27.9240832803753,0.698122117498492
2020-08-03,213093,30150,72408,211645.857142857,30134.4285714286,72408,632.57142857142,7.71428571428623,0,NA,140967.367254201,4698361.02959186,2243.69134097733,580.558441558853,140967.367254201,69900.1822464452,7815198.76096296,2331637.7214516,56.8138428600493,22.6854239491396,2788.44878539536,1113.41074063536,14.1487519533725,15.0117458846704,0.641713138051868,0.649727961547555,28.1933355546109,0.454081379878758,7.21384989228938,11.9994335013651,3.57998979214516,1.6105519755289,28.1933355546109,0.454081379878758
2020-08-04,216193,30177,72408,212624.571428571,30144.1428571429,72408,978.71428571429,9.71428571428623,0,NA,146941.089172811,4705204.55237627,6843.52278441098,860.086580086499,146941.089172811,72864.5856045526,7824092.07523905,2335035.77035214,57.3591520583148,22.9031626149872,8893.31427609269,3398.04890053486,13.9583612790423,14.9637339944516,0.641353625843103,0.649924237846808,28.4639401191637,0.69430375801751,7.22435741731572,12.0130882703002,3.58520714656742,4.85468581680347,28.4639401191637,0.69430375801751
2020-08-05,216193,30177,72408,213603.285714286,30153.8571428571,72408,978.71428571429,9.7142857142826,0,NA,149477.185982803,4708610.45005207,3405.89767579269,860.086580086499,149477.185982803,74121.0847734213,7828324.90845626,2336725.91506343,57.9071294412354,23.1219666708352,4232.83321720548,1690.14471129561,13.9583612790423,14.9685562243642,0.640889713007928,0.649633415860899,28.7358687452747,0.666076144161548,7.22958682272474,12.0195873501401,3.5878021898531,2.3178660883527,28.7358687452747,0.666076144161548
2020-08-06,218763,30185,72408,214788.714285714,30162.7142857143,72408,1185.42857142858,8.85714285714494,0,NA,152879.714783669,4713118.4463854,4507.99633333366,1096.61038961075,152879.714783669,75809.5577121973,7834423.25814865,2338963.75749737,58.4577176299605,23.3418132056557,6098.34969238471,2237.84243394295,13.7980371452211,14.9729529634021,0.64044645479151,0.649517834185141,29.0090929592285,0.793069480078787,7.23650838721474,12.0289507385631,3.59123816663295,3.01584238671198,29.0090929592285,0.793069480078787
2020-08-07,222477,30203,72408,216129.285714286,30170.2857142857,72408,1340.57142857142,7.57142857142753,0,NA,155966.387982287,4717696.34036324,4577.89397783857,1483.64935064875,155966.387982287,77342.4417269784,7840112.64272175,2341235.49435856,59.0108586728339,23.5626790797027,5689.38457310759,2271.73686118284,13.5757853620824,14.8445132966049,0.640206529224696,0.64935588521439,29.2835840030604,0.876900481180771,7.24353727234531,12.0376862031286,3.59472618481805,2.99444173108021,29.2835840030604,0.876900481180771
2020-08-08,222477,30203,72408,217469.857142857,30177.8571428571,72408,1340.57142857142,7.57142857142753,0,NA,159010.358623846,4722231.53178402,4535.19142077956,1483.64935064968,159010.358623846,78854.1349991597,7845748.95676275,2343486.04047714,59.5664944389523,23.7845410816579,5636.31404099427,2250.5461185826,13.5757853620824,14.8151446974202,0.639591680262013,0.64893373185012,29.559313029856,0.85954496558759,7.25050059209368,12.046340183353,3.59818166679844,2.90780050718018,29.559313029856,0.85954496558759
2020-08-09,222477,30203,72408,218810.428571429,30185.4285714286,72408,1340.57142857145,7.57142857143117,0,NA,162012.233905442,4726724.62784484,4493.09606081713,1483.64935064968,162012.233905442,80344.9388445914,7851332.95489325,2345715.69716897,60.124566866343,24.0073760277268,5583.99813050404,2229.65669183386,13.5757853620824,14.7504305449194,0.638983701781061,0.6483663955509,29.836251226907,0.843089456639479,7.2573992787485,12.0549138378804,3.60160507521361,2.82566249123806,29.836251226907,0.843089456639479
2020-08-10,226384,30203,72408,220709.142857143,30193,72408,1898.71428571429,7.57142857142753,0,NA,171071.807710165,4736952.88996125,10228.2621164117,1161.11688311677,171071.807710165,84840.6671988154,7864570.02867723,2350791.30414833,60.6850182792891,24.2311608883442,13237.0737839816,5075.60697935801,13.3414905647042,14.694173528782,0.637603976683143,0.64777582963401,30.1143699731811,1.17198053784415,7.27310372272419,12.0752380025602,3.60939814744257,6.31326528241157,30.1143699731811,1.17198053784415
2020-08-11,226384,30203,72408,222165,30196.7142857143,72408,1455.85714285713,3.71428571428623,0,NA,174395.952004263,4741742.89572721,4790.00576595962,1462.14718614705,174395.952004263,86493.2651191945,7870523.02475837,2353168.29949084,61.2477911430074,24.4558726902191,5952.99608113896,2376.9953425061,13.3414905647042,14.6289152524074,0.636959882983448,0.647294319541487,30.3936407175826,0.851035577492888,7.28045828367878,12.0843782154702,3.61304777919448,2.79999716497705,30.3936407175826,0.851035577492888
2020-08-12,230874,30247,72408,224262.285714286,30206.7142857143,72408,2097.28571428571,10,0,NA,184632.584809174,4753451.67571827,11708.7799910577,1462.14718614705,184632.584809174,91573.0979396766,7885736.19087935,2358978.81544773,61.812828201947,24.6814885715563,15213.1661209818,5810.51595689403,13.1010854405433,14.6337597911589,0.636316556125072,0.647846769664212,30.6740350475827,1.20261907445951,7.2984359105034,12.1077364665906,3.62196922853517,6.71390583123826,30.6740350475827,1.20261907445951
2020-08-13,230874,30263,72408,225992.428571429,30217.8571428571,72408,1730.14285714287,11.1428571428551,0,NA,188877.432334614,4759040.80029998,5589.12458171695,1333.13419913407,188877.432334614,93678.4121789378,7892682.32797347,2361752.36599204,62.3800731049256,24.9079860316693,6946.13709411584,2773.55054431036,13.1080156275717,14.6391579914819,0.63590545384886,0.647798936944928,30.9555249994368,0.937085734566161,7.30701743616902,12.1184015453303,3.6262277299933,3.02716044813735,30.9555249994368,0.937085734566161
2020-08-14,236114,30279,72408,227940.571428571,30228.7142857143,72408,1948.14285714284,10.8571428571449,0,NA,193963.395867656,4765277.2356945,6236.43539451435,1139.61471861508,193963.395867656,96200.6185723497,7900432.9398261,2364847.13844346,62.9494700411089,25.1353427856293,7750.61185263284,3094.77245141333,12.8238901547558,14.4867199989046,0.635408990964764,0.647577833827239,31.2380828775428,1.03144458784069,7.31659284097841,12.13030181228,3.63097943463555,3.3018425321803,31.2380828775428,1.03144458784069
2020-08-15,239345,30279,72408,230350.285714286,30239.5714285714,72408,2409.71428571429,10.8571428571413,0,NA,201004.343028873,4773468.65471719,8191.41902268864,1139.61471861415,201004.343028873,99694.6224267883,7911128.07268083,2368933.71372647,63.5209641281863,25.3635369192617,10695.1328547308,4086.57528301002,12.6507760763751,14.4450570972721,0.634318609593844,0.647103441780334,31.5216814470699,1.24236827613542,7.32916992197801,12.1467230882327,3.63725395046767,4.22317777333501,31.5216814470699,1.24236827613542
2020-08-16,239345,30279,72408,232760,30250.4285714286,72408,2409.71428571429,10.8571428571449,0,NA,207430.089602244,4781044.87315203,7576.2184348423,1139.61471861508,207430.089602244,102836.249620018,7920543.76043908,2372693.3409197,64.0945009136457,25.5925466900076,9415.68775824551,3759.62719322974,12.6507760763751,14.450243415764,0.63331344514317,0.646757867378528,31.8062936864708,1.19884765214327,7.34080242578006,12.1611799078966,3.64302647115139,3.7691814617926,31.8062936864708,1.19884765214327
2020-08-17,242650,30302,72408,235083.714285714,30264.5714285714,72408,2323.71428571429,14.1428571428551,0,NA,213517.14606032,4788285.68718586,7240.81403383333,1139.61471861415,213517.14606032,105746.149817259,7929542.60922419,2376286.52683122,64.6700266262328,25.8223506273303,8998.84878510982,3593.18591152644,12.4879456006594,14.3798595626691,0.632836091653689,0.646886086293877,32.0918929122659,1.12024807847782,7.351919950638,12.1749967142106,3.64854343837413,3.490725018592,32.0918929122659,1.12024807847782
2020-08-18,242650,30302,72408,237407.428571429,30278.7142857143,72408,2323.71428571429,14.1428571428587,0,NA,219973.447823511,4795462.41752048,7176.73033461906,706.285714285448,219973.447823511,108587.106223912,7938461.81509676,2379847.9118093,65.2474893900996,26.0529280175172,8919.2058725683,3561.38497808157,12.4879456006594,14.2091548224082,0.631889010104427,0.646200795195112,32.3784533815532,1.08830999236895,7.36293908157011,12.1886912370278,3.65401157853593,3.36119626317579,32.3784533815532,1.08830999236895
2020-08-19,242650,30302,72408,239089.714285714,30286.5714285714,72408,1682.28571428571,7.8571428571413,0,NA,223610.406418486,4800612.38477346,5149.96725298371,1505.15151515137,223610.406418486,110392.992229152,7944862.16957918,2382403.53465665,65.8268381045797,26.2842584563813,6400.35448242724,2555.62284734566,12.4879456006594,14.212842011972,0.631211136648141,0.645726001416508,32.6659497361072,0.764771295996244,7.37084632634743,12.1985183227291,3.65793547444047,2.34117676653213,32.6659497361072,0.764771295996244
2020-08-20,242650,30302,72408,240772,30292.1428571429,72408,1682.28571428571,5.57142857143117,0,NA,227032.562374346,4805717.28098906,5104.89621559996,1677.16883116867,227032.562374346,112094.011618634,7951206.50999356,2384936.79142529,66.4080220808557,26.5163217041842,6344.34041437972,2533.25676864339,12.4879456006594,14.2154565645717,0.630540629592833,0.645256449475478,32.9543568220788,0.752331859198515,7.37868436918473,12.2082594045929,3.66182502953266,2.28294214807077,32.9543568220788,0.752331859198515
2020-08-21,257333,30373,72535,243803.285714286,30305.5714285714,72426.1428571429,3031.28571428571,13.4285714285688,18.1428571428551,NA,247100.032588352,4827432.34427666,21715.0632876009,1634.16450216528,247100.032588352,122052.305108291,7978932.71947549,2395713.98287413,66.9909910290546,26.7490976804838,27726.209481922,10777.1914488417,11.8029945634645,14.2217583067353,0.629175052779555,0.646459474031489,33.243649683591,1.33518076540267,7.4120256143491,12.2508301461824,3.67837229801261,9.56473514658028,33.243649683591,1.33518076540267
2020-08-22,260873,30381,72600,246878.714285714,30320.1428571429,72453.5714285714,3075.42857142858,14.5714285714312,27.4285714285797,NA,254622.426171784,4836603.47379083,9171.12951416709,1634.16450216435,254622.426171784,125783.351118544,7990330.55503665,2400265.06970071,67.5756954024141,26.9825666015572,11397.8355611693,4551.08682657918,11.6458966623606,14.0245719598428,0.628147421318126,0.645689250314455,33.5338037335288,1.24460876551347,7.42610693999463,12.2683303498316,3.68536002352092,3.71150477727593,33.5338037335288,1.24460876551347
2020-08-23,265550,30382,72623,250622.285714286,30334.8571428571,72484.2857142857,3743.57142857142,14.7142857142826,30.7142857142753,NA,264104.4593295,4847734.38573643,11130.9119455954,1634.16450216528,264104.4593295,130488.720956208,8004902.52007441,2405790.62321185,68.1620871804194,27.2167092931036,14571.9650377547,5525.55351113342,11.4411598569008,14.0313780477893,0.626725756456325,0.64524343906309,33.824795142163,1.47024240253485,7.44319730989896,12.2907041026692,3.69384394234923,4.37153636187796,33.824795142163,1.47024240253485
2020-08-24,267392,30396,72793,254156.857142857,30348.2857142857,72539.2857142857,3534.57142857142,13.4285714285725,55,NA,272322.585009953,4858094.65427402,10360.268537594,2128.71428571269,272322.585009953,134567.24841525,8017778.211883,2410931.80910268,68.7501192063797,27.4515069257411,12875.6918085879,5141.18589083618,11.3675801819052,13.8726776074042,0.625677393363639,0.644923320849519,34.116600508429,1.33832004035329,7.45910443615071,12.3104734025126,3.70173770424859,3.92279197552981,34.116600508429,1.33832004035329
2020-08-25,270455,30412,73082,258129,30364,72635.5714285714,3972.14285714287,15.7142857142862,96.2857142857247,NA,281721.997029864,4869638.49486536,11543.8405913413,2128.71428571548,281721.997029864,139230.826667881,8032124.84133591,2416660.33150139,69.3397455867004,27.686941174435,14346.6294529149,5728.52239871025,11.2447542104971,13.6481523932811,0.624522745005958,0.644636657510229,34.4091970580618,1.45861143164702,7.47682881549958,12.3325011757471,3.71053326091796,4.23903165832512,34.4091970580618,1.45861143164702
2020-08-26,275640,30412,73082,262841.857142857,30379.7142857143,72731.8571428571,4712.85714285716,15.7142857142862,96.2857142857101,NA,294104.381261824,4883219.21243066,13580.7175652925,1182.61904761847,294104.381261824,145008.701549906,8049002.8916756,2423399.63495485,69.9309235057827,27.9229949431757,16878.0503396858,6739.30345345335,11.03323175156,13.6552157237442,0.622785885232914,0.644017553889625,34.702563544223,1.6728668415808,7.49768060984415,12.3584156852661,3.72088076788594,4.82060957556426,34.702563544223,1.6728668415808
2020-08-27,281603,30441,73433,268406.571428571,30399.5714285714,72878.2857142857,5564.71428571426,19.8571428571413,146.428571428565,NA,309037.216358213,4899119.9046699,15900.6922392463,948,309037.216358213,151931.413488179,8068764.19535926,2431290.20403598,70.5236115228016,28.1596516848921,19761.3036836665,7890.56908112997,10.8098990422687,13.6641412049656,0.621356500602961,0.644018900967363,34.9966794022925,1.89207626146002,7.52209448657158,12.3887571336035,3.7329959247582,5.40647921361324,34.9966794022925,1.89207626146002
2020-08-28,288655,30460,73501,272881.142857143,30412,73016.2857142857,4474.57142857142,12.4285714285725,138,NA,319682.468153354,4911798.78849967,12678.8838297725,2021.20346320327,319682.468153354,157214.523401557,8084521.45107871,2437581.98097406,71.1177696317878,28.3968954254427,15757.2557194494,6291.77693808218,10.5523895307547,13.4338115767899,0.620139409442383,0.64302940534942,35.2915247796842,1.44789575856844,7.54156160801535,12.4129507783146,3.742656300813,4.10270451539276,35.2915247796842,1.44789575856844
2020-08-29,288655,30460,73501,276850,30423.2857142857,73145,3968.85714285716,11.2857142857138,128.71428571429,NA,328630.483815069,4922951.3106549,11152.5221552225,2193.2207792215,328630.483815069,161656.547285244,8098381.75186513,2443116.31527665,71.7133610992489,28.634711497366,13860.3007864151,5534.33430259209,10.5523895307547,13.4387967852347,0.618734537026082,0.642379830999432,35.5870814477476,1.24148882161592,7.55868515817284,12.4342318439257,3.75115370164303,3.48862489070641,35.5870814477476,1.24148882161592
2020-08-30,299320,30470,73501,281674.285714286,30435.8571428571,73270.4285714286,4824.28571428574,12.5714285714275,125.428571428565,NA,340089.692067153,4936637.81327927,13686.5026243776,2214.72294372227,340089.692067153,167343.071681015,8116393.95157044,2449907.03408703,72.3103510676261,28.8730859822496,18012.199705312,6790.71881037857,10.1797407456902,13.1828863981467,0.617221703363318,0.641007883926702,35.8833321087468,1.46798275504316,7.57969937459019,12.4618877230898,3.76158015160086,4.16470878340046,35.8833321087468,1.46798275504316
2020-08-31,302175,30495,73537,286643.285714286,30450,73376.7142857143,4969,14.1428571428587,106.285714285725,NA,351788.354059354,4950371.82159182,13734.0083125485,2021.20346320421,351788.354059354,172972.301369949,8133462.51091205,2456722.40663311,72.9087069915254,29.1120058849143,17068.5593416113,6815.37254607677,10.0918342020352,13.1890121884664,0.616014333852485,0.640780385788619,36.1802606123359,1.46106990545441,7.60078653110332,12.4880947395776,3.77204445483293,4.03834889233769,36.1802606123359,1.46106990545441
2020-09-01,306951,30518,73727,291857,30465.1428571429,73468.8571428571,5213.71428571426,15.1428571428587,92.1428571428551,NA,363700.79483555,4964664.6433204,14292.821728576,2365.23809523787,365483.392375807,178724.979821724,8151225.56087398,2463815.08508488,73.5083977254009,29.3514587691321,17763.0499619236,7092.67845177464,9.94230349469459,12.9027261649639,0.614704158136034,0.640424438926737,36.4778515028305,1.48204311203411,7.62273168811399,12.5153680749487,3.782934532748,4.06290360770853,36.4778515028305,1.48204311203411
2020-09-02,313730,30539,73946,297298.428571429,30483.2857142857,73592.2857142857,5441.42857142858,18.1428571428551,123.428571428565,NA,376113.51794635,4979460.74738358,14796.1040631812,2365.23809523787,379840.186596944,184724.407401949,8169614.08769584,2471157.51266511,74.1093938206958,29.5914328762723,18388.5268218685,7342.42758022528,9.73416632135913,12.7361280637932,0.613299342023059,0.639765382555117,36.7760901666611,1.49610944730514,7.64544958336091,12.5436017656757,3.79420807475023,4.06820778873232,36.7760901666611,1.49610944730514
2020-09-03,320656,30559,74156,302877.428571429,30500.1428571429,73695.5714285714,5579,16.8571428571449,103.285714285725,NA,388155.750597457,4994508.63804334,15047.8906597644,2988.80086580012,393453.057496018,190701.763454378,8188315.53368649,2478624.88697747,74.7116692779506,29.8319178249079,18701.4459906491,7467.37431236403,9.53015069108328,12.7431710949228,0.611851980137366,0.639169905549395,37.0749637018402,1.48330936795767,7.66855407101765,12.5723159115865,3.80567345960245,4.00089067309484,37.0749637018402,1.48330936795767
2020-09-04,329512,30576,74377,308714.142857143,30516.7142857143,73820.7142857143,5836.71428571426,16.5714285714275,125.142857142855,NA,401869.745894329,5010125.49048307,15616.8524397295,1886.28571428638,409670.650400816,196548.622559807,8207724.08263525,2486374.60322576,75.3151999210859,30.0729039616765,19408.5489487555,7749.71624828689,9.27917647915706,12.5764328397751,0.610284114800723,0.638558390152571,37.3744601112156,1.50368333730003,7.69253214094048,12.6021157413275,3.81757235144385,4.02334692084085,37.3744601112156,1.50368333730003
2020-09-05,329512,30576,74377,314550.857142857,30533.2857142857,73945.8571428571,5836.71428571432,16.5714285714275,125.142857142855,NA,415646.955159066,5025617.94217205,15492.4516889798,1698.6709956713,426025.536088015,202775.463247572,8226978.02693051,2494062.58677066,75.9199632988388,30.3143823219246,19253.9442952564,7687.98354490753,9.27917647915706,12.5832621942245,0.608402794478746,0.637602744800771,37.6745682535591,1.45236841252641,7.71631920631156,12.6316781915321,3.82937645907161,3.85509281234957,37.6745682535591,1.45236841252641
2020-09-06,329512,30576,74377,318864,30548.4285714286,74071,4313.14285714284,15.1428571428587,125.142857142855,NA,424904.862936269,5036975.70709211,11357.7649200587,2084.71428571362,436914.896941414,206311.790200382,8241093.40243592,2499698.77086633,76.5259399610084,30.5563451393046,14115.3755054129,5636.18409566768,9.27917647915706,12.5895028112213,0.607030920497565,0.636918741804289,37.9752784768914,1.03767808125637,7.73375788561465,12.6533508981266,3.83803023977841,2.73255097362907,37.9752784768914,1.03767808125637
2020-09-07,348982,30576,74377,325550.714285714,30560,74191,6686.71428571426,11.5714285714275,120,NA,455463.365427002,5069674.49529713,32698.7882050201,2128.71428571455,474892.856564266,221476.159857439,8282695.16425657,2516590.71195196,77.1331125576403,30.7987854860846,41601.7618206553,16891.9410856282,8.76148340028999,12.5942715845869,0.603115644374481,0.636242171818047,38.2765821714606,1.57367221946167,7.78396351014736,12.7172261225163,3.86396607710841,7.6955551835905,38.2765821714606,1.57367221946167
2020-09-08,355244,30613,74569,332449.714285714,30573.5714285714,74311.2857142857,6899,13.5714285714275,120.28571428571,NA,471053.595298924,5087557.52603486,17883.0307377232,2279.22943722922,493236.58852601,228403.874358865,8304920.10867253,2525464.99788196,77.7414662365019,31.0416974318579,22224.9444159567,8874.28592999792,8.61745729695646,11.880936929415,0.60172292585081,0.634146639803131,38.5784719669859,1.5146963747358,7.81142106365349,12.7513502376857,3.87759162997611,3.92633790007626,38.5784719669859,1.5146963747358
2020-09-09,363751,30643,74867,339595.571428571,30588.4285714286,74442.8571428571,7145.85714285716,14.8571428571449,131.571428571435,NA,486686.780457243,5105936.34322781,18378.8171929503,2730.7748917751,511428.965021418,235117.761086194,8327761.21410567,2534585.31318072,78.3509879733096,31.2850757761068,22841.1054331372,9120.31529875705,8.42416928063428,11.7254099011506,0.600144575649537,0.633564445918545,38.880941400289,1.51696892533403,7.83963984624442,12.786420404693,3.89159493562274,3.90164036032616,38.880941400289,1.51696892533403
2020-09-10,372501,30656,74991,347002,30602.2857142857,74562.1428571429,7406.42857142858,13.8571428571413,119.28571428571,NA,503037.340498539,5124838.01582321,18901.6725954078,2537.25541125517,530600.528306552,242090.824178651,8351252.12171315,2543965.09055889,78.9616669225459,31.5289161882818,23490.9076074781,9379.77737817215,8.22977656435822,11.524114371789,0.598184760286041,0.632377881308837,39.1839850893837,1.52177963698565,7.8686614195032,12.8224882760734,3.90599661859326,3.88374481378961,39.1839850893837,1.52177963698565
2020-09-11,381907,30735,75308,354487,30625,74695.1428571429,7485,22.7142857142862,133,NA,519475.692960983,5143793.33365362,18955.3178304099,2494.25108225085,549902.878847328,249167.365357652,8374809.69936015,2553371.48888075,79.5734960809286,31.7732158720147,23557.5776470033,9406.39832185768,8.04777079236568,11.4532222355194,0.597516229878719,0.632655437723103,39.487599558957,1.48793475529299,7.89776535950014,12.858658512439,3.92043917528347,3.76817311645773,39.487599558957,1.48793475529299
2020-09-12,381907,30735,75308,361972,30647.7142857143,74828.1428571429,7485,22.7142857142862,133,NA,535769.144046669,5162603.75010728,18810.4164536521,2494.25108225178,569025.146655402,256172.000590292,8398187.19427445,2562705.98125624,80.1864707678016,32.0179729583476,23377.4949143007,9334.49237549631,8.04777079236568,11.3319089259634,0.59533912513354,0.631155680907475,39.7917824862775,1.44084987936865,7.92664681834365,12.8945522502994,3.93477132779228,3.62103881058106,39.7917824862775,1.44084987936865
2020-09-13,381907,30735,75308,369457,30670.4285714286,74961.1428571429,7485,22.7142857142862,133,NA,552134.649869563,5181271.19965311,18667.449545837,2279.22943722922,588334.607674324,263745.689838602,8421387.01060473,2571969.52764741,80.8005884996354,32.2631864556224,23199.8163302783,9263.54639116721,8.04777079236568,11.1269875821465,0.593194195317507,0.629400374280995,40.0965326389168,1.39703132803237,7.95530876621172,12.9301731809774,3.9489945500426,3.48423378861306,40.0965326389168,1.39703132803237
2020-09-14,404564,30790,75308,377397.285714286,30701,75094.1428571429,7940.28571428574,30.5714285714275,133,NA,570015.675511961,5200924.47204876,19653.2723956453,1741.67532467563,609773.566924272,271797.155839448,8445812.00282171,2581722.27936254,81.4158500719939,32.5088566815029,24424.9922169801,9752.75171513204,7.61066234267013,10.9022276041093,0.592010135226423,0.628480229084628,40.4018504116661,1.4380800749616,7.98548434362297,12.9676752431569,3.96396889672789,3.55950716012628,40.4018504116661,1.4380800749616
2020-09-15,412360,30838,75477,385556.714285714,30733.1428571429,75223.8571428571,8159.42857142852,32.1428571428587,129.71428571429,NA,587009.743853991,5220968.39753364,20043.9254848864,3017.71428571362,631185.636009432,278693.908335708,8470722.49681529,2591668.88900166,82.032258904987,32.7549850016183,24910.4939935859,9946.60963911703,7.47841691725677,10.6470155920191,0.590656706801131,0.627835164424958,40.7077375017229,1.43141253638739,8.01625972865394,13.0059227433556,3.97924089230717,3.51638145159498,40.7077375017229,1.43141253638739
2020-09-16,421861,30884,75921,393858.142857143,30767.5714285714,75374.4285714286,8301.42857142858,34.4285714285688,150.57142857142,NA,604155.121915772,5241208.77559543,20240.3780617826,3060.57142857276,652511.185080715,285643.00571975,8495877.14112467,2601712.9863857,82.6498216217772,33.0015740605573,25154.6443093773,10044.0973840421,7.32089479710142,10.6589428309128,0.589253382612896,0.627347256779826,41.0141971957691,1.41416252964831,8.04733674640146,13.0445451112406,3.99466257028714,3.44804805605016,41.0141971957691,1.41416252964831
2020-09-17,431966,30931,75921,402353.142857143,30806.8571428571,75507.2857142857,8495,39.2857142857138,132.857142857145,NA,620944.559260068,5261767.21293972,20558.4373442959,3729.71428571362,674292.111933555,292075.937033461,8521427.06797751,2611914.91769941,83.2685472855838,33.2486274772086,25549.9268528391,10201.9313137108,7.16051726293273,10.2922815524713,0.587844325836661,0.626560042885815,41.3212339913423,1.40606912167957,8.07890211144849,13.083774394796,4.01032658602476,3.40284085966287,41.3212339913423,1.40606912167957
2020-09-18,444978,31085,76583,411363.285714286,30856.8571428571,75689.4285714286,9010.1428571429,50,182.142857142855,NA,639026.687143597,5283411.19796611,21643.9850263856,3511.85714285728,695339.690675582,299254.704039036,8548326.108258,2622655.54184784,83.8884475671556,33.4961499116316,26899.0402804893,10740.6241484322,6.98573862078575,10.2115850559633,0.588350950461066,0.627932630523184,41.6288536799419,1.4510105115652,8.11213422325682,13.1250751031937,4.02681770917777,3.48565499183649,41.6288536799419,1.4510105115652
2020-09-19,444978,31085,76583,420373.428571429,30906.8571428571,75871.5714285714,9010.14285714284,50,182.14285714287,NA,656512.174325158,5304896.1137191,21484.9157529892,3949.42857142817,716189.578891246,305916.962984128,8575027.45801212,2633317.22936436,84.5095379430431,33.7441475435195,26701.3497541249,10661.6875165212,6.98573862078575,10.0689872790306,0.58596811951907,0.626124869115231,41.9370639416605,1.40995213577729,8.14512210056433,13.1660722781307,4.04318763325518,3.36213122006301,41.9370639416605,1.40995213577729
2020-09-20,444978,31085,76583,429383.571428571,30956.8571428571,76053.7142857143,9010.14285714284,50,182.142857142855,NA,673099.896274793,5326223.97852588,21327.8648067787,4690.14285714366,736844.284947844,311760.572587492,8601533.62560719,2643900.98182487,85.1318366596739,33.9926276585603,26506.1675950605,10583.7524605067,6.98573862078575,9.86735637103788,0.58362172010279,0.624264384779685,42.2458738311164,1.37239957111104,8.17786884230472,13.2067697709471,4.05943789607372,3.24866249871178,42.2458738311164,1.37239957111104
2020-09-21,473974,31174,77254,439299.285714286,31011.7142857143,76331.7142857143,9915.71428571432,54.8571428571449,278,NA,690811.673707885,5349524.75595897,23300.7774330918,5534.14285714272,757939.265293581,317734.364396395,8630491.71950604,2655463.77363377,85.7553647042215,34.2415986368056,28958.0938988514,11562.7918089023,6.57715402110664,9.67133447860457,0.582743354262909,0.624165503740379,42.5552937629972,1.47311333566736,8.21364478836703,13.251231944296,4.07719137306705,3.46171163627386,42.5552937629972,1.47311333566736
2020-09-22,483956,31252,77757,449527.285714286,31070.8571428571,76657.4285714286,10228,59.1428571428551,325.714285714275,NA,709775.315656892,5373385.52777811,23860.771819138,4837.98701298796,779324.559274837,325073.476727696,8660145.77172905,2667304.45739365,86.3801466825906,34.4910703032443,29654.0522230137,11840.6837598733,6.45761184901107,9.42935527169182,0.581607253721895,0.623776790808222,42.8653359477517,1.48054885845482,8.25028054818483,13.2967626900364,4.09537152455558,3.45401977518227,42.8653359477517,1.48054885845482
2020-09-23,483956,31252,77757,458398,31123.4285714286,76919.7142857143,8870.71428571426,52.5714285714312,262.285714285725,NA,725086.190849144,5393930.99604395,20545.4682658436,5182.02164502069,796012.386534496,331281.972258115,8685679.58067369,2677499.95292406,87.0062103332601,34.7410537336834,25533.8089446407,10195.4955304186,6.45761184901107,9.44530960069089,0.579391913298873,0.621853876669602,43.1760141503396,1.24976808857643,8.28182600054643,13.3359672262023,4.11102565881021,2.8946439545913,43.1760141503396,1.24976808857643
2020-09-24,511757,31333,77757,469796.714285714,31180.8571428571,77182,11398.7142857143,57.4285714285688,262.28571428571,NA,753416.684449587,5428232.01345392,34301.0174099673,5913.09523809515,831221.387446088,345340.713443297,8730979.98451568,2696401.12268068,87.6335870189072,34.9915614510503,45300.4038419928,18901.1697566109,6.1226324212468,9.46273797095618,0.577222932298047,0.622059779956509,43.4873439341945,1.57201976002579,8.33449168315146,13.4055213348197,4.14004646001175,4.73061242137263,43.4873439341945,1.57201976002579
2020-09-25,527554,31483,77757,481593.285714286,31237.7142857143,77349.7142857143,11796.5714285715,56.8571428571449,167.71428571429,NA,772767.285596174,5455165.22931912,26933.2158652022,7525.7575757578,851866.488358943,353730.211541819,8764452.45539191,2709766.47792205,88.2623111434383,35.2426071926167,33472.4708762262,13365.3552413783,5.96773031765469,8.95109612693901,0.577122757543487,0.62100633934595,43.7993423719318,1.56571442913027,8.37584486464272,13.4569148694809,4.16056758766907,3.5748101178405,43.7993423719318,1.56571442913027
2020-09-26,527554,31483,77757,493389.857142857,31294.5714285714,77517.4285714286,11796.5714285714,56.8571428571413,167.714285714275,NA,791926.972055711,5481907.53049727,26742.3011781508,7525.75757575687,872274.321418821,361780.255735488,8797687.65841516,2723037.09354429,88.8924203998611,35.4942060089728,33235.2030232474,13270.6156222406,5.96773031765469,8.80931737863875,0.574307388894321,0.618823469590077,44.1120281683521,1.52650814663084,8.41690491627744,13.5079441037691,4.18094325239006,3.46058919374669,44.1120281683521,1.52650814663084
2020-09-27,527554,31483,77757,505186.428571429,31351.4285714286,77685.1428571429,11796.5714285714,56.8571428571449,167.71428571429,NA,810898.007978498,5508461.18113867,26553.6506414013,7525.7575757578,892447.700500799,369508.969587612,8830688.40746051,2736214.0931107,89.5239570216202,35.7463747636776,33000.7490453497,13176.9995664093,5.96773031765469,8.61892574080307,0.571538928290896,0.616596014593035,44.4254222814055,1.48957646356092,8.4576753144254,13.5586133580999,4.20117517929055,3.35304284086605,44.4254222814055,1.48957646356092
2020-09-28,552832,31549,77846,516451.857142857,31405,77769.7142857143,11265.4285714286,53.5714285714275,84.5714285714348,NA,827767.628933446,5533641.20469102,25180.0235523507,8256.83116883133,909676.664068243,376426.605335394,8861982.0193796,2748709.4431442,90.1569667214459,35.9991317095479,31293.611919092,12495.3500334974,5.70679700162075,8.43084985006752,0.570130928858471,0.61560970127428,44.7395473956047,1.38922859486083,8.4963366495265,13.6066614790403,4.22036050347606,3.10520229481417,44.7395473956047,1.38922859486083
2020-09-29,564690,31711,78678,527985.285714286,31470.5714285714,77901.2857142857,11533.4285714285,65.5714285714275,131.57142857142,NA,844399.040601958,5559240.083892,25598.8792009801,8901.8961038962,926319.564032569,383286.665690768,8893796.18308019,2761412.64635672,90.7914986360652,36.2524964665818,31814.163700588,12703.2032125164,5.61564752341993,8.24037564867139,0.570419689048566,0.61649055362564,45.0544278945887,1.39329254377752,8.53564109437517,13.6555088536757,4.23986496482953,3.09251996649875,45.0544278945887,1.39329254377752
2020-09-30,576907,31769,79128,541264,31544.4285714286,78097.1428571429,13278.7142857143,73.8571428571449,195.857142857145,NA,865679.937874637,5588507.63484433,29267.550952333,7912.79653679766,949191.996110922,392389.385073822,8930169.75435268,2776373.36573977,91.4276061420463,36.5064903477202,36373.5712724943,14960.7193830544,5.50678012227274,8.25971468745757,0.568470190537458,0.615367778310312,45.3700902659779,1.57253644190603,8.58057840718601,13.7113567294677,4.26283560996094,3.46608055493155,45.3700902659779,1.57253644190603
2020-10-01,589825,31816,79578,552416.571428571,31613.4285714286,78357.2857142857,11152.5714285715,69,260.142857142855,NA,881378.121513569,5612918.68861314,24411.0537688015,8643.87012986932,964793.089935121,400173.631949426,8960507.69433073,2788487.12174534,92.0653463999325,36.7611361768224,30337.9399780445,12113.7560055712,5.39414233035222,8.27778191324814,0.566835220053067,0.614057801145983,45.6865628751545,1.28827990891884,8.61805906831265,13.7579375144828,4.28143503578319,2.8198705665669,45.6865628751545,1.28827990891884
2020-10-02,601971,31952,80061,563047.571428571,31680.4285714286,78686.4285714286,10631,67,329.142857142855,NA,895862.182358717,5636027.61093015,23108.9223170094,8557.8614718616,978923.849784429,404944.360317265,8989227.35161593,2799954.70725604,92.7047807063136,37.0164584292463,28719.657285206,11467.5855106963,5.30789689204297,7.8307581918877,0.566924121131599,0.614352317010545,46.0038761399752,1.20615894926745,8.65354044058641,13.8020335929469,4.2990423333025,2.62190786825126,46.0038761399752,1.20615894926745
2020-10-03,601971,31952,80061,573678.571428571,31747.4285714286,79015.5714285714,10631,67,329.14285714287,NA,910187.508041251,5658977.79808454,22950.1871543946,8557.86147186067,992857.334338643,409424.032138242,9017749.73360604,2811343.52193416,93.3459741023239,37.2724830755232,28522.3819901105,11388.8146781204,5.30789689204297,7.69895930047254,0.564624940052162,0.611993744591405,46.3220623364915,1.18665841773663,8.68877809135207,13.8458267754953,4.31652868631403,2.56179885771816,46.3220623364915,1.18665841773663
2020-10-04,601971,31952,80061,584309.571428571,31814.4285714286,79344.7142857143,10631,67,329.142857142855,NA,924355.821114518,5681770.97262967,22793.1745451298,8557.86147186253,1006595.68437876,413578.930784698,9046076.98108206,2822654.42058062,93.988995324712,37.5292375618216,28327.2474760171,11310.8986464553,5.30789689204297,7.54144814795124,0.562359872545369,0.609630361392542,46.6411555746691,1.16798209447529,8.72377466541305,13.8893203490769,4.33389540727662,2.50422845224291,46.6411555746691,1.16798209447529
2020-10-05,636196,32096,80394,596218.714285714,31892.5714285714,79708.7142857143,11909.1428571428,78.1428571428551,364,NA,941573.907888535,5707130.51394914,25359.5413194727,8063.3116883114,1024351.56494884,419946.607743594,9077593.69681697,2836453.09753951,94.6339169561373,37.7867508699584,31516.7157349084,13798.6769588958,5.04498613634792,7.3831207614885,0.562384195026769,0.609985176103375,46.9611918729704,1.28835158914879,8.7627116315729,13.9377110229689,4.35508185584171,2.74348262218938,46.9611918729704,1.28835158914879
2020-10-06,646531,32140,80933,607910.285714286,31953.8571428571,80030.8571428571,11691.5714285714,61.2857142857138,322.142857142855,NA,956370.339241409,5731857.72452279,24727.2105736518,9869.49350649305,1038273.52198137,424736.539306458,9108324.5549484,2848723.74338809,95.2808154749698,38.0450535372843,30730.8581314348,12270.6458485788,4.97114600846672,7.18099707016013,0.560725711360461,0.608319110433285,47.2822091830677,1.24168580452128,8.80067771894036,13.9848950933766,4.37392216987368,2.62615715733906,47.2822091830677,1.24168580452128
2020-10-07,664178,32219,81431,620377.571428571,32018.1428571429,80359.8571428571,12467.2857142858,64.2857142857174,329,NA,971378.874253364,5758047.16429666,26189.4397738613,11116.6190476203,1051893.47400665,430257.374081458,9140872.66448284,2861720.00673452,95.9297713654944,38.3041777006877,32548.1095344387,12996.2633464281,4.85095862856042,7.19544401232035,0.559547344449992,0.607344598448927,47.6042474445311,1.30358459173509,8.84088890877909,14.0348693663157,4.39387659490643,2.73842032727978,47.6042474445311,1.30358459173509
2020-10-08,682192,32295,81886,633572.857142857,32086.5714285714,80689.5714285714,13195.2857142857,68.4285714285688,329.71428571429,NA,988456.750161158,5785579.01423042,27531.8499337677,10385.5454545449,1068418.18815452,436435.367281673,9175089.11489444,2875382.42850616,96.5808692985326,38.5641571687157,34216.4504116029,13662.4217716437,4.73400450313108,7.21082197964201,0.558198236003104,0.606339502998862,47.9273486744598,1.35838764598347,8.88316123128226,14.0874052049968,4.41485383765236,2.83430602244975,47.9273486744598,1.35838764598347
2020-10-09,702148,32356,81886,647883.857142857,32144.2857142857,80950.2857142857,14311,57.7142857142862,260.714285714275,NA,1007973.66724529,5815238.16075178,29659.1465213606,10084.5151515156,1088108.23104775,443222.439991521,9211949.35925288,2890100.50121601,97.2341982685301,38.8250274763123,36860.244358439,14718.0727098482,4.60814529130611,6.78186687756833,0.55640025576901,0.604838774957679,48.2515570355112,1.4477917216995,8.92869979879356,14.1440003172328,4.43745192378579,3.00055075920368,48.2515570355112,1.4477917216995
2020-10-10,702148,32356,81886,662194.857142857,32202,81211,14311,57.7142857142862,260.71428571429,NA,1027291.9311507,5844698.65409442,29460.4933426352,10084.5151515147,1107551.38872785,449691.790071325,9248562.71839819,2904719.99415296,97.8898520059659,39.0868260494912,36613.3591453023,14619.4929369469,4.60814529130611,6.65391068609543,0.553595692693814,0.60215295985619,48.5769190405545,1.41975956470225,8.97393335479064,14.2002163626289,4.45989865082194,2.92274434342599,48.5769190405545,1.41975956470225
2020-10-11,702148,32356,81886,676505.857142857,32259.7142857143,81471.7142857143,14311,57.7142857142862,260.71428571429,NA,1046413.46574845,5873962.4181294,29263.7640349828,10084.5151515156,1126750.05217252,455921.515081166,9284931.58330805,2919241.86201994,98.5479287587852,39.3495921180627,36368.8649098631,14521.8678669836,4.60814529130611,6.66583620943108,0.550837708803455,0.599859360895249,48.9034834442092,1.39306167766534,9.01886485317958,14.2560570122853,4.48219548460893,2.84863174211869,48.9034834442092,1.39306167766534
2020-10-12,745104,32456,82402,692064.142857143,32311.1428571429,81758.5714285714,15558.2857142857,51.4285714285725,286.857142857145,NA,1066202.77947982,5905564.84441488,31602.4262854811,11761.6839826824,1146015.47950551,463168.66948232,9324206.92639196,2934957.30213538,99,39.6133667910817,39275.3430839106,15715.4401154402,4.3559019948893,6.31376666213513,0.54958333123198,0.597911067904937,49.2313013366103,1.48680118521578,9.06738712680217,14.3163602600968,4.50632492576298,3.02007068141821,49.2313013366103,1.48680118521578
2020-10-13,766421,32714,83544,709191.285714286,32393.1428571429,82131.5714285714,17127.1428571428,82,373,NA,1091454.45315258,5940122.94665907,34558.1022441881,9224.4285714291,1173229.12242642,471437.956639607,9367155.56931286,2952257.44643552,99,39.8781933312409,42948.6429209057,17300.1443001442,4.26841122568406,6.14025158697363,0.550729341694846,0.599688526832819,49.5604264844239,1.60634874887713,9.12044753671571,14.3823034818198,4.53288751712413,3.24123167837251,49.5604264844239,1.60634874887713
2020-10-14,788117,32788,84266,726896.857142857,32474.4285714286,82536.5714285714,17705.5714285715,81.2857142857138,405,NA,1117185.76160247,5975611.51484922,35488.5681901528,9675.97402597498,1200833.62745719,480295.22936688,9411260.59082716,2970141.86201994,99,40.1441169750564,44105.0215142928,17884.4155844157,4.16029599666039,6.15565962374062,0.548696981363711,0.598112971034113,49.8909151073741,1.62218117656377,9.1749365813429,14.4500222038798,4.56034719691985,3.25149327923368,49.8909151073741,1.62218117656377
2020-10-15,818707,32876,84933,746399,32557.4285714286,82971.8571428571,19502.1428571428,83,435.28571428571,NA,1145634.45837671,6014442.74842,38831.2335707797,10299.5367965354,1231532.53842264,490969.6492803,9459519.86076696,2989840.99621907,99,40.4111850043898,48259.2699398063,19699.1341991341,4.01560020862164,6.1713926103164,0.546617556691126,0.596827297477734,50.2228259671309,1.74563030372025,9.23455794469657,14.5241193469185,4.59059319041111,3.47580813374142,50.2228259671309,1.74563030372025
2020-10-16,843475,33054,85035,766588.571428571,32657.1428571429,83421.7142857143,20189.5714285715,99.7142857142862,449.857142857145,NA,1175611.63460577,6054377.63893478,39934.8905147742,9858.00000000093,1266322.89309498,501405.441488092,9509150.75023784,3010234.50271258,99,40.6794471020303,49630.8894708734,20393.5064935065,3.91878834583123,5.90724539410578,0.545952069250434,0.597328210798691,50.556220809225,1.76228723457768,9.29587385971973,14.6003224706054,4.62190532110839,3.48583182207694,50.556220809225,1.76228723457768
2020-10-17,843475,33054,85035,786778.142857143,32756.8571428571,83871.5714285714,20189.5714285714,99.7142857142826,449.857142857145,NA,1205013.69113958,6094049.69546858,39672.0565338042,10170.2857142854,1300786.59896246,511528.947981598,9558454.99090386,3030628.00920609,99,40.9489552132713,49304.2406660188,20393.5064935065,3.91878834583123,5.80085660147287,0.542397939822813,0.594577667112715,50.8911641910169,1.71735163463324,9.35678622021114,14.6760240586651,4.65321745180567,3.37458862825118,50.8911641910169,1.71735163463324
2020-10-18,843475,33054,85035,806967.714285714,32856.5714285714,84321.4285714286,20189.5714285715,99.7142857142862,449.85714285713,NA,1235512.39300113,6133461.11161585,39411.4161472693,8812.99999999907,1334926.38221368,523009.740189391,9607435.30895361,3051021.51569959,99,41.2197638407794,48980.3180497549,20393.5064935065,3.91878834583123,5.6952977565832,0.538912685651511,0.591463806793577,51.2277238481578,1.67544993043098,9.41729839420932,14.7512282968797,4.68452958250295,3.27061978109129,51.2277238481578,1.67544993043098
2020-10-19,918679,33374,86234,831764.142857143,32987.7142857143,84868.8571428571,24796.4285714285,131.142857142855,547.42857142858,NA,1278889.3466553,6188316.49384145,54855.3822255945,11347.2857142864,1388835.05116563,546276.695456346,9674610.50537808,3085766.89953798,99,41.4919297579608,67175.1964244731,34745.3838383835,3.63282495844577,5.59279689496279,0.539306611631992,0.59459261484948,51.5659703383635,2.00695988154291,9.50152318891267,14.8543688985574,4.73787754403281,4.43988927479291,51.5659703383635,2.00695988154291
2020-10-20,939147,33636,87138,856439.285714286,33119.4285714286,85382.2857142857,24675.1428571428,131.71428571429,513.428571428565,NA,1313953.54294231,6235854.64683842,47538.1529969694,12342.2424242431,1426839.88329511,559354.796466446,9733690.69281892,3110691.28626236,99,41.7655121386563,59080.1874408349,24924.3867243868,3.58154793658501,5.5018312462608,0.539396793301677,0.596803321807163,51.9059772025981,1.92940675315578,9.57451313108973,14.9450804469297,4.77614637508999,3.71714356064477,51.9059772025981,1.92940675315578
2020-10-21,965451,33777,87951,881772.714285714,33260.7142857143,85908.7142857143,25333.4285714286,141.28571428571,526.42857142858,NA,1350064.57775309,6284341.69896521,48487.0521267932,12234.7316017319,1466196.86715891,573087.546827198,9793950.16752521,3136280.60805169,99,42.040573196011,60259.4747062884,25589.321789322,3.4985721698978,5.52530176465549,0.537478730756505,0.596874580625372,52.2478217590584,1.9280194790298,9.64896001023743,15.0376026695477,4.81543614551653,3.69016487586137,52.2478217590584,1.9280194790298
2020-10-22,1007026,33939,88898,908675.428571429,33412.5714285714,86475.1428571429,26902.7142857142,151.857142857145,566.428571428565,NA,1388573.99187329,6335495.72780402,51154.0288388152,12492.7575757569,1508419.93924485,588396.577130228,9857524.14803606,3163455.06692614,99,42.3171776716461,63573.9805108495,27174.4588744589,3.37022082845924,5.5505284189058,0.535696044289872,0.597331363117091,52.5915844683192,1.99268834496233,9.72750175769039,15.1352139747607,4.85715973082423,3.78900607287622,52.5915844683192,1.99268834496233
2020-10-23,1048842,34236,89600,938013.571428571,33581.4285714286,87127.2857142857,29338.142857143,168.857142857145,652.142857142855,NA,1428817.12271396,6390916.22661006,55420.4988060407,15008.5108225113,1551659.35964437,606696.493436144,9926400.47686049,3193089.55466063,99,42.5953928699168,68876.3288244326,29634.4877344877,3.26417134325284,5.27847213302639,0.53569783714971,0.599881147212627,52.9373489759089,2.11281655642244,9.81259423075164,15.2409664901894,4.90266043730571,3.9911808179033,52.9373489759089,2.11281655642244
2020-10-24,1048842,34236,89600,967351.714285714,33750.2857142857,87779.4285714286,29338.1428571428,168.857142857145,652.142857142855,NA,1468698.4601681,6445974.93202958,55058.7054195115,15008.5108225094,1594449.14496674,624728.40974206,9994827.17060776,3222724.04239512,99,42.8752892336162,68426.6937472709,29634.4877344877,3.26417134325284,5.22021151565597,0.531122139955646,0.597293262418692,53.2852028277912,2.05331018687407,9.89713120729698,15.3460286372252,4.94816114378719,3.85344664087805,53.2852028277912,2.05331018687407
2020-10-25,1048842,34236,89600,996689.857142857,33919.1428571429,88431.5714285714,29338.1428571428,168.857142857138,652.14285714287,NA,1508220.47346388,6500674.31329072,54699.3812611438,15008.5108225113,1636792.36395679,641015.040333691,10062807.2980227,3252358.53012961,99,43.1569400834692,67980.127414966,29634.4877344877,3.26417134325284,5.10693561923804,0.526653057052928,0.594576581662681,53.6352371466099,1.99755589569101,9.98111647857216,15.4504051276102,4.99366185026867,3.72434388301075,53.6352371466099,1.99755589569101
2020-10-26,1172754,34746,91461,1032986.28571429,34115.1428571429,89178.2857142857,36296.4285714285,196,746.714285714275,NA,1570879.12962558,6583267.95646541,82593.6431746865,19738.987012987,1714664.2398595,676157.897476548,10174370.4046947,3298718.81584389,99,43.4404220525872,111563.106671939,46360.2857142859,2.96276968571414,5.0008125069105,0.527792583102683,0.600562189446164,53.9875471716261,2.40656933557607,10.1079305186527,15.621698797888,5.06484329843754,5.47623140169928,53.9875471716261,2.40656933557607
2020-10-27,1206014,35268,92830,1071110.14285714,34348.2857142857,89991.4285714286,38123.8571428573,233.142857142862,813.142857142855,NA,1620976.1097838,6653423.07515176,70155.1186863575,19824.9956709966,1767978.36091533,703934.415514066,10261558.8480948,3337227.76245284,99,43.7258146333535,87188.443400152,38508.9466089467,2.92434416184223,4.89188685494877,0.530073010563747,0.60647559094021,54.342231695591,2.42691065452719,10.2156464843249,15.7555676809026,5.12396982332514,4.46597814964154,54.342231695591,2.42691065452719
2020-10-28,1240862,35493,94048,1110454.57142857,34593.4285714286,90862.4285714286,39344.4285714284,245.142857142855,871,NA,1671393.78134644,6725351.53026419,71928.4551124256,21265.6406926392,1821039.73490948,732941.405413055,10350951.1854589,3376969.60949469,99,44.0132003833519,89392.337364113,39741.8470418467,2.86035030486871,4.92680012923608,0.527749365074538,0.607268263097463,54.6993933206716,2.42720668136583,10.3260852256003,15.8928204163148,5.1849893399601,4.43735442356515,54.6993933206716,2.42720668136583
2020-10-29,1288478,35728,95358,1150662,34849,91785.2857142857,40207.4285714286,255.571428571428,922.857142857145,NA,1721307.3022251,6798377.42343722,73025.8931730287,22856.8008658011,1872754.51978291,762033.425050895,10441707.4135558,3417583.17370825,99,44.3026659597527,90756.2280968726,40613.5642135646,2.7728839762883,4.96319864188177,0.525537165336374,0.608243591918959,55.0591397439816,2.40562562148002,10.4382089700896,16.0321672656007,5.24734728861118,4.36916147397656,55.0591397439816,2.40562562148002
2020-10-30,1337693,36273,96604,1191926.42857143,35140,92785.8571428571,41264.4285714286,291,1000.57142857143,NA,1770056.2655398,6872832.94519348,74455.5217562616,25415.5584415598,1921868.63723927,790896.49739626,10534240.377166,3459264.41468949,99,44.5943012754382,92532.9636102095,41681.2409812408,2.71160871739629,4.71612016577552,0.527773631183158,0.614217284131674,55.421582708818,2.39727757299598,10.5525277621575,16.1742421094385,5.31134454507342,4.32552175082361,55.421582708818,2.39727757299598
2020-10-31,1373036,36494,97475,1238239.85714286,35462.5714285714,93910.8571428571,46313.4285714284,322.571428571428,1125,NA,1827336.69382938,6955851.50335319,83018.5581597099,25415.5584415589,1981593.28364085,824827.998313054,10637415.44115,3506045.65567073,99,44.8881995155435,103175.063984001,46781.2409812408,2.65790554654066,4.62703545813221,0.524651798308337,0.614364388207242,55.7868380252175,2.61650228642416,10.6799942154731,16.3326568033116,5.38317232673774,4.69016492729357,55.7868380252175,2.61650228642416
2020-11-01,1419326,36725,98044,1291166.14285714,35818.1428571429,95117.1428571429,52926.2857142859,355.571428571428,1206.28571428571,NA,1895815.87223958,7050101.81163352,94250.3082803283,25415.558441557,2055243.69496242,865406.152909502,10754549.270054,3559506.55033163,99,45.1844579909288,117133.828903982,53460.8946608952,2.58749575502739,4.54477480591624,0.520914463098949,0.614581451768399,56.1550266306481,2.89637286021118,10.8247058653344,16.5125037443407,5.46525602928044,5.15779651328605,56.1550266306481,2.89637286021118
2020-11-02,1471091,37141,98044,1333785.71428571,36160.2857142857,96057.5714285714,42619.5714285714,342.142857142862,940.42857142858,NA,1941370.56734152,7125499.61928957,75397.8076560516,29500.9696969697,2098545.17383412,893573.240097168,10848253.3020392,3602556.6224817,99,45.4831777519257,93704.0319852475,43050.0721500721,2.52472484706928,4.41675540996788,0.521240642543225,0.617530194459943,56.5262741099749,2.24809641265213,10.9404714404387,16.6563766431635,5.53135498514757,3.97706384676388,56.5262741099749,2.24809641265213
2020-11-03,1507078,37564,98044,1376794.85714286,36488.2857142857,96802.4285714286,43009.1428571427,328,744.85714285713,NA,1981537.3355158,7201085.91993139,75586.3006418198,35091.5324675338,2132608.38707058,919392.423466848,10942191.5921988,3646000.20112528,99,45.7844642308226,93938.290159544,43443.5786435786,2.49250536468584,4.3259475045835,0.521643546788259,0.620443623444161,56.9007114939379,2.21541271912416,11.0565264271265,16.8006092213075,5.59805812974305,3.89345042689745,56.9007114939379,2.21541271912416
2020-11-04,1547831,38370,100531,1420647.57142857,36899.2857142857,97728.5714285714,43852.7142857143,411,926.14285714287,NA,2020789.16988069,7277646.46858199,76560.5486506028,36897.7142857136,2164734.46796018,945090.443549522,11037340.6730884,3690295.87212095,99,46.0884265782826,95149.0808895994,44295.6709956708,2.47895280557115,4.37467449708476,0.527230886601121,0.629630572729513,57.2784744344552,2.21307836332894,11.1740772713801,16.9467008440253,5.66606957446354,3.86369447995658,57.2784744344552,2.21307836332894
2020-11-05,1605171,38730,104095,1465889.42857143,37328.1428571429,98976.7142857143,45241.8571428573,428.857142857138,1248.14285714286,NA,2060356.50257018,7356110.03070871,78463.5621267147,38467.3722943719,2196544.18358115,971400.106549012,11134854.8099548,3735994.7177198,99,46.3951777626308,97514.1368663926,45698.8455988457,2.41282704459525,4.42551858171764,0.526501096888414,0.6314542359558,57.6597033280166,2.238835824852,11.2945499970032,17.0964237668274,5.73623544939837,3.88281782662895,57.6597033280166,2.238835824852
2020-11-06,1665403,39557,105650,1512705.14285714,37797.2857142857,100269,46815.7142857143,469.142857142862,1292.28571428571,NA,2096742.25588938,7436764.83597596,80654.805267253,43799.9090909092,2221988.05938967,996630.864732349,11235092.2132358,3783283.3180084,99,46.7048354738909,100237.403281048,47288.6002886002,2.37522089248068,4.11430823108896,0.531911400621945,0.639220699836001,58.0445444392165,2.27223032223218,11.4183871509863,17.250327984981,5.80884222907108,3.91460434961817,58.0445444392165,2.27223032223218
2020-11-07,1665403,39861,107259,1554471.85714286,38278.2857142857,101666.714285714,41766.7142857141,481,1397.71428571429,NA,2119187.14249761,7508242.61003008,71477.7740541166,48551.8874458866,2227951.24122446,1014407.54557949,11323924.4463527,3825471.918297,99,47.0175214786928,88832.2331168428,42188.6002886002,2.39347473254221,4.0758566778455,0.530896536917316,0.639222724991025,58.4331490990358,1.99199645906398,11.5281339178724,17.3867207379571,5.87361848354171,3.40899191845579,58.4331490990358,1.99199645906398
2020-11-08,1790817,40131,107935,1607542,38764.8571428571,103079.714285714,53070.142857143,486.571428571428,1413,NA,2212878.04294137,7655938.9693483,147696.359318224,53518.8874458885,2344389.84076516,1071495.56866751,11531666.2070655,3909425.63526257,99,47.3333616589355,207741.760712851,83953.7169655757,2.24093249058949,4.01520710454048,0.52418129455669,0.638587173046431,58.8256737528918,2.50428897184589,11.7549064794207,17.7056868345818,6.00252077697445,6.9694816638116,58.8256737528918,2.50428897184589
2020-11-09,1810388,40677,109056,1656013,39270,104652.857142857,48471,505.142857142855,1573.14285714286,NA,2242721.10135651,7737784.85460327,81845.885254967,51497.6839826843,2358215.57478574,1094568.14787527,11633383.878815,3958386.24132318,99,47.6524866980397,101717.671749528,48960.606060606,2.24686641758562,3.89960140055967,0.525693086126593,0.642049205739095,59.2222808135098,2.19042319217108,11.880572414161,17.8618638526467,6.07769474945809,3.69861707996239,59.2222808135098,2.19042319217108
2020-11-10,1831842,41887,111241,1702407.85714286,39887.5714285714,106538.142857143,46394.857142857,617.571428571428,1885.28571428571,NA,2270548.07089374,7815598.36526603,77813.5106627652,49368.9696969697,2370529.69529444,1116480.41437486,11730090.1348549,4005249.73338667,99,47.9750318570368,96706.2560398318,46863.4920634921,2.2866055041865,3.80301050382912,0.535941050734562,0.655414630934978,59.623138382648,2.06870356979718,12.0000470526525,18.0103463575719,6.14964881919545,3.46960264545153,59.623138382648,2.06870356979718
2020-11-11,1867525,42215,113017,1748078.42857143,40436.8571428571,108321.857142857,45670.5714285716,549.285714285717,1783.71428571429,NA,2284218.63850809,7891679.9458674,76081.5806013644,61861.7272727275,2359767.52362693,1131571.76335336,11824850.8642863,4051381.62371856,99,48.3011374943869,94760.729431387,46131.8903318904,2.26047844071699,3.85538118638052,0.534930462076158,0.654904811842143,60.0284208971239,2.01145149741557,12.1168624907531,18.1558417065875,6.22047958975688,3.3508024593999,60.0284208971239,2.01145149741557
2020-11-12,1900573,42640,114275,1790278.71428571,40995.4285714286,109776.142857143,42200.2857142857,558.571428571428,1454.28571428571,NA,2288934.30632325,7961503.68294663,69823.7370792283,64549.4978354964,2336451.04331371,1141823.70233502,11911627.4682221,4094008.17494511,99,48.6309486661596,86776.603935862,42626.5512265512,2.24353392371669,3.90863719906607,0.535577218802699,0.655931953287091,60.438308631922,1.84748815720193,12.2240696540672,18.2890782524837,6.28592827282691,3.05678869360916,60.438308631922,1.84748815720193
2020-11-13,1924193,43572,115928,1827248.71428571,41569,111244.428571429,36970,573.571428571428,1468.28571428571,NA,2278500.60091801,8022256.65719507,60752.9742484447,70613.10822511,2291557.07805433,1143788.80907372,11987130.9718272,4131351.60928855,99,48.9646151963521,75503.5036050975,37343.4343434344,2.26442981551227,3.54456262779747,0.543138942842483,0.661859737263286,60.8529877875839,1.61517716480546,12.3173495944503,18.4050061128415,6.34326527356384,2.65420349027112,60.8529877875839,1.61517716480546
2020-11-14,1956252,43926,117913,1868798.57142857,42149.7142857143,112766.428571429,41549.857142857,580.714285714283,1522,NA,2313792.84886843,8130527.40730999,108270.750114919,72397.7878787871,2335418.11372082,1166919.40070431,12154425.0551128,4190747.32873869,99,49.3022921774389,167294.083285538,59395.7194501399,2.24541623471823,3.49496061287135,0.540260155331462,0.660201515879073,61.2726511122893,1.82357874836363,12.4835881900234,18.6618689629054,6.43446128886773,4.75184206979345,61.2726511122893,1.82357874836363
2020-11-15,1983480,44227,118583,1896321.85714286,42734.8571428571,114287.571428571,27523.2857142857,585.142857142862,1521.14285714287,NA,2284581.38558296,8175137.45917604,44610.051866048,73236.3722943719,2284581.38558296,1158037.81003934,12209866.2125797,4218548.62743998,99,49.644139790386,55441.1574669201,27801.298701298,2.22976788271119,3.44396533561807,0.540993961518753,0.657616182603657,61.6974976781709,1.18954200348284,12.55208233422,18.7469931552146,6.47714732222675,1.92800543436137,61.6974976781709,1.18954200348284
2020-11-16,1992552,44731,119653,1922345.28571429,43314,115801.428571429,26023.4285714286,579.142857142855,1513.85714285713,NA,2270966.00650377,8238132.87663364,62995.4174576001,76031.653679654,2270966.00650377,1150462.7739643,12322542.8946014,4249028.25731554,99,49.9903232641091,112676.682021689,30479.6298755547,2.24491004500761,3.36164063336743,0.542974975881653,0.657965823518287,62.1277328309288,1.13910019051717,12.6488053153999,18.9199966058533,6.5239456574994,2.75741621003908,62.1277328309288,1.13910019051717
2020-11-17,2038050,45946,121925,1951803.57142857,43893.8571428571,117327.714285714,29458.2857142857,579.857142857145,1526.28571428572,NA,2296957.96188204,8357658.54629762,119525.669663983,92953.8571428563,2296957.96188204,1167810.53731207,12513159.5055467,4312772.24837544,99,50.3410127815949,190616.610945279,63743.9910599012,2.25440985255514,3.28131022161715,0.549747273659005,0.6685161761735,62.5635680731588,1.2971816651121,12.8323246817918,19.2126687972144,6.62181799641617,5.26320822600059,62.5635680731588,1.2971816651121
2020-11-18,2066046,46366,124164,1980163.71428571,44486.8571428571,118920.142857143,28360.142857143,593,1592.42857142857,NA,2286592.97237138,8430562.37929779,72903.8330001729,82675.8225108236,2286592.97237138,1162264.36126589,12641164.1516637,4348569.46438082,99,50.696383696965,128004.646117058,35797.2160053821,2.24419010999755,3.24003574144139,0.549975172639218,0.666575472142389,63.0052213341179,1.23469351313464,12.9442610154459,19.4092067594502,6.67678093800329,3.1739297893131,63.0052213341179,1.23469351313464
2020-11-19,2087176,46795,126342,2006821.28571429,45080.4285714286,120644,26657.5714285714,593.571428571428,1723.85714285714,NA,2271589.015294,8500225.45685244,69663.0775546487,84073.4632034628,2271589.015294,1153665.51566705,12765775.7493409,4382003.47055426,99,51.0566162371289,124611.597677238,33434.0061734412,2.2420246304097,3.17618563821339,0.55051480972515,0.663749279801642,63.4529165989409,1.16583051683108,13.0512215025922,19.6005350449566,6.72811541407144,3.04658845699164,63.4529165989409,1.16583051683108
2020-11-20,2110021,47932,128294,2033368.14285714,45703.2857142857,122410.571428571,26546.8571428573,622.857142857145,1766.57142857143,NA,2269230.63511558,8584821.12429307,84595.6674406249,86331.1904761903,2269230.63511558,1153106.35260788,12909963.648605,4424619.26453055,99,51.4218961628855,144187.899264041,42615.7939762836,2.2716361590714,3.10676128902194,0.558334289160242,0.672682654704554,63.9068847302532,1.16865676089348,13.1811094449217,19.8219207271177,6.79354758049062,3.72407450780335,63.9068847302532,1.16865676089348
2020-11-21,2127672,48184,129218,2057856.71428571,46311.5714285714,124025.571428571,24488.5714285714,608.28571428571,1615,NA,2251756.18810418,8655361.26169725,70540.1374041829,87406.2987012984,2251756.18810418,1142710.9702125,13037175.1604047,4457914.18181293,99,51.7924148422608,127211.511799669,33294.917282383,2.26463477453292,3.0729379254804,0.556695423138831,0.669121303866613,64.3673635593154,1.07916615475134,13.2894165672161,20.0172409132239,6.844668499879,3.10854861170117,64.3673635593154,1.07916615475134
2020-11-22,2140829,48398,129722,2080335.14285714,46907.4285714286,125616.857142857,22478.4285714286,595.857142857145,1591.28571428571,NA,2234883.23754847,8727157.03408526,71795.7723880149,88072.8658008659,2234883.23754847,1132558.73356026,13166252.8830933,4491768.36299098,99,52.168368587504,129077.722688653,33854.1811780538,2.26071302285236,3.03052649620201,0.554567768300423,0.665022685684677,64.8345970620446,0.998270022994491,13.3996515878213,20.2154264741141,6.89664811143007,3.18843455465141,64.8345970620446,0.998270022994491
2020-11-23,2144979,48897,130633,2102110.42857143,47502.5714285714,127185.428571429,21775.2857142857,595.142857142855,1568.57142857142,NA,2228241.22916833,8808279.94345404,81122.9093687795,87169.7748917751,2228241.22916833,1129007.50700904,13306512.3955869,4531777.71216478,99,52.5499595873061,140259.512493605,40009.3491737992,2.27960273736946,2.95934647639232,0.555125408296523,0.664712732624652,65.3088365175716,0.974344253159652,13.5242074674837,20.4307805226263,6.95807835006225,3.62985000763469,65.3088365175716,0.974344253159652
2020-11-24,2154097,49902,132720,2118688.57142857,48067.7142857143,128727.571428571,16578.1428571427,565.142857142855,1542.14285714287,NA,2187523.35204226,8855404.4948994,47124.5514453575,87277.2857142854,2187523.35204226,1102759.31076084,13404575.0185246,4549113.0830487,99,52.9373958588173,98062.622937711,17335.3708839193,2.31660876924298,2.88625121281241,0.563520277687404,0.671017587628897,65.7903404486083,0.744006941766674,13.5965623670385,20.5813455893509,6.98469502821791,2.11487655952521,65.7903404486083,0.744006941766674
2020-11-25,2169336,50271,134593,2133444.28571429,48625.5714285714,130217.428571429,14755.7142857146,557.857142857145,1489.85714285713,NA,2172845.65466149,8930540.13950997,75135.6446105707,89255.4848484853,2172845.65466149,1093555.12605666,13538349.7861512,4586187.1840588,99,53.3308899005649,133774.767626526,37074.1010101028,2.3173450309219,2.91974803867721,0.562911080569405,0.669544161144236,66.2793729473,0.67454511794706,13.7119254177635,20.7867429794101,7.04161849533634,3.43473565849821,66.2793729473,0.67454511794706
2020-11-26,2182877,50610,136277,2147115.85714286,49170.5714285714,131636.714285714,13671.5714285714,545,1419.28571428572,NA,2163899.71178701,9011480.69014199,80940.550632013,89341.493506494,2163899.71178701,1088079.65708119,13679381.0422298,4633589.42936905,99,53.730660238584,141031.256078601,47402.2453102442,2.31849985134298,2.74570608993389,0.561616916689,0.661055426416338,66.7762055967503,0.629206254262565,13.8362013043505,21.0032819607834,7.11439976524554,3.72509434613398,66.7762055967503,0.629206254262565
