"date","positive","death","recovered","positive7","death7","recovered7","dif_pos7","dif_dea7","dif_rec7","testPosRate7","Einfected","Epositive","dif_Epositive","dif_Erecovered","Einfected_U","Einfected_L","Epositive_U","Epositive_L","confirmRate_k_U","confirmRate_k_L","dif_Epositive_U","dif_Epositive_L","CFR","CFRadj","ECFR_k","EIFRadj_k","confirmRate_k","NCC7PerEinfected_k","cumIncidence","cumIncidence_U","cumIncidence_L","difEposPerEinfected_k","ascertainmentRate","docuTransmissionRate"
2020-02-04,2,1,0,2,1,0,NA,NA,NA,NA,150.515151515152,151.515151515152,NA,NA,150.515151515152,150.515151515152,151.515151515152,151.515151515152,NA,NA,NA,NA,NA,NA,NA,NA,NA,NA,0.000140140478598334,0.000140140478598334,0.000140140478598334,NA,NA,NA
2020-02-05,2,1,0,2,1,0,0,0,0,NA,150.515151515152,151.515151515152,0,0,150.515151515152,150.515151515152,151.515151515152,151.515151515152,NA,NA,0,0,NA,NA,NA,NA,NA,NA,0.000140140478598334,0.000140140478598334,0.000140140478598334,NA,NA,NA
2020-02-06,2,1,0,2,1,0,0,0,0,NA,150.515151515152,151.515151515152,0,0,150.515151515152,150.515151515152,151.515151515152,151.515151515152,NA,NA,0,0,NA,NA,NA,NA,NA,NA,0.000140140478598334,0.000140140478598334,0.000140140478598334,NA,NA,NA
2020-02-07,3,1,0,2.25,1,0,0.25,0,0,NA,150.765151515152,151.765151515152,0.25,0,150.765151515152,150.765151515152,151.765151515152,151.765151515152,2.01515151515152,0.590909090909093,0.25,0.25,NA,NA,NA,NA,1,0.166096235152003,0.000140371710388021,0.000140371710388021,0.000140371710388021,0.166096235152003,1,0.166096235152003
2020-02-08,3,1,0,2.4,1,0,0.15,0,0,NA,164.725058611381,165.725058611381,13.9599070962298,0,174.389609678002,157.692624209521,175.389609678002,158.692624209521,2.16529182600623,0.63493519709957,23.6244581628505,6.92747269436967,NA,NA,NA,NA,1.0745057181685,0.0994924878146826,0.000153283607594937,0.000162222613353571,0.000146779118024536,9.25937257777164,1.0745057181685,0.0994924878146826
2020-02-09,3,1,0,2.5,1,0,0.1,0,0,NA,173.421637617657,174.421637617657,8.69657900627578,0,189.106897227084,162.00821980662,190.106897227084,163.00821980662,2.31717726441318,0.679473032421909,14.7172875490821,4.31559559709927,NA,NA,NA,NA,1.14987743948323,0.0607072287129811,0.000161327309706048,0.000175835032310836,0.000150770729598471,5.27945115308334,1.14987743948323,0.0607072287129811
2020-02-10,3,1,0,2.57142857142857,1,0,0.0714285714285716,0,0,NA,179.247196281743,180.247196281743,5.82555866408561,0,198.965534966306,164.899098542182,199.965534966306,165.899098542182,2.47082558496537,0.724527803110146,9.85863773922182,2.8908787355613,NA,NA,NA,NA,1.22612397449409,0.0411878234052197,0.000166715527129346,0.00018495355410411,0.000153444581853641,3.35918789841509,1.22612397449409,0.0411878234052197
2020-02-11,3,1,0,2.71428571428571,1,0,0.142857142857143,0,0,NA,190.208787018845,191.208787018845,10.961590737102,0,217.515919290632,170.338684922999,218.515919290632,171.338684922999,2.62625010167909,0.77010341327432,18.5503843243265,5.43958638081756,NA,NA,NA,NA,1.30325193015654,0.079698440206322,0.000176854200105183,0.000202111308370911,0.00015847580302962,6.11534850446,1.30325193015654,0.079698440206322
2020-02-12,3,1,1,2.85714285714286,1,0.142857142857143,0.142857142857143,0,0.142857142857143,NA,51.7123673568233,203.227518871975,12.01873185313,150.515151515152,87.5132370653932,51.7123673568233,343.92349347565,176.471040179466,2.78346169971663,0.816203054804124,125.407574185017,5.13235525646667,NA,NA,NA,NA,1.38126670813006,0.0751055057453403,0.000187970651609865,0.000318104179647464,0.000163222857794675,6.31870485139011,1.38126670813006,0.0751055057453403
2020-02-13,3,1,1,3,1,0.285714285714286,0.142857142857143,0,0.142857142857143,NA,61.495955623514,213.011107138666,9.7835882666908,0,104.070078747485,61.495955623514,360.480335157742,181.326053905794,2.94246630205094,0.862828464511179,16.5568416820922,4.85501372632777,NA,NA,NA,NA,1.4601712476343,0.276255548634789,0.000197019758107746,0.000333418052182339,0.000167713391846254,18.9192426623646,1.4601712476343,0.276255548634789
2020-02-14,3,1,1,3,1,0.428571428571429,0,0,0.142857142857143,NA,61.495955623514,213.011107138666,0,0,104.070078747485,61.495955623514,360.480335157742,181.326053905794,NA,NA,0,0,NA,NA,NA,NA,NA,NA,0.000197019758107746,0.000333418052182339,0.000167713391846254,NA,NA,NA
2020-02-15,3,1,1,3,1,0.571428571428571,0,0,0.142857142857143,NA,61.495955623514,213.011107138666,0,0,104.070078747485,61.495955623514,360.480335157742,181.326053905794,NA,NA,0,0,NA,NA,NA,NA,NA,NA,0.000197019758107746,0.000333418052182339,0.000167713391846254,NA,NA,NA
2020-02-16,3,1,1,3,1,0.714285714285714,0,0,0.142857142857143,NA,61.495955623514,213.011107138666,0,0,104.070078747485,61.495955623514,360.480335157742,181.326053905794,NA,NA,0,0,NA,NA,NA,NA,NA,NA,0.000197019758107746,0.000333418052182339,0.000167713391846254,NA,NA,NA
2020-02-17,3,1,1,3,1,0.857142857142857,0,0,0.142857142857143,NA,61.495955623514,213.011107138666,0,0,104.070078747485,61.495955623514,360.480335157742,181.326053905794,NA,NA,0,0,NA,NA,NA,NA,NA,NA,0.000197019758107746,0.000333418052182339,0.000167713391846254,NA,NA,NA
2020-02-18,3,1,1,3,1,1,0,0,0.142857142857143,NA,61.495955623514,213.011107138666,0,0,104.070078747485,61.495955623514,360.480335157742,181.326053905794,NA,NA,0,0,NA,NA,NA,NA,NA,NA,0.000197019758107746,0.000333418052182339,0.000167713391846254,NA,NA,NA
2020-02-19,3,1,1,3,1,1,0,0,0,NA,61.495955623514,213.011107138666,0,0,104.070078747485,61.495955623514,360.480335157742,181.326053905794,NA,NA,0,0,NA,NA,NA,NA,NA,NA,0.000197019758107746,0.000333418052182339,0.000167713391846254,NA,NA,NA
2020-02-20,3,1,1,3,1,1,0,0,0,NA,61.495955623514,213.011107138666,0,0,104.070078747485,61.495955623514,360.480335157742,181.326053905794,NA,NA,0,0,NA,NA,NA,NA,NA,NA,0.000197019758107746,0.000333418052182339,0.000167713391846254,NA,NA,NA
2020-02-21,3,1,1,3,1,1,0,0,0,NA,61.495955623514,213.011107138666,0,0,104.070078747485,61.495955623514,360.480335157742,181.326053905794,NA,NA,0,0,NA,NA,NA,NA,NA,NA,0.000197019758107746,0.000333418052182339,0.000167713391846254,NA,NA,NA
2020-02-22,3,1,1,3,1,1,0,0,0,NA,61.495955623514,213.011107138666,0,0,104.070078747485,61.495955623514,360.480335157742,181.326053905794,NA,NA,0,0,NA,NA,NA,0.66,NA,NA,0.000197019758107746,0.000333418052182339,0.000167713391846254,NA,NA,NA
2020-02-23,3,1,1,3,1,1,0,0,0,NA,61.495955623514,213.011107138666,0,0,104.070078747485,61.495955623514,360.480335157742,181.326053905794,NA,NA,0,0,NA,NA,NA,0.66,NA,NA,0.000197019758107746,0.000333418052182339,0.000167713391846254,NA,NA,NA
2020-02-24,3,1,1,3,1,1,0,0,0,NA,61.495955623514,213.011107138666,0,0,104.070078747485,61.495955623514,360.480335157742,181.326053905794,NA,NA,0,0,NA,NA,NA,0.66,NA,NA,0.000197019758107746,0.000333418052182339,0.000167713391846254,NA,NA,NA
2020-02-25,3,1,1,3,1,1,0,0,0,NA,61.495955623514,213.011107138666,0,0,104.070078747485,61.495955623514,360.480335157742,181.326053905794,NA,NA,0,0,NA,NA,NA,0.658912793890081,NA,NA,0.000197019758107746,0.000333418052182339,0.000167713391846254,NA,NA,NA
2020-02-26,3,1,1,3,1,1,0,0,0,NA,61.495955623514,213.011107138666,0,0,104.070078747485,61.495955623514,360.480335157742,181.326053905794,NA,NA,0,0,NA,NA,NA,0.603409048926608,NA,NA,0.000197019758107746,0.000333418052182339,0.000167713391846254,NA,NA,NA
2020-02-27,3,1,1,3,1,1,0,0,0,NA,61.495955623514,213.011107138666,0,0,104.070078747485,61.495955623514,360.480335157742,181.326053905794,NA,NA,0,0,NA,NA,NA,0.57332336380883,NA,NA,0.000197019758107746,0.000333418052182339,0.000167713391846254,NA,NA,NA
2020-02-28,3,1,1,3,1,1,0,0,0,NA,61.495955623514,213.011107138666,0,0,104.070078747485,61.495955623514,360.480335157742,181.326053905794,NA,NA,0,0,NA,NA,NA,0.5547936504027,NA,NA,0.000197019758107746,0.000333418052182339,0.000167713391846254,NA,NA,NA
2020-02-29,3,1,1,3,1,1,0,0,0,NA,61.495955623514,213.011107138666,0,0,104.070078747485,61.495955623514,360.480335157742,181.326053905794,NA,NA,0,0,NA,NA,NA,0.522988517207342,NA,NA,0.000197019758107746,0.000333418052182339,0.000167713391846254,NA,NA,NA
2020-03-01,3,1,1,3,1,1,0,0,0,NA,61.495955623514,213.011107138666,0,0,104.070078747485,61.495955623514,360.480335157742,181.326053905794,NA,NA,0,0,NA,NA,NA,0.49205934587528,NA,NA,0.000197019758107746,0.000333418052182339,0.000167713391846254,NA,NA,NA
2020-03-02,3,1,1,3,1,1,0,0,0,NA,61.495955623514,213.011107138666,0,0,104.070078747485,61.495955623514,360.480335157742,181.326053905794,NA,NA,0,0,NA,NA,NA,0.469459087571909,NA,NA,0.000197019758107746,0.000333418052182339,0.000167713391846254,NA,NA,NA
2020-03-03,3,1,1,3,1,1,0,0,0,NA,61.495955623514,213.011107138666,0,0,104.070078747485,61.495955623514,360.480335157742,181.326053905794,NA,NA,0,0,NA,NA,NA,0.469459087571909,NA,NA,0.000197019758107746,0.000333418052182339,0.000167713391846254,NA,NA,NA
2020-03-04,3,1,1,3,1,1,0,0,0,NA,61.495955623514,213.011107138666,0,0,104.070078747485,61.495955623514,360.480335157742,181.326053905794,NA,NA,0,0,NA,NA,NA,0.469459087571909,NA,NA,0.000197019758107746,0.000333418052182339,0.000167713391846254,NA,NA,NA
2020-03-05,3,1,1,3,1,1,0,0,0,NA,61.495955623514,213.011107138666,0,0,104.070078747485,61.495955623514,360.480335157742,181.326053905794,NA,NA,0,0,NA,NA,NA,0.469459087571909,NA,NA,0.000197019758107746,0.000333418052182339,0.000167713391846254,NA,NA,NA
2020-03-06,5,1,1,3.28571428571429,1,1,0.285714285714286,0,0,NA,69.8519811355102,221.367132650662,8.35602551199619,0,173.774910002838,69.8519811355102,430.185166413094,185.472653032048,6.89032812227535,2.02047215615593,69.7048312553522,4.14659912625376,NA,NA,NA,0.469459087571909,3.41926057195619,0.464610412421454,0.00020474847304299,0.00039788994370643,0.000171548693994571,13.5879269250694,3.41926057195619,0.464610412421454
2020-03-07,6,1,1,3.71428571428571,1,1,0.428571428571429,0,0,NA,82.0338758657246,233.549027380876,12.1818947302143,0,206.147649541606,82.0338758657246,462.557905951863,191.517803800425,7.08950768959051,2.07887819469195,32.3727395387688,6.04515076837703,NA,NA,NA,0.469459087571909,3.51810156024792,0.613547480863526,0.000216015838323987,0.000427832369708945,0.000177140018118976,17.439583720012,3.51810156024792,0.613547480863526
2020-03-08,10,1,1,4.71428571428571,1,1,1,0,0,NA,139.884173531989,291.399325047141,57.8502976662644,0,336.960396694018,130.046709664958,593.370653104274,205.23467958977,7.29028982515642,2.13775415925639,130.812747152411,13.7168757893455,NA,NA,NA,0.469459087571909,3.61773780797236,1.21901935797248,0.000269523149777229,0.000548824632260777,0.000189827129069728,70.5200102466882,3.61773780797236,1.21901935797248
2020-03-09,20,1,1,7.14285714285714,1,1,2.42857142857143,0,0,NA,328.258668906837,479.773820421989,188.374495374848,0,655.748004251453,162.45940003286,912.15826066171,237.647369957672,7.492656120198,2.19709465178738,318.787607557436,32.4126903679019,NA,NA,NA,0.469459087571909,3.71816017994788,1.73614989128382,0.000443755836565065,0.000843679948363268,0.000219806506679123,134.664623322645,3.71816017994788,1.73614989128382
2020-03-10,33,1,2,11.4285714285714,1,1.14285714285714,4.28571428571429,0,0.142857142857143,NA,562.727618591334,714.242770106485,234.468949684496,0,1052.54161140983,278.416464464899,1308.95186782009,353.604434389711,7.69658916176383,2.2568945662315,396.793607158378,115.957064432039,NA,NA,NA,0.469459087571909,3.819360035161,1.30560405168982,0.000660622536011609,0.00121068513204204,0.000327058344821124,71.4281059096845,3.819360035161,1.30560405168982
2020-03-11,49,1,2,18,1,1.28571428571429,6.57142857142857,0,0.142857142857143,NA,839.584118112584,991.099269627736,276.85649952125,0,1521.06799521503,415.803900317549,1777.47825162528,490.991870242361,7.90207663565683,2.31715029165877,468.526383805194,137.387435852651,NA,NA,NA,0.469459087571909,3.92133126280715,1.16779272111018,0.000916694631494994,0.00164403790901392,0.000454131715512127,49.1990246034663,3.92133126280715,1.16779272111018
2020-03-12,52,2,2,25,1.14285714285714,1.42857142857143,7,0.142857142857143,0.142857142857143,NA,1013.39455427337,1165.05256293138,173.953293303644,0,1815.30763443218,501.983730077252,2071.8607479853,577.314557144922,8.10910810491973,2.37785876760804,294.382496360014,86.3226869025602,NA,NA,NA,0.938918175143817,4.02406868364438,0.833753720057483,0.00107758875682537,0.00191632027495762,0.000533973913044491,20.7189833098198,4.02406868364438,0.833753720057483
2020-03-13,64,5,2,33.4285714285714,1.71428571428571,1.57142857142857,8.42857142857143,0.571428571428571,0.142857142857143,NA,1217.0249508385,1369.25438806794,204.201825136561,0,2160.30852532262,602.745538039756,2417.43306744717,678.647793678854,8.31767711845367,2.43901810240371,345.572319461872,101.333236533932,NA,NA,NA,2.34729543785954,4.12756909637551,0.831724156462171,0.00126646057076029,0.0022359494985398,0.000627699775598662,20.1502785144705,4.12756909637551,0.831724156462171
2020-03-14,111,8,2,48.4285714285714,2.71428571428571,1.71428571428571,15,1,0.142857142857143,NA,1968.29870474137,2121.5281419708,752.273753902862,0,3431.69487808131,975.5580775705,3689.81942020586,1052.4603332096,8.52777879746247,2.50062686542132,1272.38635275869,373.812539530744,NA,NA,NA,3.75567270057527,4.23183007994378,1.2325246390854,0.00196225899655911,0.0034128141926279,0.000973449145691582,61.8125169401467,4.23183007994378,1.2325246390854
2020-03-15,140,11,2,67,4.14285714285714,1.85714285714286,18.5714285714286,1.42857142857143,0.142857142857143,NA,2395.09395709404,2549.75196575205,428.223823781249,0,4154.95277766716,1186.63155403338,4414.50589122028,1264.96238110104,8.73941157541948,2.56268459730346,724.686471014422,212.502047891447,7.85714285714286,138.095238095238,0.431414511989818,5.16404996329099,4.33685085697508,0.943534481560396,0.00235833484119773,0.00408309639124711,0.00116999806107616,21.7560384889608,4.33685085697508,0.943534481560396
2020-03-16,142,12,2,84.4285714285714,5.71428571428571,2,17.4285714285714,1.57142857142857,0.142857142857143,NA,2785.82541345875,2942.05485068819,392.302884936135,0,4817.27853898766,1379.73674505431,5078.4030811122,1459.63900069341,8.95257554043471,2.62519132388687,663.897189891921,194.676619592368,8.45070422535211,190.47619047619,0.407878187491747,5.6335090508629,4.44263147119316,0.727683649688348,0.00272118643393075,0.00469715293279529,0.00135005975371059,16.3794361291828,4.44263147119316,0.727683649688348
2020-03-17,187,12,5,106.428571428571,7.28571428571429,2.42857142857143,22,1.57142857142857,0.428571428571428,NA,3267.8582731516,3425.65913895246,483.604288264277,0,5634.11436747885,1618.14939938095,5896.81033817482,1699.62308359147,9.16727465185468,2.68814820618295,818.407257062623,239.984082898063,6.41711229946524,242.857142857143,0.350297548975334,5.6335090508629,4.54917388738653,0.78971806557987,0.00316848517423386,0.00545412003176979,0.00157202754965048,17.3594614338684,4.54917388738653,0.78971806557987
2020-03-18,202,19,5,128.285714285714,9.85714285714286,2.85714285714286,21.8571428571428,2.57142857142857,0.428571428571429,NA,3734.67872116755,3895.05101553984,469.39187658738,0,6425.89842236299,1848.50927798822,6691.16582163039,1932.55439077017,9.38351444547321,2.75155686746959,794.355483455565,232.9313071787,9.40594059405941,328.571428571429,0.487798489010718,8.91972266386626,4.65648085264084,0.668857101976055,0.00360263846898569,0.00618884099211904,0.00178747204178297,14.3638994519394,4.65648085264084,0.668857101976055
2020-03-19,217,19,8,151.857142857143,12.2857142857143,3.71428571428571,23.5714285714286,2.42857142857143,0.857142857142857,NA,4205.47250960016,4389.77553990319,494.724524363352,21.5021645021645,7224.2087896006,2080.98482069055,7528.39193978375,2178.0567863189,9.60130287883477,2.81541964116208,837.226118153364,245.502395548731,8.75576036866359,409.52380952381,0.432823952552686,8.91972266386626,4.76455631581274,0.631154524485945,0.00406022261766853,0.00696321416681308,0.00201454387496393,13.2467759960002,4.76455631581274,0.631154524485945
2020-03-20,230,19,8,175.571428571429,14.2857142857143,4.57142857142857,23.7142857142857,2,0.857142857142857,NA,4604.0699688588,4876.38165717049,486.606117267298,86.008658008658,7899.74734702731,2278.06540734736,8351.87921515918,2419.53049864704,9.82064899969772,2.87973918036249,823.487275375427,241.473712328132,8.26086956521739,476.190476190476,0.389633161138267,8.91972266386626,4.87340476676729,0.56389491115996,0.00451029783114246,0.00772487991269204,0.00223788946962016,11.5707834531431,4.87340476676729,0.56389491115996
2020-03-21,307,19,13,203.571428571429,15.8571428571429,6.14285714285714,28,1.57142857142857,1.57142857142857,NA,5013.89033261382,5438.28860101209,561.906943841599,150.515151515152,8593.68510546987,2481.14704865221,9302.79865858342,2698.37153844813,10.0415634728565,2.94451861234138,950.919443424245,278.841039801095,6.18892508143322,528.571428571429,0.34937461753067,8.91972266386626,4.9830314978085,0.60816155065347,0.00503002082419121,0.00860441113169761,0.00249579712030601,12.2045700356912,4.9830314978085,0.60816155065347
2020-03-22,380,25,17,237.857142857143,17.8571428571429,8.28571428571429,34.2857142857143,2,2.14285714285714,NA,5470.00313436732,6111.42304778724,673.134446775144,215.021645021645,9365.96391283294,2707.20087723451,10441.9492608183,3032.40818120873,10.26405785975,3.00976132729512,1139.15060223486,334.036642760598,6.57894736842105,595.238095238095,0.409070028445368,11.7364771892977,5.09344224619175,0.683818948389974,0.00565262115550302,0.00965804246160991,0.00280475668321262,13.4253923025921,5.09344224619175,0.683818948389974
2020-03-23,462,33,17,283.571428571429,20.8571428571429,10.4285714285714,45.7142857142857,3,2.14285714285714,NA,6108.81587133895,6989.75959428267,878.336546495437,236.52380952381,10448.0206325432,3023.48603779401,11928.3649548875,3468.27443736436,10.4881451749646,3.07547114153098,1486.4156940692,435.86625615563,7.14285714285714,695.238095238095,0.472119241797566,15.492149889873,5.2046434702832,0.835731976729586,0.00646501848187846,0.0110328687062453,0.00320790122111322,16.0573316855517,5.2046434702832,0.835731976729586
2020-03-24,552,35,20,335.714285714286,24.1428571428571,12.5714285714286,52.1428571428572,3.28571428571428,2.14285714285714,NA,6849.75423709149,7970.50748384473,980.747889562061,236.52380952381,11703.1031416189,3390.30615055198,13588.0921526079,3954.96136000418,10.7138397843178,3.14165226758192,1659.72719772041,486.686922639819,6.34057971014493,482.857142857143,0.439118839935109,15.8108385743214,5.3166422989848,0.853572220673281,0.00737213884082018,0.0125679954675312,0.00365805117367076,16.0546317030685,5.3166422989848,0.853572220673281
2020-03-25,636,38,26,397.714285714286,26.8571428571429,15.5714285714286,62,2.71428571428572,3,NA,7601.92196899756,9112.42846250405,1141.92097865932,387.038961038961,12976.1012813281,3763.49035263641,15520.5738088006,4521.62891332384,10.9411593511558,3.20830988492539,1932.48165619269,566.667553319662,5.9748427672956,447.619047619048,0.41701287594589,16.2706736252123,5.42944749756604,0.905146704559623,0.00842833256712742,0.0143554002351281,0.00418217738371796,16.6709773684405,5.42944749756604,0.905146704559623
2020-03-26,707,45,28,467.714285714286,30.5714285714286,18.4285714285714,70,3.71428571428572,2.85714285714286,NA,8495.50924321398,10375.2668189716,1262.8383564675,365.536796536797,14489.2160091229,4206.27694843446,17657.6848735917,5148.3005789393,11.1701236613679,3.27544979543871,2137.11106479116,626.671665615454,6.36492220650637,305.714285714286,0.433723785471385,15.4427262289369,5.54306888458858,0.920824144671351,0.00959636606013417,0.0163320723002165,0.00476180302686417,16.6120931208931,5.54306888458858,0.920824144671351
2020-03-27,803,54,31,549.571428571429,35.5714285714286,21.7142857142857,81.8571428571428,5,3.28571428571429,NA,9636.35261071307,11822.1404895009,1446.87367052939,301.030303030303,16421.9509387367,4770.89846914829,20106.2403160261,5866.29803950275,11.4007565977886,3.34307900235906,2448.55544243436,717.997460563457,6.72478206724782,177.857142857143,0.456770075164955,11.2553035829475,5.65751831168456,0.963538299586829,0.0109346188132857,0.0185968077286267,0.00542589837805213,17.031041096037,5.65751831168456,0.963538299586829
2020-03-28,1075,68,35,659.285714285714,42.5714285714286,24.8571428571429,109.714285714286,7,3.14285714285714,NA,11293.3643367668,13722.6760250785,1900.53553557755,236.52380952381,19229.8828707398,5590.44027090644,23322.5312223881,6809.42093685703,11.6330847254441,3.41120529543097,3216.29090636202,943.122897354276,6.32558139534884,129.004329004329,0.495530171197866,9.52057239443418,5.77280896149857,1.13854976531135,0.0126924757463089,0.0215716425383584,0.00629821835985315,19.7225611427363,5.77280896149857,1.13854976531135
2020-03-29,1418,71,42,807.571428571429,49.1428571428571,28.4285714285714,148.285714285714,6.57142857142858,3.57142857142857,NA,13503.7929892775,16240.7064091909,2518.0303841124,301.030303030303,22973.7731178457,6685.04181490207,27583.813410886,8058.96984927371,11.8671396383294,3.479837939059,4261.28218849791,1249.54891241668,5.00705218617771,100.291545189504,0.437173102026029,7.16376272042538,5.8889565122537,1.31303749207817,0.0150214704351297,0.0255130181655935,0.00745396008513262,22.2965478578839,5.8889565122537,1.31303749207817
2020-03-30,1546,78,42,962.428571428571,55.5714285714286,32,154.857142857143,6.42857142857142,3.57142857142857,NA,15624.2022540044,18819.0896998919,2578.38329070099,451.545454545455,26564.5316537573,7735.54780878376,31947.2312874569,9338.46832435841,12.1029564218036,3.54898722143114,4363.4178765709,1279.4984750847,5.04527813712807,106.868131868132,0.414472757417422,6.69497690333772,6.00597837472962,1.14676970517822,0.0174062871663636,0.0295488618646048,0.00863740297431639,19.0937708594046,6.00597837472962,1.14676970517822
2020-03-31,2084,88,49,1181.28571428571,63.1428571428571,36.1428571428571,218.857142857143,7.57142857142858,4.14285714285715,NA,18695.9034556768,22392.9121136855,3573.82241379356,494.549783549784,31771.9113960811,9257.69169189077,38001.3875865572,11111.9441086469,12.3405768940308,3.61866540501656,6054.15629910031,1773.47578428854,4.22264875239923,98.6607142857143,0.392981491434599,6.42685543072611,6.12389530079725,1.40075848073043,0.0207118125774272,0.035148515448954,0.0102777388925885,22.8736312785352,6.12389530079725,1.40075848073043
2020-04-01,2311,96,50,1420.57142857143,71.4285714285714,39.5714285714286,239.285714285714,8.28571428571428,3.42857142857142,NA,22112.1065105793,26225.9420084148,3833.0298947293,408.541125541125,37557.0352472347,10950.1436912086,44488.053562253,13014.0491691893,12.5800471934755,3.68888601913942,6486.66597569575,1902.10506054236,4.15404586758979,64.3500643500644,0.366049768466649,4.52504013973722,6.24273018623595,1.27988302935163,0.0242570860273592,0.0411482089796081,0.0120370475218781,20.5019773653434,6.24273018623595,1.27988302935163
2020-04-02,2633,107,51,1695.71428571429,80.2857142857143,42.8571428571429,275.142857142857,8.85714285714286,3.28571428571428,NA,25868.632223913,30550.3811416619,4324.43913324712,559.056277056277,43917.7930478214,12811.6935081369,51806.3351723635,15160.0114458383,12.8214209605077,3.75966479293084,7318.28161011051,2145.96227664895,4.0638055450057,57.3469387755102,0.35024112957492,4.19648661662823,6.36250964957527,1.24430748149126,0.0282568772280565,0.0479170863961727,0.0140219063132016,19.5568845111077,6.36250964957527,1.24430748149126
2020-04-03,3018,136,52,2012.14285714286,92,45.8571428571429,316.428571428571,11.7142857142857,3,NA,29985.0416919025,35431.0806529415,4880.69951127961,752.575757575757,50888.6728068367,14851.040634035,60065.9804991444,17582.0127070748,13.0647566742813,3.8310188744133,8259.64532678088,2422.0012612365,4.50629555997349,64.7887323943662,0.383843782051591,4.6226194582398,6.48326271054558,1.22321118372235,0.032771168759732,0.0555566566805467,0.0162620810582435,18.8672499923204,6.48326271054558,1.22321118372235
2020-04-04,3094,144,57,2300.57142857143,102.857142857143,49,288.428571428571,10.8571428571429,3.14285714285715,NA,33287.3854125617,39797.8875770639,4366.80692412237,1053.60606060606,56479.9248176225,16487.8545963815,67455.9614476592,19748.999601752,13.3101207089454,3.90296772668323,7389.98094851479,2166.98689467727,4.65416936005171,55.0038197097021,0.361828249605362,4.203570587704,6.6050223066947,0.961905647788618,0.0368101470808659,0.0623918507624657,0.0182663860897837,14.5632844836151,6.6050223066947,0.961905647788618
2020-04-05,3246,152,64,2561.71428571429,114.428571428571,52.1428571428571,261.142857142857,11.5714285714286,3.14285714285715,NA,36168.2497556582,43679.4229158313,3881.53533876747,989.099567099568,61358.6952444012,17914.9376538579,74024.7135594195,21675.1750330201,13.5575842627656,3.97553222742751,6568.75211176033,1926.17543126807,4.68268638324091,56.6478076379066,0.347989945501108,3.90238791208575,6.72782376949271,0.784507330417569,0.040400284533336,0.0684674679897227,0.0200479580586786,11.6606795356859,6.72782376949271,0.784507330417569
2020-04-06,3660,163,73,2863.71428571429,126.571428571429,56.5714285714286,302,12.1428571428571,4.42857142857142,NA,39596.1711194373,48087.0845393507,4407.66162351941,967.597402597401,67163.7489809066,19613.132788193,81483.8332299908,23862.4356883004,13.8072249994959,4.04873515022812,7459.11967057131,2187.26065528031,4.45355191256831,58.3278472679394,0.338968356184317,3.71317390874146,6.85170563884759,0.834983162201158,0.0444770504755048,0.075366610353393,0.0220710148420105,12.1865493998085,6.85170563884759,0.834983162201158
2020-04-07,3764,177,84,3103.71428571429,139.285714285714,61.5714285714286,240,12.7142857142857,5,NA,41883.8596752082,51527.1020994507,3440.01756009994,1139.61471861472,71038.7823610024,20745.7859705412,87305.4014086215,25569.5120715079,14.0591248499997,4.12260051992472,5821.56817863068,1707.07638320749,4.70244420828905,60.5590062111801,0.343508547518117,3.62974050113017,6.9767085721803,0.606116387091355,0.0476588161434147,0.0807511368683175,0.0236499361508981,8.6877530398672,6.9767085721803,0.606116387091355
2020-04-08,3870,182,96,3326.42857142857,151.571428571429,68.1428571428571,222.714285714286,12.2857142857143,6.57142857142857,NA,43759.9993728881,54662.6530525418,3135.5509530911,1247.12554112554,74216.5572339991,21674.7876250289,92611.7184061603,27125.4997625155,14.3133706649095,4.19715380399602,5306.31699753877,1555.98769100761,4.70284237726098,49.3718008375989,0.332951274474478,3.34664107318852,7.10287566830096,0.531739731242349,0.05055897237757,0.0856590935722726,0.0250891114249902,7.48629896434087,7.10287566830096,0.531739731242349
2020-04-09,4076,203,124,3532.57142857143,165.285714285714,78.5714285714286,206.142857142857,13.7142857142857,10.4285714285714,NA,45264.2667946598,57513.768959162,2851.11590662018,1333.1341991342,76765.6032005138,22418.8193638673,97436.6837865944,28540.3392349736,14.5700527272331,4.2724214764067,4824.96538043415,1414.83947245814,4.98037291462218,43.4962406015038,0.352958958652391,3.32164863097639,7.23025172930364,0.471073288407478,0.0531960469123443,0.0901218350926599,0.0263977348783369,6.51534722915607,7.23025172930364,0.471073288407478
2020-04-10,4195,221,140,3700.71428571429,177.428571428571,91.1428571428571,168.142857142857,12.1428571428571,12.5714285714286,NA,45773.8429609987,59798.6654718212,2284.89651265928,1763.17748917749,77628.2595699226,22671.4758502782,101303.431731095,29674.1976547895,14.8292638837714,4.34843076291041,3866.74794450031,1133.85841981588,5.26817640047676,38.404452690167,0.369573464986675,3.16176825567461,7.35888282954069,0.371466962343825,0.0553094097518338,0.0936982952825651,0.0274464713250008,5.04790351078624,7.35888282954069,0.371466962343825
2020-04-11,4428,247,157,3891.28571428571,192.142857142857,105.428571428571,190.571428571428,14.7142857142857,14.2857142857143,NA,46669.7112040607,62343.412502762,2544.74703094076,1634.1645021645,79147.0146186208,23114.0989741178,105609.926706533,30937.0044520985,15.0910993651236,4.42520958826933,4306.4949754382,1262.80679730895,5.57813911472448,34.8084886128364,0.396192620975082,3.09892438468491,7.48881622630195,0.416329742212759,0.0576631153928968,0.097681489444364,0.0286144756280847,5.55939127310982,7.48881622630195,0.416329742212759
2020-04-12,4648,297,197,4091.57142857143,212.857142857143,124.428571428571,200.285714285714,20.7142857142857,19,NA,47535.7087490161,64971.799658107,2628.38715534497,1741.67532467532,80618.878595798,23539.2363165124,110057.966507886,32241.3168750516,15.355654884605,4.50278601879394,4448.03980135304,1304.31242295315,6.38984509466437,33.4681042228212,0.457121399688582,3.25928484620867,7.62009941642052,0.429152481367917,0.0600941820565824,0.101795602259832,0.0298208696115678,5.63189076498137,7.62009941642052,0.429152481367917
2020-04-13,4932,315,242,4273.28571428571,234.571428571429,148.571428571429,181.714285714286,21.7142857142857,24.1428571428572,NA,48030.1699336974,67315.6591111866,2343.85945307966,1827.68398268398,81462.2854358083,23779.7863351191,114024.497890021,33404.4350998881,15.6230279806532,4.581188655981,3966.53138213481,1163.11822483652,6.38686131386861,33.1784198828046,0.467944612233103,3.0360664982997,7.75278080242939,0.382265925800968,0.0622620813210263,0.105464354861199,0.030896669246555,4.93073420963388,7.75278080242939,0.382265925800968
2020-04-14,5223,335,295,4481.71428571429,257.142857142857,178.714285714286,208.428571428571,22.5714285714286,30.1428571428571,NA,48736.6214337557,69958.374680509,2642.71556932236,1913.69264069264,82664.6429194234,24125.3906240846,118496.785776566,34715.857863612,15.8933165714407,4.66044621267809,4472.2878865455,1311.42276372387,6.4139383496075,32.0227717487992,0.478856179163542,2.83366620704185,7.88690897530138,0.433949648308048,0.0647064007239414,0.109600895389209,0.0321096397773249,5.50219908230693,7.88690897530138,0.433949648308048
2020-04-15,5453,349,353,4707.85714285714,281,215.428571428571,226.142857142858,23.8571428571428,36.7142857142857,NA,49682.4240740938,72777.2206108903,2818.84593038134,1849.18614718615,84273.2429920834,24588.9070793329,123267.140427981,36114.6836636509,16.1666203995218,4.74058793670189,4770.3546514146,1398.82580003886,6.400146708234,26.1395348837209,0.479545656004038,2.54323573158905,8.02253343134167,0.464005741493526,0.0673136278812802,0.114013125963167,0.0334034517501396,5.78383533255952,8.02253343134167,0.464005741493526
2020-04-16,5660,362,435,4934.14285714286,303.714285714286,259.857142857143,226.285714285714,22.7142857142857,44.4285714285714,NA,50368.7118665041,75550.4304812228,2773.20987033243,2064.20779220779,85440.8838715471,24924.9371116569,127960.264823928,37490.8629978008,16.4430397020525,4.82164322090261,4693.12439594719,1376.17933414993,6.39575971731449,21.418496876889,0.479150148707586,2.22896708356933,8.15970391229672,0.455459674986822,0.0698786450072615,0.118353924176366,0.034676317391604,5.5818731110958,8.15970391229672,0.455459674986822
2020-04-17,5878,387,487,5174.57142857143,327.428571428571,309.428571428571,240.428571428572,23.7142857142857,49.5714285714286,NA,51414.5770453055,78447.6939284223,2897.26344719957,1827.68398268398,87218.8205477603,25438.1086611802,132863.326042266,38928.602753554,16.722676719934,4.90364204569493,4903.06121833772,1437.73975575317,6.58387206532834,21.1790796525596,0.493322340811074,2.05642252718644,8.29847115425295,0.477331892495888,0.0725584026556271,0.122888898658215,0.0360061219389133,5.75210947398932,8.29847115425295,0.477331892495888
2020-04-18,6087,397,516,5411.57142857143,348.857142857143,360.714285714286,237,21.4285714285714,51.2857142857143,NA,51986.8529428621,81256.1213411305,2808.4274127082,2214.72294372295,88191.9358029661,25718.712812277,137616.04935608,40322.2584621159,17.0056347879885,4.98661471226729,4752.72331381388,1393.65570856196,6.52209627074092,16.7397861255827,0.488578575309187,1.772882410222,8.43888643614465,0.460953328837883,0.0751559934430161,0.127284821529181,0.0372951519537078,5.46231744789707,8.43888643614465,0.460953328837883
2020-04-19,6259,409,572,5641.71428571429,364.857142857143,414.285714285714,230.142857142857,16,53.5714285714286,NA,51535.0435309574,83938.1257820396,2682.00444090911,3117.81385281386,87424.071523479,25496.8815036841,142154.826102234,41653.1779591084,17.2920193642753,5.07059214441154,4538.77674615389,1330.9194969925,6.53459019012622,15.7878469431909,0.487263679274948,1.55952453440479,8.58100209054261,0.442688729262693,0.0776366521902984,0.131482859409198,0.0385261555425848,5.15900518897894,8.58100209054261,0.442688729262693
2020-04-20,6459,428,613,5859.85714285714,381,467.285714285714,218.142857142858,16.1428571428572,53,NA,50750.8133381533,86438.3674507074,2500.24166866776,3268.32900432901,86093.0555927995,25110.5213005955,146386.004310748,42893.8993886729,17.5819367623429,5.15560551677724,4231.17820851464,1240.72142956444,6.62641275739279,14.4701860995063,0.495150490022932,1.40096451829968,8.72487087454611,0.423284486695106,0.0799491936130851,0.13539639104776,0.0396737324892308,4.85153692975121,8.72487087454611,0.423284486695106
2020-04-21,6599,437,654,6056.42857142857,395.571428571429,518.571428571429,196.571428571428,14.5714285714286,51.2857142857143,NA,49554.90126225,88654.3687947175,2216.0013440101,3397.34199134199,84063.6659258862,24521.0912478916,150136.160431381,43993.5692285576,17.8754951206115,5.24168653912669,3750.15612063251,1099.66983988471,6.62221548719503,13.1070718545868,0.49292551054296,1.23338038791577,8.87054645082979,0.387320836956639,0.0819988334399844,0.138865012293282,0.0406908469897974,4.36643513325562,8.87054645082979,0.387320836956639
2020-04-22,6710,446,693,6236,409.428571428571,567.142857142857,179.571428571428,13.8571428571429,48.5714285714286,NA,47941.4200399072,90645.6061870934,1991.23739237589,3590.86147186147,81326.2361649985,23725.4539495862,153505.946787709,44981.702069887,18.172802386554,5.32886686523011,3369.78635632838,988.132841329374,6.6467958271237,13.2329855018931,0.492026054830999,1.1206624953055,9.0180823873125,0.362362735865322,0.0838405829837094,0.141981819213431,0.0416047978911947,4.01824510120208,9.0180823873125,0.362362735865322
2020-04-23,6981,462,722,6424.71428571429,423.714285714286,608.142857142857,188.714285714285,14.2857142857143,41,NA,46566.796948601,92704.112965917,2058.50677882359,3418.84415584416,78994.1157687219,23047.5561319885,156989.57364418,46003.2167120099,18.473967766344,5.4171785179505,3483.62685647071,1021.51464212299,6.61796304254405,13.0534283953877,0.498359765515319,1.05770628172047,9.16753287653162,0.393628158649747,0.0857445518099123,0.145203920303929,0.042549624526754,4.29379600585476,9.16753287653162,0.393628158649747
2020-04-24,7192,477,762,6612.42857142857,436.571428571429,647.428571428571,187.714285714286,12.8571428571428,39.2857142857143,NA,44998.9089013792,94718.4413689117,2014.32840299468,3569.35930735931,76333.2502822148,22274.9758120997,160398.437095402,47002.8082503381,18.7790991136478,5.50665312355085,3408.86345122178,999.591538328183,6.63236929922136,11.928181108509,0.503597813800767,0.991950342944289,9.31895143985528,0.4030997903185,0.0876076588564815,0.148356870690431,0.0434741738882095,4.32567523426195,9.31895143985528,0.4030997903185
2020-04-25,7294,494,792,6784.85714285714,450.428571428571,686.857142857143,172.428571428572,13.8571428571429,39.4285714285714,NA,43580.0547294786,96538.7690151929,1820.32764628119,3225.32467532467,73926.8706946027,21574.6969426925,163478.991573724,47906.1287364626,19.0883052114029,5.5973225807873,3080.55447832198,903.320486124496,6.77268988209487,11.9667526947017,0.511711517599998,0.958718771039263,9.4723920597939,0.383175837179911,0.0892913293343487,0.151206159191436,0.0443096795388804,4.04527063149613,9.4723920597939,0.383175837179911
2020-04-26,7579,501,862,6973.42857142857,463.571428571429,728.285714285714,188.571428571428,13.1428571428571,41.4285714285714,NA,43117.2613543906,98497.3609214902,1958.59190629734,2408.24242424242,73141.7038840144,21346.479392434,166793.531722842,48878.061562144,19.4016935727248,5.68921841606216,3314.54014911863,971.93282568139,6.61037076131416,11.9785898855666,0.508643069532934,0.916530706108316,9.62790808872058,0.4326913918872,0.0911028841813891,0.15427186739412,0.0452086466058327,4.49423920748889,9.62790808872058,0.4326913918872
2020-04-27,7777,511,932,7161.71428571429,475.428571428571,773.857142857143,188.285714285714,11.8571428571429,45.5714285714286,NA,42599.7788592026,100421.480157904,1924.11923641374,2429.74458874459,72262.9972438061,21091.842536605,170049.733507542,49832.8876493869,19.7193726482063,5.78237243067702,3256.20178470013,954.826087242902,6.57065706570657,11.6640964531053,0.5088552759793,0.888482895918087,9.78555334422265,0.436672400751996,0.0928825543198195,0.157283616859156,0.0460917911858057,4.46252655195088,9.78555334422265,0.436672400751996
2020-04-28,7958,530,975,7355.85714285714,488.714285714286,819.714285714286,194.142857142858,13.2857142857143,45.8571428571428,NA,42345.3630435288,102373.570835737,1952.09067783263,2193.22077922078,71831.5572920064,20966.2387698581,173353.271577721,50801.5943015445,20.0414497733089,5.8768160989402,3303.53807017833,968.706652157554,6.65996481528022,11.6499233781713,0.517711745007323,0.886307404719175,9.94538109051419,0.455725141573687,0.0946880960040877,0.160339148940226,0.0469877742772471,4.58239627084574,9.94538109051419,0.455725141573687
2020-04-29,8212,558,1023,7570.42857142857,504.714285714286,866.857142857143,214.571428571428,16,47.1428571428572,NA,42366.5577968926,104496.47554581,2122.90471007381,2085.70995670996,71868.9088526441,20975.6769825908,176945.879548615,51855.0658118067,20.3680333527031,5.97258120868738,3592.60797089414,1053.47151026219,6.79493424257185,11.3982449348303,0.53398930163475,0.895042439287838,10.107445122394,0.506704031404455,0.0966516282258711,0.163662049623244,0.0479621586880569,5.01331092117826,10.107445122394,0.506704031404455
2020-04-30,8488,568,1043,7785.71428571429,519.857142857143,912.714285714286,215.285714285714,15.1428571428572,45.8571428571428,NA,42297.0895311315,106592.366587409,2095.89104159818,2150.21645021645,71751.9405787187,20940.7722148339,180492.77208055,52895.1320429757,20.6992312445081,6.06969938748734,3546.89253193536,1040.06623116901,6.69180018850141,11.1845340545857,0.532871178476204,0.874225437788265,10.2717989634401,0.508135788380132,0.098590174772024,0.166942666855195,0.0489241441921629,4.94704113476952,10.2717989634401,0.508135788380132
2020-05-01,8772,579,1084,8011.42857142857,534.428571428571,958.714285714286,225.714285714286,14.5714285714286,46,NA,42509.6488602704,108754.692150314,2162.3255629051,1935.19480519481,72112.8431796789,21045.3891966407,184152.092263928,53968.1657809587,21.0351527379343,6.16820268255216,3659.32018337786,1073.03373798299,6.60054719562243,10.8359402155023,0.532390822457337,0.86012676343799,10.438496847396,0.533624429761437,0.100590168411212,0.170327271475359,0.0499166222386773,5.11223251262616,10.438496847396,0.533624429761437
2020-05-02,8928,603,1124,8244.85714285714,550,1006.14285714286,233.428571428572,15.5714285714286,47.4285714285714,NA,42608.9474391928,110955.272114517,2200.57996420377,2085.70995670995,72282.0737418113,21093.8015956334,187876.150664888,55060.1829060523,21.3759075809882,6.26812327562811,3724.05840096023,1092.0171250936,6.75403225806452,10.5303465441317,0.543462233482372,0.861941122494375,10.6075932356783,0.549102069711393,0.102625544585103,0.173771754231175,0.0509266585354954,5.17665994239826,10.6075932356783,0.549102069711393
2020-05-03,9223,607,1214,8479.71428571429,565.142857142857,1056.42857142857,234.857142857143,15.1428571428571,50.2857142857142,NA,42794.4162815273,113134.082948194,2178.81083367656,1978.19913419914,72597.3287057621,21184.8312467167,191563.368998802,56141.3973047188,21.7216070324985,6.36949379148452,3687.21833391421,1081.21439866657,6.58137265531823,10.3638888161169,0.53653150684746,0.834052186803585,10.7791433394353,0.551174277581546,0.104640785898947,0.177182162608449,0.0519267030972526,5.11350541288526,10.7791433394353,0.551174277581546
2020-05-04,9485,623,1315,8723.71428571429,581.142857142857,1111.14285714286,244,16,54.7142857142858,NA,43221.3956710354,115361.741991382,2227.65904318773,1784.67965367966,73322.7773429516,21394.6287525735,195333.253533428,57246.8521682556,22.0723620699766,6.47234677239914,3769.88453462539,1105.45486353676,6.56826568265683,10.2675416456335,0.540040388820188,0.824614758687364,10.9532022302139,0.570148659094394,0.106701208248424,0.180669031199872,0.0529491683233089,5.2054899604959,10.9532022302139,0.570148659094394
2020-05-05,9684,637,1408,8970.28571428571,596.428571428571,1173,246.571428571428,15.2857142857143,61.8571428571429,NA,43421.8200058502,117577.153339184,2215.41134780183,1999.70129870129,73663.341601869,21493.079926241,199082.411198939,58346.229228067,22.4282857615496,6.57671537368746,3749.15766551075,1099.37705981143,6.57786038826931,10.1467943420989,0.541771919041448,0.812006023505567,11.1298260170096,0.570464769163581,0.108750302371807,0.184136728947135,0.0539660120236341,5.12572838846681,11.1298260170096,0.570464769163581
2020-05-06,10004,658,1506,9226.28571428571,610.714285714286,1242,256,14.2857142857142,69,NA,43262.9612687646,119840.822740626,2263.66940144254,2408.24242424243,73393.3169259219,21415.1113585358,202913.236339841,59469.5538934445,22.7894933575565,6.68263339056168,3830.82514090277,1123.32466537751,6.57736905237905,10.0330916003661,0.54906165107371,0.809785144970895,11.3090718917198,0.589543969776603,0.11084403167963,0.187679963160374,0.0550050055147344,5.21320709527505,11.3090718917198,0.589543969776603
2020-05-07,10343,685,1618,9491.28571428571,627.428571428571,1324.14285714286,265,16.7142857142858,82.1428571428571,NA,43273.1707942964,122146.975989102,2306.15324847549,2279.22943722944,73411.6824966021,21419.3861177149,206815.957221877,60613.9607686279,23.1560999629218,6.7901345755936,3902.72088203544,1144.40687518333,6.62283670115054,10.0244219752128,0.560799802412725,0.816077311255108,11.4909969740815,0.612509921346744,0.112977055451382,0.191289695697186,0.0560634985142505,5.33054876698998,11.4909969740815,0.612509921346744
2020-05-08,10463,696,1734,9732.85714285714,644.142857142857,1417,241.571428571429,16.7142857142857,92.8571428571429,NA,43132.2531942981,124215.993454038,2069.0174649368,2193.22077922078,73174.690074627,21348.3775987039,210317.371393308,61640.6912399499,23.5282223834637,6.89925318011342,3501.4141714315,1026.73047132202,6.65201185128548,9.97279543494128,0.560314320762189,0.805197993121403,11.6756592278843,0.55822543265904,0.114890745896629,0.194528248758372,0.0570131494118914,4.7812938755334,11.6756592278843,0.55822543265904
2020-05-09,10610,704,1842,9973.14285714286,658.571428571429,1519.57142857143,240.285714285714,14.4285714285714,102.571428571429,NA,42799.5741577304,126241.478919635,2025.48546559678,2343.73593073593,72610.9035731827,21183.8644785167,213745.116027395,62645.8193657348,23.9059785634874,7.01002378929329,3427.74463408688,1005.12812578488,6.63524976437323,9.97986707942762,0.557661401010807,0.794095101652732,11.863117181881,0.557067537512481,0.11676417241341,0.197698662863695,0.0579428197134523,4.69598807294524,11.863117181881,0.557067537512481
2020-05-10,10794,719,1924,10197.5714285714,674.571428571429,1621,224.428571428572,16,101.428571428571,NA,42366.2924636561,128103.42666279,1861.94774315513,2279.22943722943,71878.2510359581,20968.4207162586,216896.104515812,63569.7934337666,24.2894881137326,7.12248147695918,3150.98848841639,923.974068031865,6.66110802297573,10.0532254630615,0.561265236013273,0.793198953864324,12.0534301917771,0.524348383417777,0.118486338449226,0.200613097693537,0.0587974284229548,4.35038847885087,12.0534301917771,0.524348383417777
2020-05-11,11086,726,1999,10426.2857142857,689.285714285714,1718.71428571429,228.714285714284,14.7142857142858,97.7142857142858,NA,41810.9007413955,129970.991650486,1867.56498769617,2408.24242424243,70937.4672422424,20693.460484589,220056.599110374,64496.5550066083,24.6788702096251,7.23666118928857,3160.49459456274,926.761572841708,6.54880028865235,9.87373892401826,0.558586182024628,0.783136774381215,12.2466573972576,0.539825312701268,0.120213700027075,0.203536324979127,0.0596546153713611,4.40813882710709,12.2466573972576,0.539825312701268
2020-05-12,11350,751,2106,10664.2857142857,705.571428571429,1818.42857142857,238,16.2857142857142,99.7142857142856,NA,41406.6271862472,131883.735411355,1912.74376086894,2300.7316017316,70254.0043027606,20492.3397730116,223293.550090306,65445.7361210245,25.0742451978083,7.35259821589866,3236.95097993207,949.181114416169,6.61674008810573,9.81050373430796,0.569440953168011,0.792876222566825,12.4428585192131,0.569202678670054,0.12198284867923,0.206530268852005,0.0605325387626562,4.57474899356855,12.4428585192131,0.569202678670054
2020-05-13,11618,772,2251,10894.8571428571,721.857142857143,1924.85714285714,230.571428571429,16.2857142857143,106.428571428572,NA,41063.9640766841,133707.574466294,1823.83905493908,2150.21645021644,69675.4975019615,20321.2889066119,226380.046952511,66350.7991106935,25.4757327615124,7.47032765187205,3086.49686220457,905.062989669001,6.64486142193149,9.8965881938188,0.577379406575511,0.799678727909308,12.6420929493219,0.556819266273254,0.123669766954331,0.209385053625252,0.0613696561021796,4.40470325374593,12.6420929493219,0.556819266273254
2020-05-14,11876,790,2337,11113.8571428571,736.857142857143,2027.57142857143,219,15,102.714285714286,NA,40238.2312994241,135412.594935788,1705.02046949329,2515.75324675326,68276.916758027,19912.3903640833,229265.466208576,67196.8994940511,25.8834535839526,7.58988488551994,2885.41925606554,846.100383357567,6.6520714045133,9.72235311857953,0.58340215721781,0.802051945970095,12.8444205754953,0.533287028336615,0.125246786692788,0.212053856259564,0.062152237325775,4.15210880836853,12.8444205754953,0.533287028336615
2020-05-15,12091,806,2460,11346.4285714286,752.571428571429,2131.28571428571,232.571428571428,15.7142857142857,103.714285714286,NA,39488.9338515268,137194.765020358,1782.17008457024,2515.75324675324,67008.1826154316,19541.062307232,232281.446351695,68081.2846488002,26.2975274203236,7.71130503302723,3015.98014311888,884.38515474915,6.66611529236622,9.67688605595253,0.587485972865218,0.802617128061283,13.049900825123,0.57795517483721,0.126895164205517,0.214843418204183,0.0629702291741969,4.42904677223163,13.049900825123,0.57795517483721
2020-05-16,12305,817,2561,11588.5714285714,768.714285714286,2234,242.142857142859,16.1428571428571,102.714285714286,NA,39127.3811515187,139021.073792211,1826.30877185331,2171.71861471861,66397.51101322,19360.7815903644,235372.122734832,68987.5732122763,26.7180748937312,7.83462346507909,3090.67638313636,906.288563476075,6.6395774075579,9.65964169030266,0.587680685894524,0.798057539001855,13.2585935562877,0.613157153048329,0.128584366788866,0.21770206872985,0.0638084800802196,4.62486219232959,13.2585935562877,0.613157153048329
2020-05-17,12513,824,2635,11834.1428571429,783.714285714286,2335.57142857143,245.571428571428,15,101.571428571428,NA,38527.1621360892,140844.097201024,1823.02340881299,2408.24242424243,65381.0634486471,19063.4323045121,238457.239272823,69892.2314452211,27.1452156879244,7.95987527691017,3085.11653799118,904.658232944785,6.5851514424998,9.54352515482569,0.585044042579874,0.78854334148214,13.4705581609249,0.627583695548511,0.130270530650712,0.220555576803743,0.0646452230492561,4.65920119149666,13.4705581609249,0.627583695548511
2020-05-18,12718,831,2729,12067.2857142857,798.714285714286,2439.85714285714,233.142857142857,15,104.285714285714,NA,38000.970800913,142547.628809571,1703.53160854676,2214.72294372295,64490.7836067006,18802.1708685815,241340.138918056,70737.592995327,27.5790704123753,8.0870958352078,2882.89964523297,845.36155010591,6.53404623368454,9.40992325299582,0.582963046765324,0.779605544566419,13.6858544903517,0.605101952947396,0.131846173301244,0.223222048981567,0.0654271209059112,4.42163791490635,13.6858544903517,0.605101952947396
2020-05-19,12942,837,2843,12294.7142857143,811,2545.14285714286,227.428571428572,12.2857142857143,105.285714285715,NA,37173.0806174765,144183.271093667,1635.6422840959,2451.24675324674,63086.9694501157,18393.3531835679,244108.148937295,71549.2651062317,28.0197592566127,8.216320383518,2768.01001923924,811.672110904736,6.4673157162726,9.2453260373917,0.580511174182096,0.76962196614299,13.904542187492,0.598442898169018,0.133359023271803,0.225782256624051,0.0661778584852861,4.30421183886334,13.904542187492,0.598442898169018
2020-05-20,13221,842,2932,12523.7142857143,821,2642.42857142857,229,10,97.2857142857142,NA,36332.8798487777,145804.317078215,1621.04598454793,2451.24675324676,61660.7395778121,17979.5779363726,246851.45752653,72353.6939406691,28.4674032302906,8.34758440587469,2743.30858923498,804.428834437334,6.36865592617805,9.19578853046595,0.577486330221841,0.758864345923976,14.1266813022495,0.615996151375391,0.134858372728492,0.228319617243064,0.066921896561538,4.36080614687021,14.1266813022495,0.615996151375391
2020-05-21,13434,846,3000,12746.2857142857,829,2737.14285714286,222.571428571428,8,94.7142857142858,NA,35617.9210471383,147355.085549303,1550.76847108788,2257.72727272728,60445.9631442686,17628.3126663861,249475.83493914,73123.2482195548,28.9221221528001,8.48092303728726,2624.37741261028,769.554278885727,6.29745422063421,8.9883985687954,0.574123381521801,0.747785263250331,14.3523312938707,0.612546799961245,0.136292720604333,0.230746975186794,0.0676336782142109,4.26822337657348,14.3523312938707,0.612546799961245
2020-05-22,13597,857,3092,12961.4285714286,836.285714285714,2827.42857142857,215.142857142857,7.28571428571433,90.2857142857142,NA,34720.8427826132,148830.531094302,1475.44554499874,2365.23809523808,58921.9955317756,17187.3919808753,251972.742784523,73855.424204291,29.3840363011041,8.61637154694029,2496.90784538249,732.175984736212,6.30286092520409,8.81692898561639,0.575822711710268,0.742880599067257,14.5815518486682,0.603985812034421,0.137657400260158,0.233056433065882,0.0683108876674772,4.14242466045696,14.5815518486682,0.603985812034421
2020-05-23,13777,863,3177,13171.7142857143,842.857142857143,2915.42857142857,210.285714285716,6.57142857142856,88,NA,33703.9949001873,150249.999229192,1419.46813489008,2429.74458874459,57194.549664813,16687.6124731623,254374.919628183,74559.8219253643,29.8532644264254,8.75396475662098,2402.1768436601,704.39772107327,6.26406329389562,8.70360535788045,0.574376042880092,0.733986132076561,14.8144018958201,0.605600708219903,0.138970304889096,0.235278271668701,0.0689624042502588,4.08823064514116,14.8144018958201,0.605600708219903
2020-05-24,14035,868,3249,13389.1428571429,849.142857142857,3003.14285714286,217.428571428571,6.28571428571422,87.7142857142858,NA,32884.5997591854,151694.617075203,1444.6178460111,2257.72727272726,55801.847997623,16285.385238852,256819.657521433,75276.6999542119,30.3299254097786,8.89373752617569,2444.73789324955,716.878028847612,6.18453865336658,8.48803335808534,0.572202242067488,0.724294092905745,15.0509404289127,0.645060434412642,0.140306471168885,0.237539476142191,0.0696254642086504,4.28619174162962,15.0509404289127,0.645060434412642
2020-05-25,14319,873,3323,13617.8571428571,855.142857142857,3088,228.714285714286,6,84.8571428571427,NA,32116.5949010071,153190.339489752,1495.72241454897,2257.72727272728,54495.9166991674,15908.8038806583,259350.880069131,76018.9381448903,30.8141360262309,9.03572409791732,2531.22254769824,742.238190678429,6.09679446888749,8.26784160439773,0.569879277575727,0.714712740885122,15.2912253964755,0.695447439228951,0.141689905452051,0.239880672621395,0.0703119804694696,4.54839780779508,15.2912253964755,0.695447439228951
2020-05-26,14669,886,3412,13864.5714285714,862.142857142857,3169.28571428571,246.714285714286,7,81.2857142857142,NA,31848.4955659434,154778.426301874,1588.08681212249,1849.18614718615,54038.5507914772,15778.4248336127,262038.411597338,76807.0112997782,31.3060131770885,9.17995875117632,2687.53152820727,788.073154887854,6.03994819006067,8.23992026324053,0.57243119804822,0.713273689935775,15.535314809683,0.768115876936795,0.143158770075034,0.242366443521828,0.0710408907335064,4.94475462612849,15.535314809683,0.768115876936795
2020-05-27,15049,904,3506,14125.7142857143,871,3251.28571428571,261.142857142857,8.85714285714289,82,NA,31989.0421439632,156432.981537903,1654.55523602848,1505.15151515152,54275.6076377965,15848.7454770554,264838.428150617,77628.0687853261,31.8056727743699,9.32647547519117,2800.01655327895,821.057485547964,6.00704365738587,8.20923656927427,0.577883251417136,0.716087935388877,15.7832661887851,0.819879480251057,0.144689113148488,0.244956254876902,0.0718003091007839,5.19508129544978,15.7832661887851,0.819879480251057
2020-05-28,15588,921,3598,14433.4285714286,881.714285714286,3336.71428571429,307.714285714284,10.7142857142857,85.4285714285716,NA,32693.2066364974,158351.981528272,1918.99999036969,1204.12121212122,55469.1497460412,16196.8131414494,268085.966595858,78580.3544948329,32.3132314852932,9.47530848064988,3247.53844524105,952.285709506759,5.90839107005389,8.16855925249477,0.581615708948715,0.71895032318251,16.0351374287921,0.961848160888398,0.14646404835722,0.247959991383987,0.0726811040163953,5.99892920123533,16.0351374287921,0.961848160888398
2020-05-29,16634,942,3720,14867.2857142857,893.857142857143,3426.42857142857,433.857142857143,12.1428571428572,89.7142857142858,NA,34247.6262709421,161015.15440947,2663.17288119788,1096.61038961039,58103.0686878485,16965.7324444713,272592.874548654,79901.929007307,32.8288067575485,9.62649220710069,4506.90795279632,1321.57451247412,5.66309967536371,8.06293652225458,0.585038099957004,0.724777112213773,16.2909868120166,1.32693363861055,0.148927289283483,0.25212855295151,0.073903464175293,8.14595188171239,16.2909868120166,1.32693363861055
2020-05-30,17224,950,3808,15359.7142857143,906.285714285714,3516.57142857143,492.428571428572,12.4285714285714,90.1428571428569,NA,36221.3402623075,163990.396539364,2975.2421298936,989.099567099576,61447.2550029066,17942.2188719803,277627.899691551,81378.3649514647,33.3525185008611,9.78006181604198,5035.02514289692,1476.43594415774,5.51555968416163,7.98489616110762,0.579302215280615,0.720331432103343,16.5508738425326,1.43771647194912,0.151679171533276,0.25678558445116,0.0752690598781978,8.6874404268362,16.5508738425326,1.43771647194912
2020-05-31,18086,957,3909,15938.4285714286,919,3610.85714285714,578.714285714284,12.7142857142857,94.2857142857142,NA,38704.2141714254,167432.079972291,3441.68343292744,946.095238095222,65653.4921677875,19171.0832608229,283452.287039582,83086.2680084062,33.8844926450723,9.93605423426933,5824.38734803104,1707.90305694143,5.29138560212319,7.91013943880186,0.571575053095187,0.715741051933632,16.8148610118404,1.5975738273304,0.154862478012207,0.262172718492428,0.0768487458000734,9.50181138523168,16.8148610118404,1.5975738273304
2020-06-01,18638,960,3979,16555.4285714286,931.428571428571,3704.57142857143,617.000000000002,12.4285714285714,93.7142857142858,NA,41400.4696900316,171043.854971417,3611.77499912563,903.090909090912,70220.8366718023,20505.8362679078,289564.521653487,84878.5774064685,34.4248599414273,10.0945078023734,6112.23461390496,1792.30939806235,5.1507672497049,7.84294856372997,0.561259567121207,0.708944393581136,17.0830132040166,1.594003036589,0.158203106800189,0.267826090287474,0.0785065014392223,9.33173577204968,17.0830132040166,1.594003036589
2020-06-02,18997,966,4063,17173.7142857143,942.857142857143,3797.57142857143,618.285714285714,11.4285714285714,93,NA,43897.9326928559,174606.352606276,3562.49763485894,1053.60606060606,74450.3784568016,21742.9478761837,295593.363804787,86646.4333756466,34.9737605927909,10.2554636324725,6028.8421512997,1767.8559691781,5.08501342317208,7.79800796342025,0.553244475691132,0.704108498496031,17.355399993415,1.49330033857757,0.161498157615649,0.273402330129022,0.0801416394378717,8.60496912603076,17.355399993415,1.49330033857757
2020-06-03,19748,974,4153,17845,952.857142857143,3890,671.285714285714,10,92.4285714285716,NA,46361.9793954162,178413.53350797,3807.18090169452,1333.13419913421,78621.094854541,22965.1321689687,302036.285330732,88535.7111163371,35.5313408837585,10.4189646200495,6442.92152594455,1889.27774069051,4.93214502734454,7.74365821094793,0.545922711606678,0.700613204481354,17.6320939723914,1.5290696796625,0.165019522629897,0.279361563230057,0.0818890837306563,8.67280226686874,17.6320939723914,1.5290696796625
2020-06-04,20382,984,4248,18529.8571428571,961.857142857143,3982.85714285714,684.857142857141,9,92.8571428571427,NA,48563.5211316593,182236.737581876,3823.20407390545,1612.66233766233,82345.594056535,24058.4901519379,308506.322994264,90432.9402056436,36.0977568137273,10.5850565092884,6470.03766353236,1897.22908930648,4.82778922578746,7.68686280553938,0.539956988396978,0.69864482754684,17.9131725541804,1.47707479667336,0.168555707911292,0.285345876783187,0.0836438824417245,8.24642114888531,17.9131725541804,1.47707479667336
2020-06-05,20626,987,4330,19100.1428571429,968.285714285714,4070,570.285714285717,6.42857142857144,87.1428571428573,NA,49863.0675980743,185370.396602403,3133.65902052756,1827.68398268399,84540.8704942043,24706.256497248,313809.438259772,91987.9890428979,36.6731706827073,10.7537868919217,5303.11526550818,1555.04883725427,4.78522253466499,7.61350616673781,0.532447477100129,0.692400153017298,18.1987162786367,1.17421350906182,0.171454114245637,0.290250872118232,0.085082189344482,6.45270142589532,18.1987162786367,1.17421350906182
2020-06-06,21340,994,4441,19688.1428571429,974.571428571429,4160.42857142857,588,6.28571428571422,90.4285714285716,NA,51166.3955783904,188550.698608693,3180.30200629012,1870.68831168831,86742.2497136403,25356.1152801761,319191.487808878,93566.1840234629,37.2577537782745,10.9252059951331,5382.04954910633,1578.19498056502,4.65791940018744,7.53030001986887,0.527179165781234,0.689400366949824,18.4888101456099,1.17913339306696,0.174395661944279,0.295228875915933,0.0865419047438079,6.37807130504931,18.4888101456099,1.17913339306696
2020-06-07,21895,1003,4530,20232.2857142857,981.142857142857,4249.14285714286,544.142857142855,6.57142857142856,88.7142857142853,NA,52143.0444409056,191447.611540473,2896.91293177928,1913.69264069264,88390.7873491056,25843.8626211879,324093.955847274,95003.7498392331,37.851683114163,11.0993657252057,4902.46803839569,1437.56581577015,4.58095455583467,7.42109414675786,0.523903114763049,0.687908300727442,18.7835419965019,1.06338999048775,0.177075095391412,0.299763301749544,0.0878715484093029,5.66174908166242,18.7835419965019,1.06338999048775
2020-06-08,22474,1011,4637,20780.2857142857,988.428571428571,4343.14285714286,548,7.28571428571433,94,NA,53136.7358849294,194319.277010471,2871.6654699978,1870.68831168831,90068.8585840469,26339.5634237003,328953.697411886,96428.7868393824,38.4551418624636,11.2763197942563,4859.74156461167,1425.0370001493,4.4985316365578,7.35766392309492,0.520277769428673,0.686097799903713,19.0830027287413,1.05086847746803,0.179731176775455,0.304258208707155,0.0891896038329632,5.50728385883239,19.0830027287413,1.05086847746803
2020-06-09,22992,1017,4736,21351,995.714285714286,4439.28571428571,570.714285714286,7.28571428571422,96.1428571428578,NA,54353.0324903911,197263.032490391,2943.75547992054,1720.17316017317,92124.3385537293,26945.2261860239,333935.437454828,97889.5978294181,39.0683181881264,11.4561233784732,4981.7400429424,1460.81099003574,4.42327766179541,7.32304394877021,0.515555290396106,0.683327535366794,19.3872857174161,1.07395930416681,0.18245393616755,0.3088659553707,0.0905407475914463,5.53996294822363,19.3872857174161,1.07395930416681
2020-06-10,23732,1027,4895,21920.1428571429,1003.28571428571,4545.28571428571,569.142857142859,7.57142857142867,106,NA,55729.8748645496,200152.597808273,2889.5653178815,1505.15151515152,94452.6981759316,27629.6946896343,338825.471069705,99323.517460848,39.6914056177128,11.6388332262466,4890.03361487639,1433.91963142992,4.3274903084443,7.2823235413059,0.513108503834544,0.683527457749542,19.6964869982635,1.04703540036557,0.185126573607038,0.313388880268295,0.0918670188020192,5.31629089580666,19.6964869982635,1.04703540036557
2020-06-11,24175,1036,5165,22462,1010.71428571429,4676.28571428571,541.857142857141,7.42857142857133,131,NA,57075.646273005,202860.434151793,2707.83634352029,1354.63636363635,96729.0695704605,28298.3127247646,343407.963343354,100667.25579673,40.3246025202802,11.8245075059468,4582.49227364972,1343.73833588224,4.28541882109617,7.20138429436613,0.510695939467821,0.682951063112808,20.0107050100639,0.972211199136276,0.187631124982607,0.317627351826951,0.0931098788831289,4.85885954364986,20.0107050100639,0.972211199136276
2020-06-12,24787,1052,5454,23056.4285714286,1020,4836.85714285714,594.428571428572,9.28571428571433,160.571428571428,NA,59022.6558410356,205784.326836707,2923.89268491374,967.597402597399,100025.986861413,29263.0586113706,348356.089425516,102118.210061424,40.9681122205407,12.0132058391059,4948.12608216167,1450.95426469404,4.24416024528987,7.12340247223968,0.511214831649827,0.686727376872468,20.3300406507946,1.04138852461669,0.190335512736151,0.322204008025256,0.0944519058886471,5.12283763013061,20.3300406507946,1.04138852461669
2020-06-13,25392,1074,5706,23635.2857142857,1031.42857142857,5017.57142857143,578.857142857141,11.4285714285713,180.714285714285,NA,60867.6904058884,208586.885211083,2802.55837437659,946.095238095237,103151.913487648,30176.0489110075,353098.880520615,103508.953314874,41.6221427945927,12.2049892405197,4742.79109509889,1390.74325345005,4.2296786389414,7.0313489087775,0.514893349557019,0.693895154293215,20.6545971762641,0.980656634549067,0.192927675090592,0.326590744317386,0.09573824209461,4.74827561457868,20.6545971762641,0.980656634549067
2020-06-14,25930,1088,5954,24211.7142857143,1043.57142857143,5221,576.428571428572,12.1428571428573,203.428571428572,NA,62613.3760442803,211333.813273718,2746.92806263434,989.099567099562,106110.007864707,31039.5223427337,357747.528011227,104872.090548964,42.2869067774911,12.3999200324974,4648.64749061194,1363.1372340892,4.19591207096028,6.9344901891915,0.514825329248582,0.695505506130358,20.9844800549956,0.946941879290112,0.195468383458852,0.330890404632904,0.0969990447435211,4.51294938959701,20.9844800549956,0.946941879290112
2020-06-15,26420,1098,6252,24775.4285714286,1056,5451.71428571429,563.714285714286,12.4285714285713,230.714285714285,NA,64148.4255150736,213977.90170555,2644.08843183224,1096.6103896104,108711.344331763,31798.6854528373,362222.139203558,106184.194582805,42.9626211927611,12.5980618535164,4474.61119233147,1312.10403384158,4.1559424678274,6.77444187836797,0.51313710025577,0.693392017834625,21.3197969828739,0.900236957728214,0.197913972659588,0.335029094049533,0.0982126453995253,4.22288111403278,21.3197969828739,0.900236957728214
2020-06-16,26781,1103,6552,25316.7142857143,1068.28571428571,5711.14285714286,541.285714285714,12.2857142857142,259.428571428572,NA,65538.46425472,216476.836549092,2498.93484354258,1096.61038961037,111067.179121934,32485.9603161206,366451.105861861,107424.267512683,43.6495065123993,12.79947935326,4228.96665830282,1240.07292987827,4.11859153877749,6.42230199762964,0.50952333634544,0.685028688166215,21.6606573670553,0.84373420244982,0.200225305364324,0.338940580165241,0.0993596225311991,3.89555133033683,21.6606573670553,0.84373420244982
2020-06-17,27238,1108,6820,25817.5714285714,1079.85714285714,5986.14285714286,500.857142857141,11.5714285714287,275,NA,66663.1595019677,218752.717943526,2275.88139443382,1139.61471861473,112973.278771123,33042.0647245292,370302.597452441,108553.652264808,44.3477868737583,13.0042382562148,3851.49159058032,1129.38475212506,4.0678463910713,6.26949107557561,0.506507992410885,0.675649320558865,22.0071724335944,0.76415741118889,0.202330329876128,0.342502929339063,0.100404221161117,3.47258883819498,22.0071724335944,0.76415741118889
2020-06-18,27799,1116,7090,26335.2857142857,1091.28571428571,6261.14285714286,517.714285714286,11.4285714285713,275,NA,67849.033991964,221068.133559064,2315.41561553735,1118.11255411254,114982.912523424,33628.5287571589,374220.993109505,109702.655502594,45.0576872796381,13.2124045406457,3918.39565706323,1149.00323778545,4.01453289686679,6.03386992306599,0.504821740715441,0.666538933389999,22.3594538380159,0.776550165425362,0.20447192066273,0.346127159901005,0.101466965461235,3.47330614515654,22.3594538380159,0.776550165425362
2020-06-19,28459,1130,7378,26859.8571428571,1102.42857142857,6536,524.571428571428,11.1428571428571,274.857142857143,NA,68749.3460107622,223377.229127645,2309.09556858178,1397.64069264071,116507.803192599,34074.3645817397,378128.693302489,110848.522476477,45.7794351812022,13.4240449027585,3907.70019298454,1145.86697388269,3.97062440704171,5.91495102172213,0.505870721206896,0.660649282132254,22.7176144508221,0.773083301099164,0.206607665866258,0.349741497937745,0.102526808945693,3.40328436931801,22.7176144508221,0.773083301099164
2020-06-20,29400,1150,7650,27432.4285714286,1113.28571428571,6813.71428571429,572.571428571431,10.8571428571429,277.714285714285,NA,69498.9379231394,225857.851343053,2480.62221540749,1720.17316017314,117775.947747611,34446.6303857336,382326.669359333,112079.507936754,46.5132568212795,13.6392256844353,4197.97605684341,1230.9854602774,3.91156462585034,5.86032381052647,0.509169813296983,0.658624375822776,23.0817665428906,0.832772467608071,0.208902060723885,0.353624320004497,0.103665380829928,3.60821209123818,23.0817665428906,0.832772467608071
2020-06-21,30052,1169,7893,28021.2857142857,1124.85714285714,7090.71428571429,588.857142857141,11.5714285714287,277,NA,70170.583747582,228368.752578751,2510.90123569805,1827.68398268402,118912.183538426,34780.2161761659,386575.886835129,113325.519076273,47.2593802880686,13.8580137686818,4249.2174757967,1246.01113951934,3.88992413150539,5.69605602013947,0.511891397925327,0.65521935304744,23.4520233008461,0.84722128470024,0.211224461469718,0.357554536651292,0.104817850372973,3.61286274399606,23.4520233008461,0.84722128470024
2020-06-22,30682,1177,8143,28630.1428571429,1136.14285714286,7360.85714285714,608.857142857145,11.2857142857142,270.142857142858,NA,70843.7735283727,230923.916385516,2555.16380676476,1870.68831168831,120050.63657405,35114.8560029385,390900.010200424,114593.495100683,48.0180327653003,14.0804757732836,4324.12336529425,1267.97602440958,3.83612541555309,5.57424618360738,0.509691684786369,0.645863186324434,23.8284974624799,0.867611260204741,0.213587801869647,0.361554035789634,0.105990635834592,3.64136033976318,23.8284974624799,0.867611260204741
2020-06-23,31825,1186,8442,29350.7142857143,1148,7630.85714285714,720.571428571428,11.8571428571429,270,NA,71958.9080810007,233900.094228187,2976.17784267123,1849.18614718612,121937.490652124,35668.4469409773,395936.618857252,116070.395383512,48.7894434681142,14.3066789117027,5036.60865682818,1476.90028282932,3.72663000785546,5.56579074953942,0.507054092437846,0.639800109261148,24.2113027736507,1.01704461060012,0.216340549585601,0.366212531924325,0.107356661016945,4.20104364073616,24.2113027736507,1.01704461060012
2020-06-24,32295,1204,8656,30073.1428571429,1161.71428571429,7893.14285714286,722.428571428572,13.7142857142858,262.285714285714,NA,73140.153961735,236836.729719311,2936.63549112395,1741.67532467534,123938.005659081,36253.5496229314,400906.309688385,117527.673146025,49.573841721359,14.5366904295714,4969.69083113282,1457.27776251263,3.72813128967332,5.44383451599947,0.508367093831659,0.638555045875862,24.6005530346594,1.00386411116008,0.219056723506688,0.370809133944626,0.108704536797334,4.08098951115033,24.6005530346594,1.00386411116008
2020-06-25,33069,1212,8910,30826,1175.42857142857,8153.14285714286,752.857142857141,13.7142857142856,260,NA,74418.1332126351,239848.596416098,3011.86669678753,1720.17316017314,126102.322193571,36886.5833650537,406003.314867563,119022.283687288,50.3714594586596,14.7705783375017,5097.0051791789,1494.61054126301,3.66506395718044,5.36847943105079,0.50531877947594,0.633071361009787,24.9963633403875,1.02925091676724,0.221842480813078,0.375523492463132,0.110086942678701,4.11793868845732,24.9963633403875,1.02925091676724
2020-06-26,34073,1224,9182,31628,1188.85714285714,8410.85714285714,802,13.4285714285716,257.714285714286,NA,75885.1591260838,243006.219732144,3157.62331604608,1677.16883116885,128586.563849297,37613.4297367114,411346.985094718,120589.224580965,51.1825304474646,15.008411183843,5343.67022715491,1566.94089367699,3.59228714818184,5.28992232293825,0.503690811432384,0.629891186726702,25.3988496957343,1.07760642592679,0.224763052375188,0.380465998183627,0.111536248867417,4.24308321067904,25.3988496957343,1.07760642592679
2020-06-27,34803,1236,9430,32399.8571428571,1201.14285714286,8665.14285714286,771.857142857141,12.2857142857142,254.285714285714,NA,77229.4608740564,245996.971696567,2990.75196442287,1634.16450216449,130862.525049163,38279.8071884443,416408.257649896,122073.357134739,52.007291457526,15.2502583973197,5061.27255517722,1484.13255377376,3.55141798120852,5.22417735361368,0.502445209579483,0.626574571218866,25.808129595464,1.01705570549306,0.227529280092165,0.385147306627741,0.112908963373586,3.94115529158174,25.808129595464,1.01705570549306
2020-06-28,35455,1244,9686,33171.7142857143,1211.85714285714,8921.28571428571,771.857142857141,10.7142857142858,256.142857142857,NA,78420.3586446419,248940.259077542,2943.28738097509,1741.67532467534,132877.297100483,38871.2108082193,421389.205525392,123533.935835072,52.8459810266231,15.4961899251,4980.94787549629,1460.5787003335,3.50867296573121,5.10642652476463,0.499718287676605,0.621525782638922,26.2243214117077,0.999352384431308,0.230251606526832,0.389754320594101,0.114259892281015,3.81109404062126,26.2243214117077,0.999352384431308
2020-06-29,36438,1255,9956,33994,1223,9180.28571428571,822.285714285717,11.1428571428571,259,NA,79796.3289413203,252026.043227035,3085.78414949225,1698.67099567098,135205.76331684,39554.0951015226,426611.301778379,125065.227217527,53.6988403191773,15.7462764845708,5222.09625298681,1531.29138245479,3.4442065975081,5.05894519131334,0.497964410316694,0.618651934393934,26.6475448200429,1.04847640630073,0.233105732092735,0.394584379244089,0.115676225268606,3.93492736175223,26.6475448200429,1.04847640630073
2020-06-30,37514,1266,10233,34806.7142857143,1234.42857142857,9436.14285714286,812.714285714283,11.4285714285713,255.857142857143,NA,81001.6118640045,255027.434374827,3001.39114779248,1784.67965367966,137245.176175009,40152.4213209427,431690.579105412,126554.639366056,54.5661109664754,16.0005889300191,5079.27732703346,1489.41214852862,3.37474009703044,4.98014512215505,0.496417180803887,0.615207202346655,27.0779197277246,1.01840330619165,0.235881800279357,0.399282340790681,0.117053823015351,3.76131482188813,27.0779197277246,1.01840330619165
2020-07-01,38511,1270,10438,35694.7142857143,1243.85714285714,9690.71428571429,888,9.42857142857156,254.571428571429,NA,82155.2395276235,258254.698402082,3227.26402725535,2064.2077922078,139194.502111243,40727.0571754991,437152.102843844,128156.138808152,55.4480367996542,16.2591987608009,5461.52373843215,1601.49944209664,3.29775908182078,4.89861823746512,0.491762592455417,0.608858988768542,27.515567133663,1.09618573913948,0.238866784426619,0.404333852424509,0.118535093344067,3.98419729310286,27.515567133663,1.09618573913948
2020-07-02,38805,1274,10673,36514.1428571429,1252.71428571429,9942.57142857143,819.428571428572,8.85714285714289,251.857142857143,NA,83012.8281845746,261185.351994098,2930.65359201599,2064.20779220777,140642.443354875,41155.0743178314,442111.670461102,129610.448109453,56.3448621758406,16.5221776305097,4959.56761725788,1454.30930130115,3.28308207705193,4.83113878023249,0.48777620577619,0.602837747667917,27.9606082977856,0.99733406655764,0.24157742552676,0.408921091209363,0.119880223514062,3.56721446966338,27.9606082977856,0.99733406655764
2020-07-03,40336,1280,11073,37408.8571428571,1260.71428571429,10212.7142857143,894.71428571429,8,270.142857142857,NA,84132.5673833991,264334.294656126,3148.94266202798,2021.20346320348,142533.628372666,41713.469065261,447440.650350688,131173.081310159,57.256833229338,16.789597713866,5328.97988958587,1562.63320070563,3.17334391114637,4.77181788688223,0.484235313342583,0.598192612320023,28.4131653619271,1.07771489296237,0.244489968116213,0.413850009437668,0.121325545400557,3.79332053959959,28.4131653619271,1.07771489296237
2020-07-04,41830,1290,11453,38412.7142857143,1268.42857142857,10501.7142857143,1003.85714285714,7.71428571428555,289,NA,85752.4259450496,267811.053650677,3476.75899455091,1849.18614718615,145271.762641833,42519.6115523528,453324.396341466,132898.390284898,58.1841952690638,17.0615309435601,5883.74599077844,1725.30897473954,3.08391106861104,4.73630025551164,0.481682881425286,0.595906712498293,28.8733600583324,1.19308802953197,0.247705716934698,0.41929204589972,0.122921330528527,4.13247699753061,28.8733600583324,1.19308802953197
2020-07-05,44254,1297,11942,39669.7142857143,1276,10824,1257,7.57142857142867,322.285714285714,NA,88416.2537316249,272095.115203486,4284.06155280909,1612.66233766233,149777.603071861,43843.0942992892,460574.346661605,135024.315566744,59.1271956138104,17.3380498416437,7249.95032013836,2125.92528184509,2.93080851448457,4.68463176444673,0.476671548855274,0.592906918914186,29.3413151166277,1.46572920609301,0.251668161814643,0.425997721850397,0.124887656559177,4.99584881196752,29.3413151166277,1.46572920609301
2020-07-06,46333,1303,12185,41083.2857142857,1282.85714285714,11142.4285714286,1413.57142857143,6.85714285714289,318.428571428571,NA,91473.0269946349,276835.914440522,4740.79923703597,1677.16883116885,154947.636945527,45362.1482708366,468597.237678127,137376.892631739,60.0860838781607,17.6192276033704,8022.89101652242,2352.5770649953,2.81225044784495,4.61476003761697,0.470675924629695,0.589411046731379,29.8171544057038,1.59864118400084,0.256053055783155,0.433418311643262,0.127063618979641,5.36190919310605,29.8171544057038,1.59864118400084
2020-07-07,47873,1309,12386,42563.1428571429,1289,11450,1479.85714285714,6.14285714285711,307.571428571429,NA,94630.5661701819,281719.769633385,4883.85519286303,1720.17316017314,160287.505440408,46931.710138831,476862.223389126,139800.459870302,61.0611135234778,17.9051385519973,8264.98571099894,2423.56723856361,2.73431788273139,4.52932288555466,0.464646127498777,0.586004224831705,30.30100370338,1.6176800614959,0.260570266090431,0.441062821394037,0.129305242139643,5.33912056190016,30.30100370338,1.6176800614959
2020-07-08,50359,1314,12588,44255.7142857143,1295.28571428571,11757.1428571429,1692.57142857143,6.28571428571422,307.142857142857,NA,98701.7500151987,287216.382049831,5496.61241644534,1419.14285714287,167175.025353953,48953.5801027383,486164.182863111,142528.102122072,62.0525447379757,18.1958589833162,9301.95947398443,2727.64225176987,2.60926547389742,4.40573372206025,0.457494795603973,0.581781856236727,30.792992125612,1.78847139216487,0.265654232195518,0.449666456341108,0.131828112537656,5.80849575237701,30.792992125612,1.78847139216487
2020-07-09,51754,1314,12813,46105.5714285714,1301,12062.8571428571,1849.85714285714,5.71428571428578,305.714285714286,NA,103274.262679865,293127.743199345,5911.36114951468,1333.13419913419,174910.947885366,51224.2297816596,496168.024808443,145461.559534613,63.0606442400922,18.491467107997,10003.8419453324,2933.45741254109,2.53893418866175,4.32916278450686,0.448268726002641,0.575385198352336,31.2932520289179,1.87404719864288,0.271121810667878,0.458919281448178,0.134541346967549,5.98911483190968,31.2932520289179,1.87404719864288
2020-07-10,52914,1360,13230,47902.4285714286,1312.42857142857,12371,1796.85714285714,11.4285714285713,308.142857142857,NA,107708.865569109,298777.895872139,5650.15267279372,1204.12121212122,182418.034093537,53423.1326117678,505729.821639325,148265.394695549,64.0856911951195,18.7920447865388,9561.79683088174,2803.83516093524,2.57020826246362,4.27751962528053,0.455187622240304,0.588938565258676,31.8019219464503,1.73976046694442,0.276347790326023,0.467763247023501,0.137134690256553,5.47101719845569,31.8019219464503,1.73976046694442
2020-07-11,54222,1372,14037,49672.7142857143,1324.14285714286,12740.1428571429,1770.28571428571,11.7142857142858,369.142857142857,NA,112013.54870254,304255.410174402,5477.5143022624,1161.11688311686,189705.651703959,55557.2761215908,514999.461227769,150983.559687649,65.1279712390805,19.0976757768732,9269.63958844403,2718.16499210012,2.53033823909114,4.16070025810796,0.450936928028185,0.586575223292348,32.3191436224008,1.64346583698651,0.281414092066622,0.476336988430668,0.139648794879708,5.08548137919797,32.3191436224008,1.64346583698651
2020-07-12,56259,1534,16046,51387.7142857143,1358,13326.4285714286,1715,33.8571428571429,586.285714285714,NA,116061.561907539,309476.895240873,5221.48506647098,1139.61471861473,196574.33339154,57552.8229537171,523835.820571027,153574.672577777,66.1877761688327,19.4084456434923,8836.35934325861,2591.11289012848,2.72667484313621,4.20498529184084,0.495675129093581,0.647703589649306,32.8450618582177,1.53095712937614,0.286243585413603,0.484509977171713,0.142045385563172,4.66147633652515,32.8450618582177,1.53095712937614
2020-07-13,57006,1599,20371,52912.4285714286,1400.28571428571,14495.8571428571,1524.71428571429,42.2857142857142,1169.42857142857,NA,119554.943949426,314044.666893149,4567.77165227616,1032.10389610392,202510.738165722,59268.5334836329,531565.895674879,155841.386330035,67.2654094146599,19.7244433621935,7730.07510385191,2266.71375225735,2.80496789811599,4.23443622209838,0.509163239681458,0.66667056797197,33.3798272283275,1.31362115454824,0.290468441469757,0.491659733574435,0.144141930673745,3.93564551191814,33.3798272283275,1.31362115454824
2020-07-14,57545,1603,20459,54294.1428571429,1442.28571428571,15649.1428571429,1381.71428571428,42,1153.28571428571,NA,122661.369528661,318117.685545977,4073.01865282829,924.593073593074,207792.590244867,60792.0046088817,538458.696471973,157862.58355625,68.3611805811441,20.0457597192829,6892.80079709401,2021.19722621553,2.78564601616127,4.23292846032258,0.503901566254895,0.659653897652052,33.9235933710941,1.15563659577925,0.294235687039849,0.498035072231514,0.14601139088146,3.4068174165606,33.9235933710941,1.15563659577925
2020-07-15,58850,1614,20976,55507.1428571429,1485.14285714286,16847.4285714286,1213,42.8571428571429,1198.28571428572,NA,125190.754181092,321636.02257936,3518.33703338337,946.095238095208,212098.4060303,62028.7647693792,544412.805297699,159608.525241989,69.4754017220518,20.3724862192483,5954.10882572562,1745.94168573909,2.74256584536958,4.26728401902956,0.501809463708861,0.65610563775185,34.4765151402663,0.988835396323083,0.297489892515658,0.503542189190575,0.147626259764192,2.86833340187131,34.4765151402663,0.988835396323083
2020-07-16,61266,1643,21440,56866,1532.14285714286,18079.8571428571,1358.85714285714,47,1232.42857142857,NA,128161.823071237,325514.178049592,3878.15547023172,860.086580086587,217154.951185051,63482.3317159388,550975.837631937,161533.023445262,70.6083871913322,20.7047150410673,6563.03233423829,1924.4982032729,2.68174844122352,4.32137316920845,0.504739919423629,0.65999770631243,35.038748531037,1.08535769612869,0.301076903835926,0.50961251604026,0.149406280419362,3.09779703429365,35.038748531037,1.08535769612869
2020-07-17,63001,1660,21748,58307,1575,19296.7142857143,1441,42.8571428571429,1216.85714285714,NA,130445.358002099,329560.743283484,4046.56523389183,1720.17316017314,221041.153155959,64599.682025346,557823.871104677,163541.093410953,71.7604478240559,21.042537331866,6848.03347274009,2008.06996569069,2.63487881144744,4.32241067017948,0.503700769533733,0.658662088546385,35.6104477923886,1.12428664004701,0.304819681920402,0.51594644818322,0.151263598867298,3.15738738488653,35.6104477923886,1.12428664004701
2020-07-18,65304,1773,22067,59890.1428571429,1632.28571428571,20443.8571428571,1583.14285714286,57.2857142857142,1147.14285714286,NA,132999.212408463,333935.060893311,4374.31760982733,1763.17748917753,225394.610063433,65844.0512366674,565226.562444385,165711.807412822,72.9318950253054,21.3860444059166,7402.69133970793,2170.7140018692,2.71499448732084,4.35113748010267,0.530941553503558,0.69521932193151,36.1917674561666,1.21356616187494,0.308865607078726,0.522793398451151,0.153271351201504,3.35337161614977,36.1917674561666,1.21356616187494
2020-07-19,67456,1831,22465,61489.7142857143,1674.71428571429,21360.8571428571,1599.57142857143,42.4285714285716,917,NA,132209.457715345,338283.747758635,4348.68686532392,5096.01298701297,224064.036187168,65447.8249550129,572585.87867801,167869.802398622,74.1230373145925,21.7353267313467,7359.31623362494,2157.99498579983,2.7143619544592,4.34866475997581,0.541261592415139,0.708990005343204,36.782860622279,1.20261558067234,0.312887825665359,0.529600229905454,0.155267339372314,3.26970873479189,36.782860622279,1.20261558067234
2020-07-20,68898,1835,23072,63188.5714285714,1708.42857142857,21746.7142857143,1698.85714285714,33.7142857142856,385.857142857145,NA,130355.460122775,342828.10514442,4544.35738578485,6364.64069264068,220920.567733808,64532.1140121907,580276.329638569,170124.897041192,75.3341837982062,22.0904749483462,7690.45096055919,2255.09464256992,2.66335742692096,4.40259907596591,0.535253665748025,0.702566199057542,37.3838806818166,1.28489067523913,0.317091025230533,0.536713336861902,0.157353137652776,3.43724077256948,37.3838806818166,1.28489067523913
2020-07-21,70764,1837,23281,65077,1741.85714285714,22149.8571428571,1888.42857142857,33.4285714285716,403.142857142855,NA,128970.600656284,347798.310612994,4970.20546857367,6321.63636363638,218571.025339965,63849.2084552424,588687.446585386,172591.314792514,76.5656414212955,22.4515790633874,8411.11694681691,2466.4177513223,2.59595274433328,4.31836856122854,0.528179678838086,0.694953336414316,37.9949799534248,1.44858012733295,0.32168810325298,0.544493007361427,0.159634394415795,3.81280957766747,37.9949799534248,1.44858012733295
2020-07-22,72269,1843,23623,66994,1774.57142857143,22528,1917,32.7142857142858,378.142857142859,NA,127451.460515067,352762.534108141,4964.22349514737,6450.64935064936,215993.150815269,63100.45899741,597088.440192559,175054.764045745,77.8177182860859,22.8187294222357,8400.99360717239,2463.44925323103,2.55019441254203,4.24234145008709,0.52244777202871,0.688171744547908,38.6163113299374,1.48628468575232,0.326279648385741,0.552263314509178,0.161912905534308,3.84911248756404,38.6163113299374,1.48628468575232
2020-07-23,74390,1871,24383,68868.8571428571,1807.14285714286,22948.4285714286,1874.85714285714,32.5714285714284,420.428571428572,NA,125121.623062911,357539.480205768,4776.94609762711,7074.2121212121,212040.35996217,61951.5675872099,605172.502819312,177425.278650583,79.0907231295319,23.19201655678,8084.0626267537,2370.51460483749,2.51512300040328,4.08356952398169,0.523298853296765,0.68762719191073,39.2480280191662,1.47093463415252,0.330697975567317,0.55974048358569,0.164105458872534,3.74805128032438,39.2480280191662,1.47093463415252
2020-07-24,76444,1879,24502,70789.2857142857,1838.42857142857,23341.8571428571,1920.42857142857,31.2857142857142,393.428571428569,NA,123453.964485922,362353.756693714,4814.27648794587,6450.64935064936,209210.157535177,61129.8369077588,613319.739952759,179814.318110766,80.3849665706621,23.5715315507956,8147.23713344685,2389.03946018367,2.45800847679347,3.96785999488177,0.518554027739323,0.678741413951801,39.8902841628849,1.53474068254248,0.335150830640745,0.567276084479183,0.166315146352581,3.84767745981465,39.8902841628849,1.53474068254248
2020-07-25,78412,1897,25752,72661.8571428571,1856.14285714286,23868.2857142857,1872.57142857143,17.7142857142858,526.428571428572,NA,119432.584833741,366972.459292615,4618.702598901,8622.36796536797,202377.350211705,59154.1995293401,621136.005889361,182106.305866612,81.7007605645166,23.9573658798207,7816.26593660156,2291.98775584559,2.4192725603224,3.87722277096246,0.516932525033814,0.673364174075767,40.5432345658504,1.51670782673333,0.339422794112653,0.574505561123951,0.168435068075482,3.74123473323345,40.5432345658504,1.51670782673333
2020-07-26,80448,1932,26110,74517.8571428571,1870.57142857143,24389,1856,14.4285714285716,520.714285714286,NA,117536.098696461,371476.544583907,4504.08529129223,6386.14285714287,199148.527517848,58227.1913709911,628758.304074625,184341.415860787,83.0384189072083,24.3496115592566,7622.29818526388,2235.10999417515,2.40155131264916,3.71447294142344,0.520086672541881,0.672663580751047,41.2070349464342,1.55389779731309,0.343588744923891,0.581555631727585,0.170502382011886,3.77123654952479,41.2070349464342,1.55389779731309
2020-07-27,82040,1945,26446,76395.2857142857,1886.28571428571,24871,1877.42857142857,15.7142857142856,482,NA,116928.552724811,375959.223720482,4482.67913657456,5074.51082251081,198107.911258132,57934.770061751,636344.376459597,186565.903251869,84.3982563783056,24.7483608928866,7586.07238497224,2224.4873910821,2.37079473427596,3.64471483225589,0.517343338661128,0.663533235978035,41.8818415110389,1.59719795130481,0.347734896601266,0.588572196104681,0.172559870814193,3.81387436395277,41.8818415110389,1.59719795130481
2020-07-28,83673,1947,26617,78239.4285714286,1902,25347.5714285714,1844.14285714286,15.7142857142858,476.571428571428,NA,116213.579255039,380291.471029931,4332.24730944925,5031.50649350652,196885.692419178,57588.8949349685,643675.871906357,188715.740262573,85.7805893172747,25.1537066419076,7331.49544676021,2149.8370107041,2.32691549245276,3.59451184941603,0.511975720814091,0.651654632721964,42.5678112401514,1.57703100033897,0.351741909796193,0.595353295357634,0.174548313452277,3.70503799841354,42.5678112401514,1.57703100033897
2020-07-29,85486,1962,26996,80127.5714285714,1919,25829.4285714286,1888.14285714287,17,481.857142857145,NA,115636.707994316,384655.595440204,4364.12441027252,4923.99567099568,195898.569626305,57310.5442126762,651061.313216049,190881.395984964,87.1857349079643,25.5657418151173,7385.44130969199,2165.65572239089,2.29511265002457,3.53915384899118,0.510066673475702,0.644852953929518,43.2651015332755,1.62459029081559,0.355778406987414,0.602184290604315,0.176551387246416,3.75526202552898,43.2651015332755,1.62459029081559
2020-07-30,89374,1983,65064,82268.1428571429,1935,31641,2140.57142857142,16,5811.57142857143,NA,115586.040321192,389523.421273573,4867.8258333698,4902.49350649345,195801.351805855,57293.7488689779,659299.172318675,193297.008804531,88.6140117833589,25.9845598462481,8237.85910262598,2415.61281956697,2.21876608409605,3.43944968804991,0.509083637003507,0.640758657752653,43.9738705090353,1.85097082228364,0.360280791304757,0.609803710218282,0.178785653148256,4.20958527599132,43.9738705090353,1.85097082228364
2020-07-31,93354,2023,65178,84683.8571428571,1955.57142857143,37451.8571428571,2415.71428571429,20.5714285714287,5810.85714285714,NA,116261.469404227,394928.395811153,5404.97453757981,4708.97402597405,196936.968056264,57634.3216255428,668446.052305348,195979.176620172,90.0657397955137,26.410254526504,9146.87998667336,2682.16781564109,2.16702015982175,3.43046596598854,0.512244756633645,0.64417588109793,44.6942768910068,2.08980417404882,0.365279999046912,0.618263907935774,0.181266463005265,4.67614819450547,44.6942768910068,2.08980417404882
2020-08-01,98232,2039,65265,87515.2857142857,1975.85714285714,43096.5714285714,2831.42857142857,20.2857142857142,5644.71428571428,NA,119807.906509697,401161.387029177,6232.99121802428,2666.26839826838,202940.411069917,59392.9123266461,678994.191289697,199072.239931372,91.5412420164797,26.8429205912986,10548.1389843489,3093.06331120004,2.07569834677091,3.43358613755694,0.508274242219553,0.640957762691036,45.4264810006591,2.43520359706666,0.371045061904706,0.628020168156657,0.184127321265524,5.36118393304745,45.4264810006591,2.43520359706666
2020-08-02,103185,2059,65557,90763.4285714286,1994,48731.8571428571,3248.14285714286,18.1428571428571,5635.28571428572,NA,124653.126919699,408196.468911041,7035.081881864,2171.71861471864,211142.586269262,61795.4363109868,690899.71447439,202563.333196057,93.0408502689059,27.28265534201,11905.523184693,3491.09326468437,1.99544507438097,3.38827527612574,0.504413966512954,0.640164613244452,46.1706475018631,2.71091565491125,0.377552000201266,0.639031909889296,0.187356328239756,5.87196795838728,46.1706475018631,2.71091565491125
2020-08-03,106330,2104,65821,94233.4285714286,2016.71428571429,54356.8571428571,3470,22.7142857142858,5625,NA,129659.646992719,415590.941365013,7394.47245397203,2365.23809523811,219620.004854372,64276.3485276732,703413.437088804,206232.770654419,94.5649037318363,27.729558237155,12513.7226144142,3669.43745836205,1.97874541521678,3.29173487042452,0.506267050260861,0.646362014891854,46.9269447090316,2.78351680398628,0.384391348598566,0.650606191792419,0.190750290602326,5.93203928108077,46.9269447090316,2.78351680398628
2020-08-04,112593,2115,66049,98364.8571428571,2040.71428571429,59990,4131.42857142858,24,5633.14285714286,NA,135932.492947432,424253.025414965,8662.08404995117,2365.23809523811,230241.326579931,67385.0153709358,718072.348557953,210531.248453643,96.1137585071288,28.1837336975791,14658.9114691481,4298.47779922388,1.87844715035571,3.2391776094257,0.49852325694821,0.641763329857739,47.6955493343647,3.1861345959484,0.392403145387732,0.664164617127931,0.194726069460108,6.68063214026611,47.6955493343647,3.1861345959484
2020-08-05,115980,2123,66270,102721.142857143,2063.71428571429,65600.5714285714,4356.28571428571,23,5610.57142857143,NA,142337.095328044,433239.385371334,8986.35995636944,2558.75757575757,241084.038300966,70560.216552292,733280.034637962,214990.645123721,97.6877823745927,28.6452895684896,15207.6860800099,4459.39667007807,1.83048801517503,3.16016520536917,0.490029316743757,0.635752350867487,48.4766438851362,3.20452113085803,0.400714873769673,0.678230619005062,0.198850686551898,6.61089910257487,48.4766438851362,3.20452113085803
2020-08-06,119460,2150,66837,107019.142857143,2087.57142857143,65853.8571428571,4298,23.8571428571427,253.28571428571,NA,148628.282018679,441962.671629069,8723.28625773458,2408.24242424243,251736.101491711,73690.7660320521,748042.519074129,219332.059265135,99,29.1143406015755,14762.4844361661,4341.41414141416,1.79976561192031,3.09471570886419,0.486466423074856,0.635561127084953,49.2704225565124,3.01939317270589,0.408783278142993,0.691884841790681,0.202866178398669,6.12861056187077,49.2704225565124,3.01939317270589
2020-08-07,122754,2168,66852,111219.142857143,2108.28571428571,66093,4200,20.7142857142858,239.142857142855,NA,153898.325400613,450349.740985029,8387.06935596047,3096.31168831169,260654.735346853,76386.3234645945,762236.021061139,223574.483507559,99,29.5910058267782,14193.50198701,4242.42424242425,1.76613389380387,3.06001003553908,0.481403629822909,0.632386892284315,50.0770867837785,2.82566306076603,0.416540706372633,0.705012797256224,0.206790111799422,5.6429834497491,50.0770867837785,2.82566306076603
2020-08-08,126885,2209,67117,115312.428571429,2132.57142857143,66357.5714285714,4093.28571428571,24.2857142857142,264.571428571435,NA,158863.048685304,458392.057343313,8042.31635828386,3053.30735930736,269059.343982483,78991.7138236089,775846.094898234,227709.115542191,99,30.0754115170853,13610.0738370958,4134.63203463203,1.74094652638216,3.01363889629109,0.481901892629341,0.635138220225004,50.8968502596829,2.65957134632343,0.423979263191661,0.717601124180734,0.210614345259687,5.22573350772263,50.8968502596829,2.65957134632343
2020-08-09,129913,2270,67673,119130.714285714,2162.71428571429,66659.8571428571,3818.28571428572,30.1428571428573,302.28571428571,NA,163483.322862034,465773.249268961,7381.19192564767,2730.77489177487,276886.577204642,81472.4434832558,788337.342772407,231565.969799045,99,30.5676882946218,12491.2478741729,3856.85425685428,1.74732320860884,2.99258919552545,0.487361608585896,0.64349237249331,51.7299340370523,2.40336569542486,0.430806328067631,0.729154618586222,0.214181654509189,4.64626103221099,51.7299340370523,2.40336569542486
2020-08-10,136638,2294,68159,123460.428571429,2189.85714285714,66993.8571428571,4329.71428571428,27.1428571428569,334,NA,168272.400138671,474008.313558585,8235.06428962422,3418.84415584418,284994.235453017,84133.6226541267,802273.605416387,235939.418572494,99,31.0679727866978,13936.2626439795,4373.44877344876,1.67888874251672,2.94375204040482,0.483957756516537,0.641607466308274,52.5765693313347,2.64826153384287,0.438423162683149,0.742044646397098,0.218226776057149,5.03725037236606,52.5765693313347,2.64826153384287
2020-08-11,139538,2312,68432,127309.714285714,2218,67334.2857142857,3849.28571428572,28.1428571428573,340.428571428565,NA,171835.303484414,481211.723397834,7203.40983924869,3612.36363636359,291026.632323833,86213.1359069558,814463.991298192,239827.585960661,99,31.5764057972184,12190.3858818056,3888.16738816741,1.65689632931531,2.9014703573858,0.480453797691166,0.638050512045404,53.4369944260619,2.28740527556416,0.44508579207907,0.75331986537481,0.221823047672227,4.28080293221731,53.4369944260619,2.28740527556416
2020-08-12,143749,2404,68997,131276.714285714,2258.14285714286,67723.8571428571,3967,40.1428571428573,389.571428571435,NA,175637.479991698,488515.891247109,7304.1678492754,3461.84848484851,297472.95300649,88473.7404486129,826824.890735428,243834.656667732,99,32.0931338382224,12360.8994372353,4007.0707070707,1.67235945989189,2.8798434641928,0.492102722362407,0.655090031724454,54.3114572646841,2.30848063876722,0.451841615294926,0.764752796970874,0.225529296196224,4.25067940124302,54.3114572646841,2.30848063876722
2020-08-13,147526,2426,70387,135286.142857143,2297.57142857143,68231,4009.42857142858,39.4285714285711,507.142857142855,NA,179270.619509427,495779.320808128,7263.42956101912,3590.86147186143,303632.12317935,90714.3267303346,839116.848454075,247884.58451766,99,32.6183075405965,12291.9577186477,4049.92784992789,1.64445589252064,2.85597084896011,0.489330615090113,0.653069496680436,55.2002127610094,2.28266569093809,0.458559758561573,0.776121962499046,0.229275184455597,4.13546673600786,55.2002127610094,2.28266569093809
2020-08-14,153660,2442,71405,139701.285714286,2336.71428571429,68881.4285714286,4415.14285714284,39.1428571428573,650.428571428565,NA,183983.298296779,503648.956305437,7869.63549730909,3117.81385281385,311620.18398432,93598.1733273466,852434.693141829,252344.3247774,99,33.1520824927677,13317.8446877538,4459.74025974024,1.58922295978134,2.8482621717629,0.484861522976939,0.649538525969396,56.10352421853,2.4627097895622,0.465838598162489,0.788439998746751,0.233400119342797,4.38980772133455,56.10352421853,2.4627097895622
2020-08-15,157918,2600,72209,144134.571428571,2392.57142857143,69608.8571428571,4433.28571428571,55.8571428571427,727.42857142858,NA,188046.812720805,511423.695837688,7774.7395322505,3655.36796536797,318518.757844758,96218.6747215247,865591.944657945,256822.391155467,99,33.6946185824251,13157.2515161162,4478.0663780664,1.64642409351689,2.85943067485501,0.508384734841299,0.683686119217584,57.0216622164118,2.40949271436444,0.473029665908067,0.800609498008498,0.237542004554551,4.22578549478402,57.0216622164118,2.40949271436444
2020-08-16,161253,2665,112586,148611.714285714,2449,76025,4477.14285714287,56.4285714285716,6416.14285714286,NA,191178.645322482,519148.913720751,7725.21788306284,4536.95670995675,323836.980049795,98448.3752933005,878665.390306206,261344.757677833,99,34.2460815426932,13073.4456482603,4522.36652236653,1.65268243071447,2.86479657487776,0.513340186132702,0.692827566163479,57.9549072260962,2.38075048174383,0.480174929735365,0.812701482947003,0.241724864172905,4.10813550694558,57.9549072260962,2.38075048174383
2020-08-17,164474,2681,112759,152588.285714286,2504.28571428571,82396.4285714286,3976.57142857142,55.2857142857142,6371.42857142857,NA,193788.936356125,525899.901724091,6750.98800334014,4085.41125541122,328273.879161675,100396.154926366,890090.139234935,265361.496494572,99,34.8066417334708,11424.7489287296,4016.73881673883,1.63004487031385,2.80202935337538,0.50979283152758,0.688276969645185,58.9035475489506,2.0799304527497,0.486419101888043,0.823268543513074,0.245440054994108,3.5312458627126,58.9035475489506,2.0799304527497
2020-08-18,169213,2687,112861,156827.571428571,2557.85714285714,88743.4285714286,4239.28571428571,53.5714285714284,6347,NA,196580.507144904,532980.970348367,7081.0686242762,4235.92640692642,333015.680276751,102536.828840589,902073.486137556,269643.603276679,99,35.3764749425588,11983.3469026213,4282.1067821068,1.58793946091612,2.73995452027459,0.504145579202147,0.680376500778351,59.8678806720226,2.18747722456128,0.492968574571602,0.834352266516019,0.249400691853542,3.65401077967802,59.8678806720226,2.18747722456128
2020-08-19,173774,2795,113481,161116.857142857,2613.71428571429,95098.2857142857,4289.28571428571,55.8571428571431,6354.85714285714,NA,197531.69835191,540030.126923339,7049.15657497209,6042.1082251083,334636.267594103,103835.466451933,914002.828033663,273976.215109291,99,35.955761446368,11929.3418961066,4332.61183261179,1.60841092453416,2.66075645992577,0.517563717402894,0.69672707552901,60.8482116784689,2.18184960642863,0.499488530934068,0.84538603882173,0.253408042205842,3.58588787736518,60.8482116784689,2.18184960642863
2020-08-20,178022,2883,114114,165473.428571429,2679,101345,4356.57142857145,65.2857142857142,6246.71428571429,NA,198576.170890076,547074.482578388,7044.35565504897,5934.59740259731,336421.737603746,105245.632266903,925924.045296054,278376.792309868,99,36.5446861061388,11921.2172623905,4400.57720057725,1.61946276302929,2.59630760284925,0.526984915547931,0.706277545146598,61.8448534103888,2.20540627341821,0.50600404679531,0.856412296433062,0.257478255572828,3.56618999068149,61.8448534103888,2.20540627341821
2020-08-21,182365,2940,114519,169574.142857143,2750.14285714286,107504.142857143,4100.71428571429,71.1428571428573,6159.14285714286,NA,199137.196535372,553598.244154419,6523.76157603122,5891.5930735931,337393.319465015,106412.695943411,936964.257193952,282518.927952004,99,37.1434382205538,11040.2118978988,4142.13564213563,1.61215145450059,2.58642232403165,0.531071048552662,0.707426391524208,62.8581262193988,2.06496760503565,0.512038051054184,0.866623688255773,0.261309429323461,3.285269096886,62.8581262193988,2.06496760503565
2020-08-22,187249,2966,114921,173764.285714286,2802.42857142857,113605.857142857,4190.14285714284,52.2857142857142,6101.71428571429,NA,197236.103420679,560156.783074359,6558.53891993954,8407.34632034629,334173.612435755,106448.949727221,948063.323058466,286751.395484471,99,37.7522118373937,11099.0658645132,4232.46753246756,1.58398709739438,2.48899005393636,0.52949461465439,0.699111101706095,63.8883584940508,2.10405726128112,0.518104221822948,0.876889515710605,0.265224153492764,3.29347757930025,63.8883584940508,2.10405726128112
2020-08-23,189601,2998,131367,177814,2850,116288.857142857,4049.71428571429,47.5714285714284,2683,NA,194931.658144416,566393.264205022,6236.48113066307,8493.354978355,330267.650100101,106305.677629227,958617.368048819,290842.015975092,99,38.3712054422357,10554.0449903529,4090.62049062049,1.5812152889489,2.45732022762545,0.529314204364336,0.691996180686662,64.9358861330143,2.05314260498634,0.523872512595724,0.886651238556841,0.269007679480674,3.16193689821658,64.9358861330143,2.05314260498634
2020-08-24,194252,3010,132042,182068,2897,119043.571428571,4254,47,2754.71428571429,NA,193008.672305688,572838.616028632,6445.35182361049,8321.3376623377,327007.630109288,106454.112417496,969524.886519544,295138.985672061,99,39.0006215567482,10907.5184707254,4296.96969696973,1.5495335955357,2.42507952452704,0.525453402717102,0.681052992304798,66.0010518652662,2.1822085345806,0.529833993545074,0.896739898624972,0.272982063453723,3.30646744862521,66.0010518652662,2.1822085345806
2020-08-25,197164,3038,132396,186061,2947.14285714286,121834.285714286,3993,50.1428571428573,2790.71428571428,NA,190847.438479741,578790.836748139,5952.22071950673,8063.31168831163,323347.783854387,106462.947362,979597.875429478,299172.319005395,99,39.6406670919887,10072.9889099343,4033.33333333331,1.54084924225518,2.40085280898615,0.524887369860347,0.674586820757379,67.0842058479808,2.06872938621533,0.535339364143415,0.906056679637548,0.27671260299401,3.08391361300054,67.0842058479808,2.06872938621533
2020-08-26,202361,3137,133460,190144.857142857,2996,124688.428571429,4083.85714285713,48.8571428571427,2854.14285714286,NA,188380.550694005,584780.152425607,5989.3156774682,8407.34632034635,319168.204524681,106395.27040988,989733.640422117,303297.427230503,99,40.2915531863971,10135.7649926385,4125.10822510824,1.55019989029507,2.36119320644678,0.536440914929833,0.684348681384447,68.1857053923643,2.13976180287625,0.540879044875826,0.915431523953936,0.280528027624192,3.13827407125718,68.1857053923643,2.13976180287625
2020-08-27,205581,3234,133990,194081.857142857,3046.14285714286,127527.857142857,3937,50.1428571428573,2839.42857142858,NA,184184.530447689,590460.764213923,5680.61178831605,9826.48917748919,312056.763668278,105478.480621556,999346.983448498,307274.194907271,99,40.9534954614236,9613.34302638099,3976.76767676766,1.57310257270857,2.34475599604571,0.547707857321461,0.694329269676998,69.3059153962553,2.08982822237609,0.546133196997149,0.924323166005406,0.284206248052469,3.01549802640895,69.3059153962553,2.08982822237609
2020-08-28,209544,3325,134474,197964.571428571,3101.14285714286,130378.571428571,3882.71428571429,55,2850.71428571429,NA,178933.132340454,595972.444028766,5511.6798148423,10708.077922078,303158.606431857,104067.47009741,1008674.44159669,311196.128529204,99,41.6267135593182,9327.45814819471,3921.93362193363,1.58677891039591,2.26960498334494,0.557911701004672,0.701464490155835,70.4452075619231,2.10796480951693,0.551231099348226,0.932950385368766,0.287833750974207,2.99247705626813,70.4452075619231,2.10796480951693
2020-08-29,213131,3419,135101,201662,3165.85714285714,133261.428571429,3697.42857142858,64.7142857142853,2882.85714285714,NA,176162.346564445,601136.164746264,5163.72071749798,7869.79220779217,298478.188744986,103858.561147547,1017413.04588784,314930.904863981,99,42.3114315311539,8738.60429115035,3734.77633477637,1.60417771229901,2.26881361554354,0.568756331844241,0.710498068471495,71.6039610527221,2.06628310192235,0.556007164880034,0.941032957807212,0.291288147038094,2.88583821786176,71.6039610527221,2.06628310192235
2020-08-30,217396,3520,157403,205632.714285714,3240.42857142857,136980.857142857,3970.71428571429,74.5714285714289,3719.42857142855,NA,174383.1390783,606591.749467911,5455.58472164697,7160.22077922081,295485.914537663,104265.58451766,1026645.57387832,318941.727374803,99,43.0078770387573,9232.52799047972,4010.8225108225,1.61916502603544,2.25422686170239,0.58029144034479,0.720549743226154,72.7825611425123,2.25390870913593,0.561053183355942,0.949572373689517,0.294997865707276,3.09690738573987,72.7825611425123,2.25390870913593
2020-08-31,220819,3558,157562,209428,3318.71428571429,140626.571428571,3795.28571428571,78.2857142857142,3645.71428571429,NA,172360.695119786,611721.803344895,5130.05387698428,7074.2121212121,292084.976410069,104534.08615053,1035327.2035163,322775.349308425,99,43.7162822252311,8681.62963797327,3833.62193362194,1.61127439214923,2.24957925092139,0.581636943549315,0.717658008446259,73.9814006888527,2.17631054587888,0.56579810951261,0.957602248723879,0.298543686750059,2.94182906908266,73.9814006888527,2.17631054587888
2020-09-01,224264,3597,158012,213299.428571429,3398.57142857143,144286,3871.42857142858,79.8571428571427,3659.42857142858,NA,169881.694315764,616869.919423989,5148.11607909424,7547.25974025979,287910.315708756,104644.766140549,1044039.39995784,326685.883218959,99,44.4368833669503,8712.19644154422,3910.53391053394,1.60391324510398,2.21174764321972,0.58310510639889,0.714187918979545,75.2008795440698,2.24602185265239,0.570559741890557,0.965660395825019,0.30216064576912,2.98682717397747,75.2008795440698,2.24602185265239
2020-09-02,226440,3623,158610,216739.285714286,3468,147878.857142857,3439.85714285713,69.4285714285716,3592.85714285713,NA,166958.517507138,621369.911446532,4499.99202254321,7353.74025974021,282977.642867785,104425.328498825,1051654.77107291,330160.486393562,99,45.1699213456413,7615.37111507298,3474.60317460314,1.59998233527645,2.19607644473714,0.583066533035974,0.708414574742318,76.4414053541622,2.02476596877667,0.574721906726361,0.972704059393303,0.305374400611186,2.64889754053133,76.4414053541622,2.02476596877667
2020-09-03,228403,3688,159475,219999.571428571,3532.85714285714,151519.571428571,3260.28571428571,64.8571428571427,3640.71428571429,NA,163542.209356651,625565.720179162,4195.8087326294,7547.25974025979,277206.385118608,103933.692471527,1058755.37046659,333453.70428678,99,45.9156408286788,7100.59939368046,3293.21789321792,1.61468982456448,2.19087839783269,0.58954637075442,0.710393473342366,77.7033921716103,1.95266642271218,0.578602724176086,0.979271596615915,0.308420387280302,2.51308456452365,77.7033921716103,1.95266642271218
2020-09-04,232072,3737,160549,223217.857142857,3591.71428571429,155244.571428571,3218.28571428571,58.8571428571431,3725,NA,159279.455286481,629640.156585182,4074.43640602042,8278.33333333331,269995.163944914,103045.290633599,1065650.57053832,336704.497937574,99,46.6742905326564,6895.20007172693,3250.79365079373,1.61027612120376,2.18375809289875,0.593513606290204,0.710591499969625,78.9872609014185,1.96777578909464,0.58237128106461,0.985649154427263,0.31142713461541,2.49136685999817,78.9872609014185,1.96777578909464
2020-09-05,234570,3790,161668,226280.571428571,3644.71428571429,159039.857142857,3062.71428571429,53,3795.28571428571,NA,153300.37662486,633454.558443042,3814.40185785969,9740.48051948048,259868.61324283,101284.919944973,1072105.71214393,339798.148731225,99,47.4461208264305,6455.14160560863,3093.65079365083,1.61572238564181,2.15392096689633,0.598306531934253,0.711094806541176,80.2934352447286,1.92277024412947,0.585899324937327,0.991619690211861,0.314288536254143,2.39478585044072,80.2934352447286,1.92277024412947
2020-09-06,237365,3875,184687,229133.285714286,3695.42857142857,162937.571428571,2852.71428571429,50.7142857142858,3897.71428571429,NA,145520.548828931,636949.574802957,3495.01635991514,11224.1298701299,246686.234335434,98583.432340681,1078020.35521455,342679.678312754,99,48.2313852526773,5914.64307062584,2881.52958152955,1.63250689865818,2.12657162258368,0.608368409885311,0.717552559905622,81.6223442737617,1.86078107069503,0.589131960488885,0.99709030422219,0.316953741222838,2.27984851496338,81.6223442737617,1.86078107069503
2020-09-07,238727,3890,184906,231691.571428571,3742.85714285714,166843.857142857,2558.28571428571,47.4285714285711,3906.28571428571,NA,136773.156354569,640032.79704721,3083.22224425338,11783.1861471861,231861.592126075,95312.2725364084,1083238.1159356,345263.805296881,99,49.0303379372643,5217.76072104392,2584.12698412698,1.62947634745965,2.10246887623841,0.607781354009748,0.711054915532935,82.974418047678,1.75794059906149,0.591983716479054,1.00191635282094,0.319343870452113,2.11875385920783,82.974418047678,1.75794059906149
2020-09-08,241987,3916,185178,234223.428571429,3788.42857142857,170724.714285714,2531.85714285716,45.5714285714289,3880.85714285716,NA,127709.480696601,643034.402774523,3001.60572731309,12019.7099567099,216499.327825777,91899.6932527013,1088317.75639721,347821.236754313,99,49.8432352051989,5079.6404616069,2557.43145743146,1.61826874997417,2.07738796996604,0.608987634736726,0.70737218575926,84.3500903472596,1.85104419398818,0.594759983136102,1.00661465024056,0.321709308263731,2.19458686727369,84.3500903472596,1.85104419398818
2020-09-09,245143,3986,185543,236895.285714286,3840.28571428571,174572.285714286,2671.85714285713,51.8571428571427,3847.57142857142,NA,120323.447554521,646150.278723352,3115.87594882888,10450.051948052,203987.72228863,89395.9169396243,1093590.77723369,350520.082353158,99,50.6703315938526,5273.02083647973,2698.84559884563,1.62598972844421,2.0508978495403,0.616884358213919,0.711586491575319,85.7497919280583,2.09202729327998,0.597641941424467,1.01149181042087,0.324205543855373,2.43981569092059,85.7497919280583,2.09202729327998
2020-09-10,248947,4066,186058,239830.142857143,3894.28571428571,178369.857142857,2934.85714285716,54,3797.57142857142,NA,113874.132225868,649516.946078682,3366.66735532973,9761.98268398258,193065.979864317,87494.7993404315,1099288.21429655,353484.58451766,99,51.5118835096179,5697.43706286582,2964.50216450216,1.63327937271789,2.05393732854031,0.626003682359266,0.717875768827681,87.1739567085841,2.43900627633225,0.600755863495885,1.01676152469557,0.326947492419492,2.79801437189059,87.1739567085841,2.43900627633225
2020-09-11,252964,4108,186606,242814.714285714,3947.28571428571,182092.285714286,2984.57142857142,53,3722.42857142858,NA,108329.956255684,652884.661883389,3367.71580470738,8858.89177489188,183679.473277411,86090.0260110041,1104987.42565836,356499.303132379,99,52.3681477856665,5699.21136181243,3014.71861471864,1.6239464904097,2.03204379583516,0.629207613508575,0.717130424704935,88.6230193295895,2.62078983540895,0.603870755306607,1.02203288006757,0.329735887542231,2.9574019479925,88.6230193295895,2.62078983540895
2020-09-12,257863,4292,187116,246142.285714286,4019,185727.714285714,3327.57142857142,71.7142857142858,3635.42857142858,NA,103974.242744154,656577.965687877,3693.3038044878,7977.30303030298,176321.221840317,85447.532580458,1111237.63209673,359860.486393562,99,53.2393843529185,6250.20643836376,3361.18326118327,1.66444972718071,2.03840457690045,0.653692360130209,0.741545948466296,90.0974196741699,3.07151977603912,0.607286792300889,1.0278138657502,0.332844737226032,3.40930979033238,90.0974196741699,3.07151977603912
2020-09-13,261216,4371,207568,249549.571428571,4089.85714285714,188996.428571429,3407.28571428571,70.8571428571427,3268.71428571429,NA,99989.9587359113,660297.80722076,3719.84153288277,7633.2683982685,169592.532419775,85055.9882759738,1117532.74853699,363302.189135265,99,54.1258568704606,6295.11644026358,3441.70274170273,1.67332782065417,2.02106984194442,0.661974029324412,0.747460388638285,91.5976039346257,3.27685147733999,0.610727374760895,1.03363638991328,0.336028061564174,3.57765676835565,91.5976039346257,3.27685147733999
2020-09-14,265888,4630,207568,253429.714285714,4195.57142857143,192233.857142857,3880.14285714287,105.714285714286,3237.42857142855,NA,96912.1656792051,664464.447064487,4166.63984372665,7138.71861471853,164424.311202931,85350.9807788762,1124583.98519561,367221.525354601,99,55.027834761475,7051.23665861436,3919.33621933631,1.74133469731616,2.04083618066428,0.696801765761089,0.784133388805925,93.1240280578807,3.88029588975398,0.614581213113083,1.0401582702016,0.339653162077706,4.16705826905217,93.1240280578807,3.88029588975398
2020-09-15,269407,4663,207568,257346.857142857,4302.28571428571,195432.428571429,3917.14285714284,106.714285714286,3198.57142857145,NA,94083.6289739013,668601.815121087,4137.36805660091,6859.19047619053,159679.8864489,85820.124677584,1131585.6849837,371178.235311311,99,55.9455985788472,7001.69978809357,3956.70995670994,1.73083847116073,2.05316578584246,0.697425566987955,0.782418725348807,94.6771668257414,4.04170377149219,0.618407977194374,1.04663433249302,0.34331283057596,4.26919368440931,94.6771668257414,4.04170377149219
2020-09-16,272934,4732,207858,261317,4408.85714285714,198620.285714286,3970.14285714287,106.571428571428,3187.85714285713,NA,90296.2739218303,672726.317211874,4124.50209078623,7805.28571428568,153308.395481659,85876.6224045855,1138565.61159888,375188.480621557,99,56.8794355016642,6979.92661517649,4010.24531024531,1.73375248228509,2.06861373655505,0.703406404496238,0.787176063845261,96.2575062335856,4.21954250570617,0.622222841194459,1.05309025618547,0.347022015376652,4.38386798614068,96.2575062335856,4.21954250570617
