"date","positive","death","recovered","positive7","death7","recovered7","dif_pos7","dif_dea7","dif_rec7","testPosRate7","Einfected","Epositive","dif_Epositive","dif_Erecovered","Einfected_U","Einfected_L","Epositive_U","Epositive_L","confirmRate_k_U","confirmRate_k_L","dif_Epositive_U","dif_Epositive_L","CFR","CFRadj","ECFR_k","EIFRadj_k","confirmRate_k","NCC7PerEinfected_k","prevalence","prevalence_U","prevalence_L","difEposPerEinfected_k","ascertainmentRate","docuTransmissionRate"
2020-03-17,93,0,4,93,0,4,NA,NA,NA,NA,6558.44155844156,6558.44155844156,NA,NA,6558.44155844156,6558.44155844156,6558.44155844156,6558.44155844156,NA,NA,NA,NA,NA,NA,NA,NA,NA,NA,0.00514083038483153,0.00514083038483153,0.00514083038483153,NA,NA,NA
2020-03-18,118,0,4,105.5,0,4,12.5,0,0,NA,8160.17316017316,8160.17316017316,1601.7316017316,0,8160.17316017316,8160.17316017316,8160.17316017316,8160.17316017316,2.01515151515152,0.590909090909091,1601.7316017316,1601.7316017316,NA,NA,NA,NA,1,0.190594059405941,0.00639634671644055,0.00639634671644055,0.00639634671644055,24.4224422442244,1,0.190594059405941
2020-03-19,164,1,4,125,0.333333333333333,4,19.5,0.333333333333333,0,NA,10062.2116360037,10062.544969337,1902.37180916387,0,13680.2423146367,9103.8739577031,13680.57564797,9104.20729103644,2.06560328302624,0.605703218331001,5520.40248779687,944.034130863276,NA,NA,NA,NA,1.02503621563708,0.238965517241379,0.00788751968987488,0.0107235108137157,0.00713632728972375,23.3128853006289,1.02503621563708,0.238965517241379
2020-03-20,203,2,4,144.5,0.75,4,19.5,0.416666666666667,0,NA,11918.4344837926,11919.1844837926,1856.63951445559,0,16821.8309801256,10024.7972004655,16822.5809801256,10025.5472004655,2.11648272265588,0.620622753259995,3142.00533215561,921.339909429089,NA,NA,NA,NA,1.05028465936307,0.193794171759479,0.00934284543220873,0.0131863697622807,0.00785851901148341,18.4516046930709,1.05028465936307,0.193794171759479
2020-03-21,251,2,4,165.8,1,4,21.3,0.25,0,NA,13898.2035614166,13899.2035614166,1980.01907762402,0,20172.3824961048,11007.1130585346,20173.3824961048,11008.1130585346,2.1677936216773,0.635668806356502,3350.80151597911,982.565858069065,NA,NA,NA,NA,1.07574721075716,0.178714291708348,0.0108948821693043,0.0158128934712117,0.00862870265545565,16.6130801852925,1.07574721075716,0.178714291708348
2020-03-22,316,3,4,190.833333333333,1.33333333333333,4,25.0333333333333,0.333333333333333,0,NA,16170.6818653085,16172.0151986418,2272.81163722516,0,24018.345779614,12134.6411391626,24019.6791129473,12135.9744724959,2.21953983206229,0.650842507146085,3846.29661684258,1127.86141396136,NA,NA,NA,NA,1.10142578132414,0.180118408205543,0.0126764241742958,0.0188278107104281,0.00951277613161686,16.3532763582108,1.10142578132414,0.180118408205543
2020-03-23,367,4,4,216,1.71428571428571,4,25.1666666666667,0.380952380952381,0,NA,18402.7295839457,18404.44386966,2232.42867101822,0,27795.9210397254,13242.081933302,27797.6353254397,13243.7962190163,2.27172527942473,0.666145006748604,3777.95621249238,1107.82174652032,NA,NA,NA,NA,1.12732231911302,0.155630418058515,0.014426312016045,0.021789159365696,0.0103811415267706,13.8054083904002,1.12732231911302,0.155630418058515
2020-03-24,405,5,4,260.571428571429,2.42857142857143,4,44.5714285714286,0.714285714285714,0,NA,22266.2366649088,22268.6652363374,3864.22136667733,0,34998.2617595584,15158.9511829313,35000.690330987,15161.3797543599,2.32435394599074,0.681577472884503,7203.05500554729,1917.58353534364,NA,NA,NA,NA,1.15343880026608,0.242197961284253,0.0174552795594031,0.0274352696048684,0.011884238202422,20.9980880773709,1.15343880026608,0.242197961284253
2020-03-25,475,6,4,311.571428571429,3.28571428571429,4,51,0.857142857142857,0,NA,26588.2294940412,26591.5152083269,4322.84997198956,0,42312.9968769913,17303.2677103848,42316.282591277,17306.5534246705,2.37742988858405,0.697141095148708,7315.59226029003,2145.17367031061,NA,NA,NA,NA,1.17977723794397,0.229043530041255,0.0208437428531665,0.0331695921020065,0.0135657312654925,19.4143717999832,1.17977723794397,0.229043530041255
2020-03-26,585,8,4,371.714285714286,4.28571428571429,4,60.1428571428572,1,0,NA,31522.6234493895,31577.080880847,4985.56567252005,50.1717171717172,50663.9712629654,19751.5784952444,50753.3937293879,19780.5935328384,2.43095724051928,0.712837085565803,8437.11113811086,2474.04010816785,NA,NA,NA,NA,1.20633968326521,0.22619753830276,0.0247516754414924,0.0397830164822502,0.0155050060837595,18.7510254251318,1.20633968326521,0.22619753830276
2020-03-27,717,12,4,445.142857142857,5.71428571428571,4,73.4285714285714,1.42857142857143,0,NA,37413.1382934368,37531.7389427874,5954.65806194042,62.7146464646465,60633.2353946497,22674.181368087,60830.5073726717,22735.5366312449,2.48494028423655,0.728666699888914,10077.1136432838,2954.94309840652,1.67364016736402,NA,0.0319729390058173,NA,1.23312826135047,0.232934882313411,0.0294192305036708,0.0476819558182445,0.0178212364153668,18.8901094209395,1.23312826135047,0.232934882313411
2020-03-28,848,16,4,530.428571428571,7.71428571428571,4,85.2857142857143,2,0,NA,44141.437353644,44299.6667908734,6767.92784808604,37.6287878787879,72020.7991888466,26012.154961874,72283.9237309711,26094.0572175131,2.53938340096576,0.744631222839585,11453.4163582995,3358.52058626826,1.88679245283019,NA,0.0361176531542136,NA,1.26014514634391,0.227951524797333,0.034724266587892,0.0566597091915419,0.0204538107127999,18.0897090081142,1.26014514634391,0.227951524797333
2020-03-29,993,20,4,627.142857142857,10.1428571428571,4,96.7142857142857,2.42857142857143,0,NA,51601.2529908877,51812.0827167175,7512.41592584404,50.1717171717172,84646.553124402,29712.9628649245,84997.2429900918,29822.0230153004,2.59429112176111,0.760731983072806,12713.3192591207,3727.96579778727,2.01409869083585,NA,0.038601034645432,NA,1.28739258673859,0.219095328302467,0.0406128691943088,0.0666250366793242,0.0233759744122248,17.0189653446432,1.28739258673859,0.219095328302467
2020-03-30,1094,28,35,731,13.5714285714286,8.42857142857143,103.857142857143,3.42857142857143,4.42857142857143,NA,59439.1304518783,59710.7278544757,7898.64513775822,57.3391053391053,97912.7633331112,33600.9006239409,98364.1809155288,33741.6514295263,2.64966807772401,0.776970338580723,13366.937925437,3919.62841422588,2.55941499085923,NA,0.0468927460878393,NA,1.31487288067507,0.201262919601259,0.0468042173311119,0.077102702756991,0.0264483727357511,15.3070801190681,1.31487288067507,0.201262919601259
2020-03-31,1215,29,35,846.714285714286,17,12.8571428571429,115.714285714286,3.42857142857143,4.42857142857143,NA,67946.9372068682,68329.474003405,8618.74614892933,107.510822510822,112312.469270127,37821.4524185761,112949.751321409,38018.6232026792,2.70551904131421,0.793347688806422,14585.5704058804,4276.9717731529,2.38683127572016,NA,0.042441421396797,NA,1.34258839644164,0.194670875755718,0.0535600162029546,0.088535593155494,0.0298008744315528,14.5001215250062,1.34258839644164,0.194670875755718
2020-04-01,1378,37,35,975.714285714286,21.4285714285714,17.2857142857143,129,4.42857142857143,4.42857142857143,NA,77225.8334255686,77741.811780547,9412.33777714195,129.012987012987,128017.689244631,42424.218318726,128878.322944265,42689.4073627647,2.76184887973156,0.809865460973916,15928.5716228556,4670.78416008547,2.68505079825835,NA,0.0475934367267452,NA,1.37054154934047,0.189847607675951,0.0609378713848382,0.101021194232528,0.0334620657248183,13.8524827815058,1.37054154934047,0.189847607675951
2020-04-02,1510,50,35,1107.85714285714,27.4285714285714,21.7142857142857,132.142857142857,6,4.42857142857143,NA,86516.6313712202,87189.1248777137,9447.3130971667,150.515151515152,143744.039614195,47032.1706827335,144866.083570239,47377.547696697,2.81866257685204,0.826525116520524,15987.7606259744,4688.14033393235,3.3112582781457,NA,0.0573466015057807,NA,1.39873481257319,0.171106020515298,0.0683431419498277,0.113553190573279,0.0371368616442868,12.2333585512834,1.39873481257319,0.171106020515298
2020-04-03,1688,60,633,1246.57142857143,34.2857142857143,111.571428571429,138.714285714286,6.85714285714286,89.8571428571429,NA,96014.2826755913,96908.6549699636,9719.53009224997,215.021645021645,159820.746217197,51742.5561850101,161314.51911097,52200.773156009,2.87596519972906,0.843328141273934,16448.4355407307,4823.22545931202,3.55450236966825,NA,0.0619139745759517,NA,1.42717070061743,0.1603263128044,0.0759617896391115,0.126446286662836,0.0409175439562622,11.234290954471,1.42717070061743,0.1603263128044
2020-04-04,1890,79,633,1395.42857142857,43.2857142857143,201.428571428571,148.857142857143,9,89.8571428571428,NA,105928.99817849,107133.400775892,10224.7458059287,301.030303030303,176604.341683641,56659.1142541176,178617.935090234,57274.7071649662,2.93376190140358,0.860276046276237,17303.415979264,5073.93400895711,4.17989417989418,46.5437788018433,0.0737398415693502,1.20455445544554,1.45585177062132,0.155030136180297,0.0839764503550617,0.140009558643675,0.0448947440107939,10.649192516988,1.45585177062132,0.155030136180297
2020-04-05,2143,94,633,1559.71428571429,53.8571428571429,291.285714285714,164.285714285714,10.5714285714286,89.8571428571429,NA,116617.53564905,118198.04647156,11064.6456956681,365.536796536797,194698.273227225,61959.0984768874,197342.720113672,62765.4336004105,2.99205790376298,0.877370362757565,18724.7850234382,5490.7264354443,4.38637424171722,45.6416464891041,0.0795275411109415,1.15193633952255,1.48478061389742,0.155083763272774,0.09264946608339,0.154686969876231,0.0491986465526711,10.4453415834484,1.48478061389742,0.155083763272774
2020-04-06,2439,125,633,1751.85714285714,67.7142857142857,376.714285714286,192.142857142857,13.8571428571429,85.4285714285714,NA,128779.036925236,130889.456838656,12691.4103670955,516.051948051948,215286.495167145,67988.8756945008,218820.491504142,69063.426714909,3.05085848221281,0.894612637641352,21477.7713904693,6297.99311449853,5.1250512505125,41.2891986062718,0.0955004345033567,1.24223047331371,1.51395984831613,0.164755869368248,0.102597620299623,0.171522307780626,0.0541353245847869,10.8829347974641,1.51395984831613,0.164755869368248
2020-04-07,2785,141,633,1976.14285714286,83.7142857142857,462.142857142857,224.285714285714,16,85.4285714285714,NA,142778.983082256,145421.454943727,14531.9981050715,516.051948051948,238987.415037266,74929.884421185,243413.103681955,76274.7941956211,3.11016897815288,0.912004437202725,24592.6121778132,7211.36748071214,5.06283662477558,41.2385643912737,0.0969595580339652,1.18296683965021,1.54339212449692,0.17415502963514,0.113988518083062,0.19079921172183,0.0597879505525085,11.28444384431,1.54339212449692,0.17415502963514
2020-04-08,3181,174,633,2233.71428571429,103.285714285714,547.571428571429,257.571428571429,19.5714285714286,85.4285714285714,NA,158466.54502716,161795.155416771,16373.7004730435,666.567099567099,265546.080306666,82707.0612402464,271122.442944028,84400.0891672066,3.16999480599988,0.929547349127785,27709.3392620735,8125.29497158548,5.4699779943414,41.14968696642,0.107543393095912,1.25187029048926,1.57308012929317,0.18038983074461,0.126823033135744,0.212519160272522,0.0661569580222604,11.4678646111455,1.57308012929317,0.18038983074461
2020-04-09,3441,194,633,2509.57142857143,123.857142857143,633,275.857142857143,20.5714285714286,85.4285714285714,NA,174751.402177389,179003.674904662,17208.5194878908,903.090909090909,293115.157242217,90780.9280537861,300244.552846613,92939.6552288667,3.23034145839861,0.947242984041696,29122.1099025845,8539.56606166008,5.63789596047661,39.1952983725136,0.108377663253744,1.19960312686506,1.60302658837826,0.174070170961698,0.140311920560143,0.235346508221504,0.0728506916313603,10.8594022069083,1.60302658837826,0.174070170961698
2020-04-10,3844,233,633,2817.57142857143,148.571428571429,633,308,24.7142857142857,0,NA,192552.870556003,197861.961465094,18858.2865604325,1032.1038961039,323253.081751081,99605.7437260953,332158.576256575,102297.902694946,3.29121452618563,0.965092981362705,31914.0234099627,9358.24746607928,6.06139438085328,40.4826780848579,0.117758864955508,1.26599859061269,1.63323427615227,0.176240966140751,0.155093976890422,0.260362295857363,0.0801861481561609,10.7914937021733,1.63323427615227,0.176240966140751
2020-04-11,4219,273,633,3150.28571428571,176.285714285714,633,332.714285714286,27.7142857142857,0,NA,211168.902062087,217860.343620528,19998.3821554343,1354.63636363636,354770.091113025,108834.346900972,366001.992211926,112221.911884861,3.35261968572545,0.983099005588667,33843.4159553504,9924.00918991478,6.47072766058308,43.5273368606702,0.125309634357097,1.22593786876156,1.66370600945774,0.172781563304156,0.170769696452153,0.286890436654137,0.0879650766604783,10.3859174353975,1.66370600945774,0.172781563304156
2020-04-12,4661,296,1772,3510,205.142857142857,795.714285714286,359.714285714286,28.8571428571429,162.714285714286,NA,230777.921955376,239089.380829835,21229.0372093064,1591.16017316017,387967.245657712,118555.927127288,401928.055181521,122756.622078953,3.41456270829378,1.00126274904855,35926.0629695955,10534.7101940919,6.35056854752199,43.187969924812,0.123803072713911,1.11313702013983,1.69444465223601,0.170334581260874,0.187410064221513,0.315051059033054,0.0962227027715893,10.0531077265651,1.69444465223601,0.170334581260874
2020-04-13,5014,332,1843,3877.85714285714,234.714285714286,968.571428571429,367.857142857143,29.5714285714286,172.857142857143,NA,249982.092293707,260408.832553448,21319.4517236129,2085.70995670996,420477.489966537,128077.899948243,438007.127329174,133336.199626009,3.47704944947926,1.01958592879467,36079.0721476526,10579.577547056,6.62145991224571,40.1221001221001,0.127491835336214,1.05139547652543,1.7254531102679,0.159389323519232,0.204121303352344,0.343331617562153,0.104515498129746,9.23808115740607,1.7254531102679,0.159389323519232
2020-04-14,5399,406,1964,4251.28571428571,272.571428571429,1158.71428571429,373.428571428572,37.8571428571428,190.142857142857,NA,268792.96736034,281665.80718718,21256.9746337318,2408.24242424243,452326.410408969,137401.609164982,473980.469017028,143884.773504402,3.54008585173274,1.0380702873502,35973.3416878537,10548.5738783932,7.51991109464716,38.0155409444112,0.144142451671528,1.08175110303015,1.7567343324388,0.149373019306508,0.22078356985467,0.37152929933532,0.112783991281276,8.50339895897689,1.7567343324388,0.149373019306508
2020-04-15,5847,449,2125,4632.14285714286,311.857142857143,1371.85714285714,380.857142857142,39.2857142857143,213.142857142857,NA,287105.150380186,302963.072458108,21297.2652709284,2945.79653679654,483329.906948049,146478.926624884,510021.994860137,154453.341232833,3.60367793104636,1.05671758880307,36041.5258431096,10568.5677284307,7.67915170172738,36.7756064690027,0.148202880422691,1.01355164164012,1.78829130412827,0.141682752812215,0.2374774181482,0.399780427216678,0.12106815659987,7.9232970564954,1.78829130412827,0.141682752812215
2020-04-16,6297,486,2125,5040.14285714286,353.571428571429,1585,408,41.7142857142857,213.142857142857,NA,306383.142217213,325379.090269161,22416.0178110529,3096.31168831169,515968.838188732,156034.797976878,547956.794232688,165577.079394708,3.66783174920755,1.07552961066988,37934.799372551,11123.7381618759,7.71796093377799,35.6063875701338,0.149364238371301,0.938005141883998,1.82012703344134,0.142099073154602,0.255048199932732,0.429515596390502,0.129787491921518,7.807598638119,1.82012703344134,0.142099073154602
2020-04-17,6875,546,2125,5473.14285714286,398.285714285714,1798.14285714286,433,44.7142857142857,213.142857142857,NA,325995.59609025,348756.132886787,23377.0426176261,3719.87445887446,549172.99089695,165757.218695829,587517.943277902,177177.717084658,3.73255343001643,1.09450814865143,39561.1490452136,11600.6376899498,7.94181818181818,36.4063724209976,0.156556386687899,0.914408548712866,1.85224455925627,0.141316999779359,0.273372280421261,0.460525578755705,0.138880644645148,7.63000289391013,1.85224455925627,0.141316999779359
2020-04-18,7497,650,2125,5941.42857142857,452.142857142857,2011.28571428571,468.285714285715,53.8571428571429,213.142857142857,NA,346617.716459451,373603.530312264,24847.3974254774,4171.41991341991,584090.062730541,175977.582402135,629567.385074864,189508.00452888,3.79784912885514,1.1136550077094,42049.4417969618,12330.2874442219,8.67013472055489,37.2134038800706,0.173981225353176,0.951273238204071,1.8846469361236,0.143638168071969,0.292848897622258,0.493486007865085,0.14854573288023,7.62200401584521,1.8846469361236,0.143638168071969
2020-04-19,8261,686,2627,6455.71428571429,507.857142857143,2133.42857142857,514.285714285714,55.7142857142857,122.142857142857,NA,369041.478747142,400426.444115108,26822.9138028432,4343.43722943723,622056.561547074,187091.634149625,674960.008433521,202818.623408487,3.86372503741104,1.13297200345136,45392.6233586577,13310.6188796064,8.30407940927249,36.8546547791831,0.171317356803438,0.882408043095871,1.91733723660999,0.148362346163645,0.313874022121521,0.529066987786914,0.158979253308435,7.73847167329693,1.91733723660999,0.148362346163645
2020-04-20,8772,712,2627,6992.57142857143,562.142857142857,2245.42857142857,536.857142857143,54.2857142857143,112,NA,392062.88360423,427953.082738429,27526.6386233213,4450.94805194806,661032.971964563,198503.339889662,721543.550719142,216478.4591163,3.93018740737896,1.15246096908105,46583.5422856207,13659.8357078136,8.11673506611947,37.2280037842952,0.166373377998351,0.816615605442318,1.95031856306023,0.145463112962629,0.335450760888813,0.565581468777717,0.169686507132806,7.45895521467434,1.95031856306023,0.145463112962629
2020-04-21,9501,857,2627,7578.57142857143,626.571428571429,2340.14285714286,586,64.4285714285714,94.7142857142858,NA,415842.716719215,457495.418017916,29542.3352794874,5698.07359307359,701294.162071241,210290.472971427,771538.271961351,231138.565345219,3.99724252232263,1.17212374714724,49994.7212422093,14660.1062289185,9.02010314703715,37.1191604603927,0.187324280473217,0.884337936859843,1.98359403363379,0.1494550493895,0.358607502241215,0.604769800297165,0.181177822390389,7.53510125924316,1.98359403363379,0.1494550493895
2020-04-22,10544,970,2627,8249.57142857143,701,2411.85714285714,671.000000000001,74.4285714285714,71.7142857142853,NA,443119.670660901,490759.895769126,33264.47775121,5913.09523809524,747479.490719809,223808.701458064,827832.003540322,247645.749793188,4.06489672490795,1.1919621975294,56293.7315789709,16507.1844479689,9.19954476479514,37.0899470899471,0.19765266240425,0.905413244585692,2.01716679581898,0.161347208769397,0.384681842682484,0.648895607197774,0.194116968774778,7.99929310140372,2.01716679581898,0.161347208769397
2020-04-23,11633,1069,2627,9011.85714285714,784.285714285714,2483.57142857143,762.285714285714,83.2857142857143,71.7142857142858,NA,473923.566709366,527925.709566509,37165.813797383,6278.63203463204,799637.941175454,239073.903363962,890727.996120509,266088.935587378,4.13315640145993,1.2119781929093,62895.9925801866,18443.18579419,9.18937505372647,36.5975601626558,0.202490611960872,0.904414270719112,2.05104001876959,0.172014138604149,0.413814242985823,0.698196592326502,0.208573648624555,8.38730849884212,2.05104001876959,0.172014138604149
2020-04-24,12872,1221,2627,9868.57142857143,880.714285714286,2555.28571428571,856.714285714286,96.4285714285713,71.7142857142858,NA,508182.100634835,569010.849552584,41085.1399860748,6730.17748917749,857649.723862511,256048.327288308,960256.694558482,286477.050166934,4.202028011817,1.23217362752529,69528.6984379728,20388.1145795559,9.48570540708515,36.1096468107538,0.214582903113373,0.932848244228789,2.08521690811971,0.180756731785263,0.44601880471339,0.752696619865462,0.224554859707408,8.66914896664555,2.08521690811971,0.180756731785263
2020-04-25,13842,1305,7149,10775,974.285714285714,3273,906.428571428571,93.5714285714287,717.714285714286,NA,542744.314721444,611772.95108508,42762.101532496,8106.31601731602,916167.119129958,273179.494751266,1032623.32792117,307697.341152984,4.27151810512128,1.25255042180248,72366.6333626856,21220.2909860507,9.42782834850455,34.983329058733,0.213314432696864,0.897391654144146,2.11970071381958,0.178352996835511,0.479537851718475,0.80942116095099,0.241188371755044,8.41472013262105,2.11970071381958,0.178352996835511
2020-04-26,14677,1351,8354,11691.5714285714,1069.28571428571,4091.14285714286,916.571428571429,94.9999999999999,818.142857142857,NA,576805.762074775,654315.242594256,42542.2915091757,8385.84415584416,973836.766299333,290062.377326173,1104617.97509054,328808.553480846,4.34163331947442,1.2731105222519,71994.6471693744,21111.2123278616,9.20487838114056,33.6147662460143,0.206475397798086,0.835006460187226,2.15449472996475,0.168863821594525,0.512884600771873,0.865854120887511,0.257736382563498,7.83836704600212,2.15449472996475,0.168863821594525
2020-04-27,15529,1434,9086,12656.8571428571,1172.42857142857,5013.85714285714,965.285714285714,103.142857142857,922.714285714286,NA,612616.775713237,698400.221600683,44084.9790064273,8170.8225108225,1034473.84432486,307808.644029685,1179223.32417834,350685.309980276,4.41238039245379,1.29385590455412,74605.3490878001,21876.7564994301,9.2343357589027,34.0723211690954,0.205326395331516,0.801100871679733,2.18960230001466,0.167336744497586,0.547440584471872,0.924333477918278,0.274884464700339,7.64295052252136,2.18960230001466,0.167336744497586
2020-04-28,16752,1569,11423,13692.7142857143,1274.14285714286,6270.42857142857,1035.85714285714,101.714285714286,1256.57142857143,NA,649372.401453645,744955.037817281,46554.816216598,9697.4761904762,1096701.48568775,326029.494826751,1258008.39777566,373787.699982497,4.48376615041792,1.3147885704233,78785.0735973197,23102.3900022216,9.36604584527221,33.1462762003865,0.210616737970814,0.792977077747607,2.22502681148558,0.169073493499072,0.583932548551126,0.986089109437015,0.292993258905082,7.5993374752751,2.22502681148558,0.169073493499072
2020-04-29,17799,1732,11423,14729.1428571429,1383,7527,1036.42857142857,108.857142857143,1256.57142857143,NA,683904.93415316,790799.055365281,45844.0175480003,11202.6277056277,1155164.99157484,343148.595908573,1335590.58131843,396537.362825866,4.55579750154709,1.33591054556644,77582.1835427696,22749.6628433685,9.73088375751447,32.7802796871297,0.219018976849936,0.795004713210596,2.26077169249705,0.159591438279223,0.619867353530849,1.04690185632578,0.31082556814314,7.05974221346284,2.26077169249705,0.159591438279223
2020-04-30,19224,1859,11423,15813.5714285714,1495.85714285714,8783.57142857143,1084.42857142857,112.857142857143,1256.57142857143,NA,718470.242801573,838012.983061313,47213.9276960319,12535.7619047619,1213680.60181501,360286.408578355,1415491.07434249,419966.8307051,4.62848143636129,1.35722387983527,79900.493024054,23429.4678792339,9.67020391177694,32.0930517669415,0.221834271971415,0.777533487078245,2.29684041202891,0.158550903367169,0.656875961738174,1.10953180867664,0.32919074214076,6.90358050340639,2.29684041202891,0.158550903367169
2020-05-01,20739,1972,12377,16937.4285714286,1603.14285714286,10176.4285714286,1123.85714285714,107.285714285714,1392.85714285714,NA,752016.301660799,886180.288673786,48167.3056124728,14513.961038961,1270458.3717526,376927.855616982,1497004.97614821,443869.403415049,4.70182501480003,1.3787306434376,81513.9018057233,23902.5727099489,9.50865519070351,31.9733318137786,0.222528082062308,0.757270780972936,2.33323647350979,0.156410278278052,0.694631874639364,1.17342643050942,0.34792675906917,6.70414761015727,2.33323647350979,0.156410278278052
2020-05-02,22088,2061,12377,18115.4285714286,1711.14285714286,10923.2857142857,1178,108,746.857142857143,NA,787529.792481674,935885.697243579,49705.4085697925,14083.9177489178,1330568.11446046,394543.823134967,1581121.82142017,468535.245261713,4.77583537315724,1.40043292897092,84116.8452719566,24665.841846664,9.33085838464324,31.6936998915143,0.220219200493198,0.731718209101033,2.36996341825848,0.15663197244511,0.733593428598347,1.23936136797847,0.367261064041297,6.60961849630387,2.36996341825848,0.15663197244511
2020-05-03,23471,2154,13447,19371.7142857143,1825.85714285714,11650.8571428571,1256.28571428571,114.714285714286,727.571428571429,NA,825308.609214441,988078.167656,52192.4704124212,14298.9393939394,1394515.14497525,413281.274617823,1669447.54057965,494435.26817314,4.85051970255765,1.42233284511089,88325.719159482,25900.022911427,9.17728260406459,31.2272471841482,0.217998946896064,0.710977738152508,2.40702481480305,0.159508309238565,0.774504464454151,1.30859542865752,0.387562781082522,6.62736456584729,2.40702481480305,0.159508309238565
2020-05-04,24905,2271,13447,20711.1428571429,1945.42857142857,12273.8571428571,1339.42857142857,119.571428571428,623,NA,864459.732471765,1042873.42511246,54795.2574564577,15524.5627705628,1460782.26565248,432701.375525324,1762177.97627519,521626.899692886,4.92588526898768,1.44443252248511,92730.4356955437,27191.6315197459,9.11865087331861,30.8945302751877,0.217763723316193,0.697955113870832,2.44442426882095,0.162279857969058,0.817455693334775,1.38128212368627,0.408876924737569,6.63936578931532,2.44442426882095,0.162279857969058
2020-05-05,26025,2507,16810,22035.8571428571,2079.42857142857,13043.4285714286,1324.71428571428,134,769.571428571428,NA,902385.49045359,1096242.72421982,53369.299107366,15309.5411255411,1524986.66927007,451505.412246702,1852495.25168766,548110.912783759,5.00193940083346,1.46673411001884,90317.2754124652,26484.0130908733,9.63304514889529,30.2462337662338,0.228690229327103,0.718840405543154,2.48216541695495,0.153228110584461,0.859289185639844,1.45207726451023,0.429636402122039,6.17371719036192,2.48216541695495,0.153228110584461
2020-05-06,27634,2704,17781,23440.8571428571,2218.28571428571,13951.7142857143,1405,138.857142857143,908.285714285716,NA,941610.378857141,1151991.11911688,55748.3948970574,16384.6493506494,1591388.01887608,470955.281680043,1946838.68920575,575775.529800344,5.07868950131393,1.48923977858078,94343.4375180972,27664.6170165848,9.7850474053702,29.5889784485223,0.234724031733239,0.72376189746921,2.52025193298285,0.155684301886068,0.902987530717494,1.52602831002625,0.451321295168091,6.1778913210401,2.52025193298285,0.155684301886068
2020-05-07,29616,2961,17781,24925.4285714286,2375.71428571429,14860,1484.57142857143,157.428571428572,908.285714285714,NA,982487.058382029,1210011.93716991,58020.8180530269,16986.70995671,1660594.79521491,491217.496438903,2045027.76591088,604567.815450718,5.15614302594324,1.51195171437433,98189.0767051228,28792.2856503744,9.99797406807131,28.758192539817,0.244708329648836,0.739461652325045,2.55868751663349,0.15764858715376,0.948467113289342,1.60299375745554,0.473890110579685,6.16187112587357,2.55868751663349,0.15764858715376
2020-05-08,31522,3160,20314,26465.8571428571,2545.42857142857,15993.8571428571,1540.42857142857,169.714285714286,1133.85714285714,NA,1025474.04480415,1269316.76341887,59304.8262489608,16148.1255411255,1733385.22278641,512517.935458258,2145389.77956296,633997.278100578,5.23430750250512,1.53487212479473,100362.013652087,29429.4626498601,10.0247446228031,29.0176535730571,0.248952829669454,0.738398700105039,2.59747590349878,0.156774201817097,0.994953164896434,1.68166246017523,0.496958376790723,6.03619414047292,2.59747590349878,0.156774201817097
2020-05-09,33460,3353,21824,28090.4285714286,2730,17343.4285714286,1624.57142857143,184.571428571428,1349.57142857143,NA,1070649.5003226,1330932.42672953,61615.663310661,16255.6363636364,1809889.0046528,534897.257101143,2249662.44055024,664573.471923914,5.3131905101006,1.55800323228514,104272.660987273,30576.1938233356,10.020920502092,28.7338174928955,0.251928642856742,0.732903515083662,2.63662085463639,0.158406770989838,1.04325056471412,1.76339652140516,0.52092550752732,6.00850539541726,2.63662085463639,0.158406770989838
2020-05-10,35022,3465,21824,29740.5714285714,2917.28571428571,18540.1428571429,1650.14285714286,187.285714285714,1196.71428571429,NA,1114857.60060183,1392594.05081828,61661.6240887549,17266.2380952381,1884752.95457589,556798.552835842,2354012.88131582,695172.473351416,5.39279969986115,1.58134728041041,104350.440765585,30599.0014275025,9.89378105191023,27.6677324951225,0.248816228818727,0.706047912608996,2.67612616684839,0.154110988171186,1.09158399085947,1.84519155026653,0.544910515990427,5.75927267235218,2.67612616684839,0.154110988171186
2020-05-11,36327,3573,23100,31372.2857142857,3103.28571428571,19919.1428571429,1631.71428571429,186,1379,NA,1156752.23044085,1452671.99234561,60077.9415273299,17997.3116883117,1955697.54792984,577554.905129748,2455683.24390053,724985.587192046,5.47314277346823,1.60490652755835,101670.362584712,29813.1138406298,9.83565942687257,26.676572803969,0.245960548480784,0.676799772250884,2.71599566202183,0.146347015213748,1.13867604840237,1.92488580149296,0.568279506951561,5.38884441339396,2.71599566202183,0.146347015213748
2020-05-12,38324,3926,25935,33129.2857142857,3306,21222.7142857143,1757,202.714285714286,1303.57142857143,NA,1200126.90626348,1516418.41275699,63746.4204113733,20169.0303030303,2029148.4169044,599044.56488276,2563561.80151978,756619.149200698,5.55422749900717,1.62868325158857,107878.557619248,31633.5620086514,10.2442333785617,25.6836544437539,0.258899520539465,0.689969269142589,2.75623319499604,0.151876414558183,1.18864364086391,2.00944634258172,0.593075455090371,5.51081024387381,2.75623319499604,0.151876414558183
2020-05-13,40186,4220,26990,34922.4285714286,3522.57142857143,22538.2857142857,1793.14285714286,216.571428571428,1315.57142857143,NA,1243123.3431704,1580531.52498858,64113.1122315933,20900.1038961039,2101965.4200216,620341.993294141,2672060.91452709,788434.678578781,5.63606167237962,1.65267973851733,108499.113007311,31815.5293780838,10.5011695615388,25.4484281792474,0.266998787008091,0.689798395387559,2.79684263441395,0.149398551702755,1.23889866448336,2.09449330563003,0.618014038239874,5.34219438769234,2.79684263441395,0.149398551702755
2020-05-14,42595,4477,28475,36776.5714285714,3739.14285714286,24066,1854.14285714286,216.571428571429,1527.71428571429,NA,1284548.07834195,1645868.21687008,65336.6918815027,23695.3852813853,2172109.76305916,640868.835022664,2782630.7007881,820857.397858324,5.7186531492216,1.67689829187701,110569.786261005,32422.7192795428,10.5106233125954,25.4762066985273,0.272014487801084,0.684226762355315,2.8378278785611,0.149137686019842,1.2901127902594,2.18116336463562,0.643428566820463,5.25584948914814,2.8378278785611,0.149137686019842
2020-05-15,45032,4767,30451,38706.5714285714,3968.71428571429,25514.1428571429,1930,229.571428571428,1448.14285714286,NA,1325806.61124345,1712900.89262873,67032.6757586498,25544.5714285714,2241973.33522215,661312.840608589,2896070.61361043,854121.733197203,5.8020098112234,1.70134122283994,113439.912822331,33264.3353388788,10.585805649316,25.5567923608364,0.278299814105663,0.682559920882382,2.87919283865221,0.150232912075968,1.3426563119552,2.27008317058237,0.669502795631914,5.21838589686526,2.87919283865221,0.150232912075968
2020-05-16,47144,5045,31848,40661.4285714286,4210.42857142857,26946.1428571429,1954.85714285714,241.714285714286,1432,NA,1364709.68499034,1779826.47719813,66925.584569396,27780.7965367966,2307848.86661798,680589.339073746,3009329.2951894,887332.925539911,5.88613959620868,1.72601085903864,113258.681578977,33211.1923427079,10.7012557271339,25.1338859325965,0.283454598784373,0.677222079708576,2.92094145375769,0.147432315032393,1.39511589028812,2.35886091853039,0.695535368338477,5.0479145300556,2.92094145375769,0.147432315032393
2020-05-17,49219,5177,33329,42689.5714285714,4455,28589.7142857143,2028.14285714286,244.571428571428,1643.57142857143,NA,1404722.94747684,1848273.64877554,68447.1715774124,28189.3376623376,2375603.27785887,700416.686301205,3125162.97016656,921299.191134717,5.97105045734844,1.75090953260593,115833.674977159,33966.2655948062,10.5182957800849,25.0294960391033,0.280099216013262,0.65465429743194,2.96307767056389,0.148598960928092,1.44876816366213,2.44965707347101,0.722159804749637,5.01551152821906,2.96307767056389,0.148598960928092
2020-05-18,51633,5332,35388,44876.1428571429,4706.28571428571,30345.1428571429,2186.57142857143,251.285714285715,1755.42857142857,NA,1449225.62577904,1921023.43097385,72749.7821983057,27995.8181818182,2450960.70048018,722467.833858259,3248277.98619447,957400.586812072,6.0567504040931,1.77603959217768,123115.016027902,36101.3956773548,10.326729029884,24.4813031329885,0.277560383388816,0.636266992012686,3.0056054636853,0.155643216124465,1.50579303572698,2.54616070311922,0.750457861563774,5.1789416787829,3.0056054636853,0.155643216124465
2020-05-19,54346,5666,37325,47165,4954.85714285714,31972.2857142857,2288.85714285714,248.571428571428,1627.14285714286,NA,1493546.19494303,1996104.14299498,75080.7120211299,30511.5714285714,2525996.4878566,744438.398792482,3375337.65269176,994658.684506768,6.14324746693383,1.80140339255954,127059.666497297,37258.097694696,10.4257903065543,23.8914949749609,0.283852925203525,0.639373282436631,3.04852881817769,0.157920919634431,1.56464500570088,2.64575634461352,0.779662598543305,5.18074692343159,3.04852881817769,0.157920919634431
2020-05-20,56594,6090,38419,49509,5222,33605,2344,267.142857142857,1632.71428571429,NA,1536493.9440929,2071916.31638728,75812.1733922986,32597.2813852814,2598712.30509924,765725.33983141,3503635.17689411,1032279.76303227,6.23054971273913,1.82700329922426,128297.524202352,37621.0785255017,10.7608580414885,23.6417964505614,0.293930790149812,0.650720490540308,3.09185173714874,0.156926282555839,1.62407033122103,2.74632228010915,0.809151857823979,5.07598450245394,3.09185173714874,0.156926282555839
2020-05-21,59567,6510,40152,51933.5714285714,5512.42857142857,35273.1428571429,2424.57142857143,290.428571428572,1668.14285714286,NA,1580930.77306468,2149240.85531576,77324.5389284864,32597.2813852815,2673964.22445807,787739.492339424,3634492.08892694,1070651.33874114,6.31866527183236,1.85284169625159,130856.912032824,38371.5757088732,10.9288700119194,23.4861257357103,0.302897647971779,0.658854755939356,3.13557825519501,0.157783144731773,1.68468112353723,2.84889439018273,0.839229393860591,5.03253131753385,3.13557825519501,0.157783144731773
2020-05-22,62527,6989,42191,54432.8571428571,5829.85714285714,36950.2857142857,2499.28571428572,317.428571428572,1677.14285714286,NA,1624660.36472514,2227841.85390263,78600.9985868665,34553.9783549784,2748028.97298237,809395.632347085,3767509.16345856,1109656.34555869,6.40760230084526,1.87892097543583,133017.07453162,39005.0068175429,11.1775712892031,23.4083804170132,0.313711675169267,0.6701676187833,3.17971241996833,0.158073590016829,1.74629246797215,2.95315974230337,0.869803444482433,4.97181786363082,3.17971241996833,0.158073590016829
2020-05-23,65856,7179,44424,57106,6134.71428571429,38746.8571428571,2673.14285714286,304.857142857142,1796.57142857143,NA,1670881.06301966,2310749.07167767,82907.2177750384,36381.6623376623,2826292.33053573,832300.410662947,3907813.68584708,1150798.27317637,6.49736901484801,1.90524354570731,140304.522388526,41141.927617688,10.901056851312,23.572389186222,0.31067847599687,0.654873217526636,3.22425830812007,0.164518833784647,1.81127923967117,3.06313735594785,0.902052519160139,5.10304920185978,3.22425830812007,0.164518833784647
2020-05-24,68620,7394,46979,59877.5714285714,6451.42857142857,40696.8571428571,2771.57142857143,316.714285714286,1950,NA,1718530.40102586,2395526.82959729,84777.7579196254,36811.7056277057,2906979.61683195,855909.604174082,4051283.73771107,1192868.43876055,6.58797366277534,1.9318118259266,143470.051863982,42070.1655841749,10.7752841737103,23.3459816582057,0.30865861774727,0.641845225826763,3.26922001310656,0.165857982656814,1.8777322331129,3.17559626792617,0.935029192597389,5.07383558267234,3.26922001310656,0.165857982656814
2020-05-25,71105,7633,49452,62659.2857142857,6780.14285714286,42706,2781.71428571429,328.714285714285,2009.14285714286,NA,1764302.41363304,2479449.86384949,83923.0342521952,37822.3073593074,2984493.55025507,878584.529871735,4193307.33413786,1234514.45575788,6.67942455551664,1.95862825312142,142023.596426792,41646.0169973301,10.7348287743478,22.8935131589102,0.307850548272403,0.630820222968444,3.31460165912856,0.161849358228968,1.94351525193322,3.28692137669902,0.967673397425519,4.88341865829652,3.31460165912856,0.161849358228968
2020-05-26,74560,8134,51708,65547,7132.71428571429,44760.7142857143,2887.71428571428,352.571428571428,2054.71428571428,NA,1812469.5343137,2565383.32219248,85933.4583429964,37413.7662337662,3066079.13909927,902434.619833565,4338733.18671831,1277158.12681531,6.77173004600258,1.98569527664737,145425.852580456,42643.6710574268,10.9093347639485,22.6277339182612,0.317067626098401,0.64081718877574,3.3604073912494,0.163657800583792,2.01087414044153,3.40091334186693,1.00109961277551,4.87067623322256,3.3604073912494,0.163657800583792
2020-05-27,78023,8597,53834,68608.2857142857,7490.85714285714,46962.8571428571,3061.28571428571,358.142857142858,2202.14285714286,NA,1861764.62658539,2655245.60494037,89862.282747888,40209.0476190476,3149564.60294368,926851.003968393,4490807.81906089,1321751.44005862,6.86489855010894,2.01301536431766,152074.632342579,44593.313243313,11.018545813414,22.3874989326274,0.323774191886594,0.64593812783758,3.40664138576835,0.168884022046204,2.081312635545,3.52011694896511,1.03605405395467,4.95800238550851,3.40664138576835,0.168884022046204
2020-05-28,81400,9044,56041,71727.2857142857,7852.85714285714,49232.7142857143,3119,362,2269.85714285714,NA,1908007.92577871,2745564.80456659,90319.1996262157,43713.9004329004,3227872.04333676,949762.751795796,4643655.69535141,1366571.49400847,6.95893852222891,2.04059099524006,152847.87629052,44820.0539498515,11.1105651105651,22.4226404627296,0.32940398947996,0.649435490169283,3.45330783809856,0.167511994443239,2.15210928466273,3.63992666285665,1.0711862256973,4.85126843299561,3.45330783809856,0.167511994443239
2020-05-29,84627,9415,59003,74884.4285714286,8199.42857142857,51634.4285714286,3157.14285714286,346.571428571428,2401.71428571429,NA,1950077.03580727,2835758.29554753,90193.4909809395,47777.8095238096,3299086.0976708,970624.47127291,4796290.83393454,1411329.16622458,7.05385848017094,2.06842466711779,152635.138583128,44757.6722161053,11.1252909827833,22.5711690242205,0.332009960608513,0.648116026853226,3.50041097512242,0.165450930897221,2.22280739713611,3.75956962242699,1.10626949955628,4.72710253256045,3.50041097512242,0.165450930897221
2020-05-30,87512,9779,61247,77978.1428571429,8570.85714285714,54037.7142857143,3093.71428571429,371.428571428572,2403.28571428571,NA,1991017.0987874,2922955.40614671,87197.1105991816,45885.6190476189,3368415.36908773,990907.05676896,4943855.17494854,1454599.9128377,7.14966698720126,2.09651889098383,147564.341014,43270.7466131279,11.1744675015998,22.3642029612179,0.334558644974044,0.644874786387016,3.54795504628032,0.158629287432002,2.29115679868881,3.87523784043924,1.14018724769521,4.47147004954524,3.54795504628032,0.158629287432002
2020-05-31,90664,9930,63772,81127.2857142857,8933.14285714286,56436.7142857143,3149.14285714286,362.285714285714,2399,NA,2030559.36448536,3010530.25626025,87574.8501135414,47670.2987012988,3435364.59895021,1010506.57744829,5092058.76744838,1498058.10913465,7.24637266495159,2.12487619498581,148203.59249984,43458.1962969452,10.9525280155299,22.2294900142907,0.329842225612948,0.628269657580651,3.59594432997598,0.158151071669755,2.35980229112767,3.99140713533579,1.17425192815359,4.39849814282748,3.59594432997598,0.158151071669755
2020-06-01,93435,10167,66965,84317.2857142857,9295.14285714286,58938.5714285714,3190,362,2501.85714285714,NA,2068252.84480569,3098062.21710007,87531.960839815,49476.4805194804,3499176.60960221,1029194.84480382,5240189.77810038,1541495.0220326,7.34398415351087,2.15349911268364,148131.010651994,43436.9128979533,10.8813613742174,21.8221454563748,0.328172879933857,0.617728679355288,3.64438311377231,0.157083142421671,2.42841416483569,4.10751953699551,1.20829992563276,4.31073143542394,3.64438311377231,0.157083142421671
2020-06-02,97326,10637,69749,87569.5714285714,9652.71428571429,61515.8571428571,3252.28571428572,357.571428571429,2577.28571428572,NA,2102887.58278862,3186121.8685029,88059.6514028367,53067.3419913419,3557792.70465023,1046379.48921639,5389213.80355133,1585193.79641296,7.44251013993612,2.18239019140984,149024.025450953,43698.7743803549,10.9292480940345,21.4352333578662,0.333854147424628,0.620993312909992,3.69327570853973,0.157231465042079,2.49743966846722,4.22433192775656,1.24255318307397,4.25768307893272,3.69327570853973,0.157231465042079
2020-06-03,101238,11729,72680,90886,10100.1428571429,64208.1428571429,3316.42857142857,447.428571428571,2692.28571428571,NA,2137146.5602489,3274734.20094154,88612.3324386422,53905.9264069267,3615831.24892368,1063335.20628047,5539173.13537057,1629166.83356296,7.54195931501252,2.21155197959014,149959.331819242,43973.037150003,11.5855706355321,21.4240260842161,0.358166473377525,0.658996826390865,3.7426264269987,0.157691672779863,2.56689839078899,4.34187745783956,1.27702142121861,4.21384068097137,3.7426264269987,0.157691672779863
2020-06-04,105680,12545,74758,94354.5714285714,10600.2857142857,66882,3468.57142857143,500.142857142857,2673.85714285714,NA,2173620.09518711,3366194.36358538,91460.1626438368,54486.4848484849,3677651.33002791,1081365.26443455,5693951.87215245,1674553.07968697,7.64234041100078,2.24098703781226,154778.736781877,45386.2461240094,11.8707418622256,21.5369790411949,0.372676044369528,0.678741484428505,3.79243960245151,0.162281977277388,2.63858938306686,4.46320067554056,1.31259740234898,4.27954564955924,3.79243960245151,0.162281977277388
2020-06-05,110026,13170,77841,97983,11136.7142857143,69573.1428571429,3628.42857142857,536.428571428572,2691.14285714286,NA,2215342.87022761,3460617.81827956,94423.4546941738,52164.2510822508,3748390.5427338,1101974.15709697,5853745.41086566,1721409.83164047,7.7436621621349,2.27069792724257,159793.538713217,46856.7519534999,11.9698980241034,21.5689855048405,0.3805678838742,0.685572064746944,3.84271956917973,0.166912447463651,2.71260314999717,4.5884547426534,1.34932603857004,4.34406430559087,3.84271956917973,0.166912447463651
2020-06-06,113619,13511,80830,101712.571428571,11669.8571428571,72370.7142857143,3729.57142857143,533.142857142857,2797.57142857143,NA,2254694.50703752,3556408.22565224,95790.4073726838,55905.6277056278,3815097.57645607,1121420.57192638,6015852.25411175,1768944.92101338,7.84593334686534,2.30068722201314,162106.843246081,47535.0893729106,11.8914970207448,21.4732586443476,0.379905768481404,0.676868491426902,3.89347068340686,0.168333947883541,2.78768840194442,4.71552209210259,1.3865863891604,4.32395403258016,3.89347068340686,0.168333947883541
2020-06-07,117103,13699,83775,105489.571428571,12208.2857142857,75228.2857142857,3777,538.428571428571,2857.57142857142,NA,2295375.38068337,3652157.01704701,95748.7913947687,54529.4891774892,3884064.07691168,1141519.33951433,6177888.67031828,1816459.35884838,7.9491627642029,2.33095750228506,162036.416206531,47514.4378349981,11.6982485504214,21.5716961414385,0.375093401955551,0.661175352095612,3.94469731155933,0.167499270067582,2.86274103323295,4.84253423736011,1.42383055205546,4.24664144503437,3.94469731155933,0.167499270067582
2020-06-08,120102,14053,87633,109299.142857143,12763.4285714286,78180.8571428571,3809.57142857142,555.142857142857,2952.57142857143,NA,2335658.73958124,3747482.00365051,95324.9866035003,54486.4848484849,3952369.62933226,1161412.28023486,6339207.87841651,1863763.48753884,8.05335926066812,2.3615113621508,161319.208098231,47304.1286904586,11.7008875788913,21.4270125596867,0.374998465271098,0.653858778332936,3.99640384363982,0.165949522468179,2.93746146539632,4.96898419948273,1.46090986425683,4.15291491778223,3.99640384363982,0.165949522468179
2020-06-09,124301,14649,90748,113152.714285714,13336.5714285714,81180.7142857143,3853.57142857143,573.142857142859,2999.85714285714,NA,2376448.61859518,3842664.94327051,95182.9396199994,53819.9177489178,4021547.89711409,1181545.27819881,6500286.69931189,1910997.12674876,8.15853170119857,2.39235140110334,161078.820895383,47233.6392099245,11.785102292017,21.3293000281021,0.381219810112619,0.657542184798197,4.04859467879027,0.164971003611575,3.01207055411897,5.09524573424414,1.49793392332221,4.07520747817229,4.04859467879027,0.164971003611575
2020-06-10,129184,15357,93930,117145,13854.8571428571,84216.4285714286,3992.28571428571,518.285714285714,3035.71428571428,NA,2405928.12289628,3940007.51250667,97342.5692361607,67344.7792207792,4071485.3439533,1196138.51019356,6665020.27801924,1959302.46185843,8.2646889939207,2.42348023130005,164733.578707349,48305.3351096739,11.887695070597,21.0381091211995,0.389770830417268,0.664589686012527,4.10127423758471,0.167975831927197,3.08837246718896,5.22437204867027,1.53579803055995,4.09613607777912,4.10127423758471,0.167975831927197
2020-06-11,133974,15944,97198,121187,14340.4285714286,87422.1428571429,4042,485.571428571428,3205.71428571429,NA,2427456.80896165,4037300.84792269,97293.3354160222,75279.0779220778,4107908.41707493,1206829.25881032,6829670.53795405,2007583.36514759,8.37184005401162,2.45490046696581,164650.259934808,48280.9032891539,11.9008165763506,20.8983220219012,0.394917312347522,0.665573843841286,4.15444694409599,0.167983678611053,3.16463578835929,5.35343305372776,1.57364298693019,4.0439003347656,4.15444694409599,0.167983678611053
2020-06-12,139196,16448,100876,125354.142857143,14808.7142857143,90712.8571428571,4167.14285714286,468.285714285716,3290.71428571429,NA,2445274.19678823,4136327.14916918,99026.3012464941,80740.6277056278,4138013.7437265,1215705.29766733,6997253.50929427,2056724.23644284,8.47999383670965,2.48661473407276,167582.97134022,49140.8712952528,11.8164315066525,20.8265442454318,0.397647463724036,0.663372961874032,4.20811724227697,0.171648492696662,3.24225749373078,5.48479286281797,1.61216202869348,4.07942587818288,4.20811724227697,0.171648492696662
2020-06-13,142690,16872,104078,129507.142857143,15288.8571428571,94034,4153,480.142857142857,3321.14285714286,NA,2461983.87097504,4233763.04413522,97435.8949660314,80246.0779220778,4166254.9615811,1224024.01568485,7162145.02385217,2105075.88356884,8.58915930863248,2.51862566192983,164891.514557899,48351.6471260006,11.8242343541944,20.5054414469651,0.39851072967751,0.657679491951342,4.2622895817274,0.169819328356901,3.31863256011677,5.61404297516349,1.65006243757676,3.98466131503819,4.2622895817274,0.169819328356901
2020-06-14,146837,17141,107298,133754.857142857,15780.5714285714,97394.4285714286,4247.71428571428,491.714285714286,3360.42857142857,NA,2478846.2676698,4332158.81312434,98395.768989129,81041.6580086579,4194758.98455904,1232415.35432392,7328660.940603,2153903.85915743,8.69934547666735,2.55093589165433,166515.916750834,48827.9755885904,11.6734882897362,20.2255378908417,0.395668781764673,0.645552334899164,4.31696843203041,0.172513268634114,3.39576002316584,5.74456637416961,1.68833621623269,3.99660493917697,4.31696843203041,0.172513268634114
2020-06-15,150264,17580,112292,138063.714285714,16284.4285714286,100917.142857143,4308.85714285716,503.857142857141,3522.71428571429,NA,2493337.17597044,4430710.98982326,98552.176698911,83557.4112554113,4219246.55465024,1239632.16703595,7495441.54732423,2202809.450602,8.81056136033177,2.58354806806721,166780.606721233,48905.5914445715,11.6994090400894,20.0054405054405,0.396776048818776,0.64030541077595,4.37215826903682,0.173805932795972,3.4730100863021,5.87529725024635,1.72667083402962,3.97572765944673,4.37215826903682,0.173805932795972
2020-06-16,154863,18310,115394,142429.714285714,16807.4285714286,104438,4366,523.000000000002,3520.85714285714,NA,2505150.34894628,4529313.84678178,98602.8569585243,86266.6839826843,4239203.3638621,1245519.6030347,7662307.92063866,2251740.19164909,8.92281601825422,2.616464847458,166866.373314427,48930.7410470876,11.823353544746,19.860598356823,0.404255492540218,0.645682674322027,4.42786358800585,0.175087234144509,3.5502998751287,6.00609535441445,1.76502516532704,3.95465394367076,4.42786358800585,0.175087234144509
2020-06-17,159793,19080,118504,146802.428571429,17339.2857142857,107948.571428571,4372.71428571429,531.857142857141,3510.57142857143,NA,2524124.86565478,4626830.07344699,97516.2266652109,78009.8528138527,4271323.48005012,1254928.69188467,7827335.38114902,2300131.70262581,9.03611852049382,2.64968888946811,165027.460510356,48391.5109767211,11.9404479545412,19.8136092356314,0.412377366298767,0.652763978536125,4.48408888986911,0.174529448231816,3.62673790946772,6.13545202791126,1.8029568214652,3.89262970608643,4.48408888986911,0.174529448231816
2020-06-18,165455,19747,122180,151299.714285714,17882.5714285714,111517.428571429,4497.28571428571,543.285714285714,3568.85714285713,NA,2549536.58319268,4725870.93384203,99040.8603950413,73085.857142857,4314367.88115821,1267509.94376707,7994942.99104832,2349279.7987617,9.1504779795571,2.68322286618592,167607.609899299,49148.096135885,11.9349672116285,19.7240044875269,0.417848906083986,0.655930959635336,4.54083869662232,0.178152071081046,3.70437102701885,6.26683114992086,1.84148152641538,3.92377024380484,4.54083869662232,0.178152071081046
2020-06-19,170485,20394,126438,155769.571428571,18446.2857142857,115169.142857143,4469.85714285713,563.714285714286,3651.71428571429,NA,2575699.36262908,4823081.52280224,97210.5889602033,70484.0952380951,4358709.41998463,1280444.90413185,8159453.21851943,2397519.63989984,9.26590352994051,2.71706945614797,164510.227471113,48239.8411381459,11.9623427280992,19.7423724667263,0.42284170200281,0.658282454349473,4.59811754117349,0.175300676751452,3.78056948743065,6.39578239061774,1.87929429624379,3.81287288054798,4.59811754117349,0.175300676751452
2020-06-20,175202,20781,130854,160414.142857143,19004.7142857143,118994.285714286,4644.57142857145,558.428571428572,3825.14285714286,NA,2602628.20068195,4922837.56431831,99756.0415160768,72268.7748917751,4404335.49756861,1293768.64976067,8328271.13493125,2447022.63794542,9.38240432285683,2.7512313427926,168817.916411822,49502.9980455721,11.861165968425,19.5268625914086,0.422134586577155,0.652234938199793,4.65592996472595,0.18030247572889,3.85876319926395,6.52811021064334,1.91809719083776,3.87296914241783,4.65592996472595,0.18030247572889
2020-06-21,180545,21825,134495,165229.571428571,19673.8571428571,122879.571428571,4815.42857142855,669.142857142855,3885.28571428572,NA,2630094.17451058,5024983.13122054,102145.566902226,74010.4502164503,4450939.21152037,1307308.99982386,8501132.86353502,2497711.41550592,9.49998955031169,2.78571122151997,172861.728603769,50688.7775605032,12.0883990140962,19.4332732203887,0.434329816241569,0.666466304157599,4.7142805287261,0.185000999053319,3.93882993910261,6.6636077703703,1.95782955797575,3.9247083726927,4.7142805287261,0.185000999053319
2020-06-22,185122,22584,139383,170209.285714286,20388.7142857143,126749.714285714,4979.71428571429,714.857142857145,3870.14285714286,NA,2657868.29319719,5129310.24124914,104327.110028601,75838.1341991341,4498087.64314386,1320985.35195405,8677686.43435265,2549482.76333966,9.61866842197367,2.82051179290957,176553.570817633,51771.3478337424,12.1995224770692,19.2928787714935,0.440293118134732,0.67090600127871,4.77317380338543,0.189314752118444,4.02060668018013,6.80199917834764,1.99841049715707,3.96666822958972,4.77317380338543,0.189314752118444
2020-06-23,191410,23377,143646,175430.285714286,21112.5714285714,130785.714285714,5221,723.857142857141,4036,NA,2686461.7717915,5237347.00122873,108036.759979594,78719.4242424243,4546615.66186391,1335073.41329731,8860517.87431812,2603094.99009645,9.73845019287261,2.85563577084234,182831.439965466,53612.2267567907,12.2130505198266,19.188711239681,0.446351941059386,0.675515218020286,4.8326143814255,0.196413648117937,4.10529122809182,6.94531149019819,2.04043440815084,4.06478982634747,4.8326143814255,0.196413648117937
2020-06-24,196847,24324,148487,180723.714285714,21861.7142857143,135069,5293.42857142858,749.142857142859,4283.28571428571,NA,2713852.4657124,5345539.39644833,108192.3952196,80052.5584415584,4593119.57245532,1348556.32800349,9043612.69699744,2656784.44937836,9.85934416592736,2.89108588324186,183094.822679322,53689.459281907,12.3568050313187,19.2412486342199,0.455033593357506,0.683948479945353,4.89260687933237,0.197018922327543,4.19009777059073,7.08883025442712,2.08251885781195,4.02731936689537,4.89260687933237,0.197018922327543
2020-06-25,202951,25060,152362,186080.285714286,22620.7142857143,139380.714285714,5356.57142857142,759,4311.71428571429,NA,2739465.34920899,5453684.01154665,108144.615098317,81772.7316017314,4636613.79287811,1361157.81261727,9226626.66100998,2710450.19822414,9.98135970107216,2.92686487475048,183013.964012537,53665.7488457812,12.3478080916083,19.3169383241371,0.459505903659663,0.686169841083737,4.95315594188543,0.197356911281649,4.27486686067095,7.23228563763978,2.12458472206229,3.98491135626006,4.95315594188543,0.197356911281649
2020-06-26,208392,25779,156827,191495.571428571,23390,143722,5415.28571428571,769.285714285714,4341.28571428571,NA,2761846.09266842,5561681.58184591,107997.570299258,84847.5411255411,4674631.21587539,1372160.48767447,9409391.77997795,2764042.97747039,10.1045062235035,2.96297550914766,182765.118967976,53592.7792462488,12.3704364850858,19.475112820769,0.463510893614374,0.687901902527833,5.01426624624988,0.197654797024478,4.35952068977579,7.37554596381721,2.16659338913687,3.94228641477223,5.01426624624988,0.197654797024478
2020-06-27,212802,26381,160721,196867,24190,147988.714285714,5371.42857142858,800,4266.71428571429,NA,2782815.43617746,5667502.88639391,105821.304548005,84051.9610389615,4710285.03895663,1382444.63343299,9588473.98767458,2816555.8052912,10.228793219358,2.99942056808242,179082.207696624,52512.8278208142,12.3969699532899,19.4608249330255,0.46547836902445,0.686528760364598,5.07594249983179,0.19446534563676,4.44246865430902,7.51591944225807,2.20775553695035,3.8315424175488,5.07594249983179,0.19446534563676
2020-06-28,216852,26648,164646,202053.714285714,24879,152296,5186.71428571429,689,4307.28571428571,NA,2782354.69343573,5768447.28218032,100944.395786402,100716.138528138,4709519.06772336,1382205.99095535,9759302.96515926,2866648.51297468,10.3542302374384,3.03620285157969,170828.977484681,50092.7076834776,12.288565473226,19.2585769135497,0.461961403068033,0.676343888061429,5.13818944113486,0.186363093746087,4.52159385690677,7.64982363126965,2.24702067508157,3.62741971580628,5.13818944113486,0.186363093746087
2020-06-29,220657,27121,170147,207130.142857143,25527.1428571429,156690.857142857,5076.42857142858,648.142857142859,4394.85714285713,NA,2771714.3535283,5866051.91629886,97604.6341185467,107596.831168832,4691466.15183607,1376959.43022792,9924480.03828295,2915083.89531922,10.4808268784125,3.07332517487283,165177.073123693,48435.3823445416,12.2910218121338,19.05380361648,0.462338219759769,0.671760689173177,5.20101183440018,0.182430541610169,4.59810118937376,7.77929757852147,2.28498671976443,3.50798675484547,5.20101183440018,0.182430541610169
2020-06-30,226089,27769,174538,212084.285714286,26154.5714285714,161104,4954.14285714284,627.428571428569,4413.14285714287,NA,2756241.70412673,5960158.16300119,94106.2467023293,108951.467532467,4665214.90999166,1369329.85018117,10083736.7634715,2961783.23578805,10.6085927711336,3.11079036146022,159256.725188559,46699.3404688253,12.2823312943133,18.7897435476389,0.465910454732247,0.671344383520961,5.26441445785576,0.178719294882264,4.67186631301462,7.90413086468292,2.32159196908997,3.39523611379849,5.26441445785576,0.178719294882264
2020-07-01,231770,28510,178526,217073.285714286,26752.5714285714,165395.285714286,4989,598,4291.28571428571,NA,2736516.67454137,6053788.48406518,93630.3210639907,112757.350649351,4631729.45333072,1359617.62926986,10242188.0760413,3008246.40263183,10.737537578473,3.14860124481541,158451.312569829,46463.1668437845,12.3009880484964,18.7487360211447,0.470944765827947,0.673396212844109,5.32840210661069,0.180986908999535,4.74525838263636,8.02833282865818,2.35801209386467,3.39702867581622,5.32840210661069,0.180986908999535
2020-07-02,238511,29189,183757,222153.285714286,27342.4285714286,169880.285714286,5080,589.857142857145,4485,NA,2715882.35441571,6147985.02108238,94196.5370171955,114241,4596692.73575542,1349463.24914305,10401597.6002243,3054990.54882082,10.867670958117,3.18676065689145,159409.524182947,46744.1461889846,12.2380099869608,18.6209392533412,0.474773440402123,0.673774929754917,5.39297957320091,0.185616290448427,4.81909428028504,8.15328588621748,2.39465246412642,3.44220584853489,5.39297957320091,0.185616290448427
2020-07-03,245251,29843,189345,227418.857142857,27923,174525.714285714,5265.57142857142,580.571428571428,4645.42857142858,NA,2695984.32219514,6244456.71613454,96471.6950521581,115789.155844156,4562888.49441512,1339684.10426023,10564857.391851,3102863.72080159,10.9990025952041,3.22527143769144,163259.791626727,47873.1719807703,12.1683499761469,18.5826279082149,0.477911872187233,0.673548784123933,5.45815166378551,0.193858366979963,4.89471355916113,8.28125697354625,2.43217782056117,3.55213085335991,5.45815166378551,0.193858366979963
2020-07-04,252165,30366,195724,233042.142857143,28492.2857142857,179526.142857143,5623.28571428574,569.285714285714,5000.42857142858,NA,2676801.68258419,6346255.48344999,101798.767315451,120412.121212121,4530265.84056801,1330281.12413106,10737132.2288464,3153380.40232655,11.131542184748,3.26413643011406,172274.83699538,50516.6815249603,12.0421152816608,18.3983816110276,0.478486882212505,0.670432675394663,5.5239231894238,0.208555829867603,4.97450846035683,8.41629449864668,2.47177529032746,3.77594062685661,5.5239231894238,0.208555829867603
2020-07-05,256848,30639,199914,238755.857142857,29062.4285714286,184564.428571429,5713.71428571426,570.142857142859,5038.28571428571,NA,2674734.26941306,6448463.15252994,102207.669079953,103704.939393939,4526684.85564104,1329315.06517825,10910099.0534432,3204099.99750908,11.265299466905,3.30335849029545,172966.824596843,50719.5951825329,11.9288450756868,18.1875479973644,0.475136467019732,0.662202836793916,5.59029898357692,0.21342802911564,5.05462387894934,8.55187443780322,2.51153181383953,3.81827573349706,5.59029898357692,0.21342802911564
2020-07-06,261750,31119,204826,244626.285714286,29633.5714285714,189518.571428571,5870.42857142858,571.142857142855,4954.14285714284,NA,2680375.42083234,6552230.76715269,103767.614622748,97555.3203463205,4536178.11188906,1332153.22302542,11085705.7858817,3255593.70100608,11.4002842537248,3.34294049545314,175606.732438497,51493.7034970028,11.8888252148997,17.9103511097105,0.474937484741902,0.658481800193831,5.65728391538224,0.21945133835396,5.13596205989684,8.68952366709899,2.55189512167814,3.8795485521453,5.65728391538224,0.21945133835396
2020-07-07,268008,32014,209437,250614.714285714,30240,194504.142857143,5988.42857142858,606.428571428572,4985.57142857145,NA,2689934.99797004,6656834.27935532,104603.512202634,94437.506493506,4552341.31935286,1336907.65228172,11262727.1142247,3307502.21082092,11.5365064279239,3.38288534352657,177021.328342918,51908.5098148407,11.9451658159458,17.7376308766167,0.480919287705332,0.663766512107382,5.72488288904496,0.223391389217437,5.2179554586486,8.82828172652504,2.59258357519405,3.90256944566933,5.72488288904496,0.223391389217437
2020-07-08,275003,32796,214316,256790.857142857,30852.2857142857,199617,6176.14285714284,612.285714285714,5112.85714285713,NA,2705926.68901244,6763446.31671807,106612.037362744,90008.0606060605,4579414.07122681,1344836.18210082,11443147.4851462,3360407.43236935,11.6739759826716,3.42319596484355,180420.370921567,52905.2215484292,11.9256880834027,17.6095510977533,0.484900721676965,0.666201140531465,5.79310086358138,0.229575187977246,5.30152323861269,8.96970412338735,2.63405330058976,3.96336853653337,5.79310086358138,0.229575187977246
2020-07-09,282283,33526,219628,263044,31471.8571428571,204741.428571429,6253.14285714287,619.571428571428,5124.42857142858,NA,2723198.23595688,6870119.87232052,106673.55560245,88782.4372294378,4608663.41440751,1353392.05609474,11623671.9638581,3413343.18176606,11.8127030001623,3.46387531583706,180524.478711838,52935.7493967041,11.8767336325602,17.4315861103089,0.487997307515334,0.66718631932714,5.86194284218579,0.231063898169897,5.38513923961116,9.11120812507707,2.67554695522059,3.94221898307902,5.86194284218579,0.231063898169897
2020-07-10,289174,34191,225356,269318.714285714,32093,209885.857142857,6274.71428571426,621.142857142859,5144.42857142855,NA,2740980.13052802,6975907.7062856,105787.833965083,87384.7965367963,4638783.93928615,1362195.71591414,11802697.5290297,3465839.40012467,11.9526977026239,3.50492639400249,179025.565171678,52496.2183586126,11.8236770940679,17.3361350892925,0.490129764320024,0.666580853796698,5.93141389754268,0.230390671973731,5.46806096824854,9.25153720430956,2.71669608371733,3.88469089647125,5.93141389754268,0.230390671973731
2020-07-11,295268,34730,229856,275476.285714286,32716.4285714286,214761.857142857,6157.57142857148,623.428571428572,4876,NA,2757270.78934142,7078507.91921155,102600.212925947,85686.1255411254,4666390.2300253,1370252.52726945,11976328.6585967,3516753.79150146,12.0939704120258,3.54635222608275,173631.129566988,50914.3913767859,11.7621957001775,17.0923298528962,0.490640123545535,0.663121996534734,6.00151915183235,0.224622998796648,5.54848408209348,9.38763785850868,2.75660529810655,3.74319433341468,6.00151915183235,0.224622998796648
2020-07-12,299750,35006,234905,281605.142857143,33340.2857142857,219760.571428571,6128.8571428571,623.857142857145,4998.71428571429,NA,2771763.79112135,7179439.91666247,100931.997450926,85815.1385281384,4690954.03523529,1377417.48411405,12147136.6542829,3566840.34662748,12.2365315950283,3.58815588124889,170807.995686183,50086.555126023,11.6783986655546,16.9371571394462,0.487586781230051,0.654863754689725,6.07226379903658,0.222254815702551,5.62759956626358,9.5215256009504,2.79586561355938,3.66057616977962,6.07226379903658,0.222254815702551
2020-07-13,304435,35491,240101,287703,33964.8571428571,224799.857142857,6097.85714285716,624.571428571428,5039.28571428571,NA,2784428.14731464,7278694.49796399,99254.5813015159,85965.653679654,4712423.01165031,1383675.13670406,12315105.9457162,3616094.49975455,12.3803918161493,3.63034045736708,167969.291433336,49254.1531270687,11.6579893901818,16.7354963231801,0.48760117641876,0.650771110406429,6.14365308169813,0.219974618119527,5.7054002088159,9.65318822680817,2.83447345121692,3.58091773979634,6.14365308169813,0.219974618119527
2020-07-14,311486,36327,245830,293914.142857143,34581,229998.857142857,6211.14285714284,616.142857142855,5199,NA,2792462.12322902,7378621.30504721,99926.8070832193,91276.6883116886,4726025.69616477,1387657.02808156,12484212.8500109,3665682.23860787,12.5255617633917,3.67290908851336,169106.904294677,49587.738853327,11.662482422966,16.5942070712887,0.492327746582565,0.653165764084307,6.21569230363799,0.223042425912254,5.78372777513406,9.78574256980813,2.87334276984097,3.58877305487631,6.21569230363799,0.223042425912254
2020-07-15,317635,36906,252368,300004.428571429,35168.1428571429,235434.857142857,6090.28571428574,587.142857142855,5436,NA,2796566.4343103,7475471.0360419,96849.7309946967,92158.2770562768,4732954.04678583,1389706.41983188,12648112.3947712,3713743.00737216,12.6720522182149,3.71586493616827,163899.544760255,48060.7687642854,11.6189966470949,16.5262275999017,0.493694642412004,0.651186258565496,6.28838681505399,0.218073420543435,5.85964337725137,9.91421512723743,2.91101517389919,3.46825585167493,6.28838681505399,0.218073420543435
2020-07-16,324041,37574,257681,305969.857142857,35746.4285714286,240871,5965.42857142858,578.285714285717,5436.14285714287,NA,2796503.62383937,7569241.39873114,93770.3626892362,93254.8874458876,4732819.16972512,1389696.0487926,12806800.7008607,3760275.66855629,12.8198740833306,3.75921119736762,158688.306089478,46532.6611841321,11.5954462552578,16.4842512734162,0.496403774442954,0.651371125745957,6.36174202631443,0.213289366614173,5.933145218415,10.0386028584374,2.94748977176986,3.35305328487081,6.36174202631443,0.213289366614173
2020-07-17,331298,38310,264202,311987.571428571,36334.8571428571,246420.428571429,6017.71428571426,588.428571428572,5549.42857142858,NA,2795928.06499462,7662745.67971324,93504.2809820976,93491.4112554109,4731822.49871314,1389426.91325417,12965038.7148304,3806676.28919402,12.9690383512256,3.80295109547217,158238.013969703,46400.6206377326,11.5636073867032,16.4666686952406,0.499951343829979,0.653079797905563,6.43576339233752,0.215163776447119,6.00643849159602,10.1626376284361,2.98386086973939,3.34361379634917,6.43576339233752,0.215163776447119
2020-07-18,338913,38888,271239,318222.571428571,36928.8571428571,252332.285714286,6235,594,5911.85714285713,NA,2797267.63434584,7758514.6949519,95769.0152386623,93835.4458874464,4734069.08860421,1390106.48687422,13127109.3560035,3854200.76292148,13.1195561170367,3.84708788394309,162070.641173121,47524.4737274563,11.4743311705364,16.3337699502661,0.501229958684007,0.652465906717117,6.51045641898062,0.222978890215208,6.08150697533216,10.2896766009126,3.02111289926259,3.42530326290231,6.51045641898062,0.222978890215208
2020-07-19,344224,39184,271239,324576,37525.7142857143,257522.857142857,6353.42857142858,596.857142857138,5190.57142857142,NA,2799242.06380866,7854985.93393853,96471.2389866281,93899.9523809524,4737391.73846436,1391099.88044224,13290368.375827,3902073.70858402,13.271438562011,3.89162484149196,163259.019823525,47872.9456625381,11.3832853025937,16.1909281985219,0.498842395512132,0.647264107478158,6.58582665483254,0.227105572454404,6.15712589672156,10.4176470832639,3.05863807829793,3.44876685384409,6.58582665483254,0.227105572454404
2020-07-20,349396,39485,271239,330999,38096.2857142857,261971.142857143,6423,570.571428571435,4448.28571428574,NA,2801078.2588394,7951400.1636013,96414.229662776,94007.4632034628,4740461.76082408,1392038.27797629,13453530.9183332,3949918.3639054,13.4246969841377,3.93656528106294,163162.542506237,47844.6553213773,11.3009307490641,15.9725487353982,0.496579208536735,0.642242944063785,6.66187970641421,0.229430706426961,6.2327001313875,10.5455419419293,3.09614108196674,3.44429768719589,6.66187970641421,0.229430706426961
2020-07-21,356255,40400,271239,337394.571428571,38678.1428571429,265601,6395.57142857142,581.857142857138,3629.85714285713,NA,2802666.7648939,8046309.3622965,94909.1986951949,92738.8354978357,4743126.26557565,1392843.83092707,13614146.4853559,3997016.16175414,13.5793428157959,3.98191255500781,160615.567022637,47097.7978487434,11.3401917166075,15.7708400198747,0.502093546008893,0.646973817523849,6.7386212469363,0.228301429494391,6.30709464845448,10.6714403554273,3.13305866186464,3.38830942676052,6.7386212469363,0.228301429494391
2020-07-22,362274,41190,271239,343771.571428571,39290.1428571429,268296.857142857,6377,612,2695.85714285716,NA,2807239.35866144,8139867.85216793,93558.489871433,88373.8961038962,4750881.70997346,1395100.41558937,13772476.237446,4043443.68304372,13.7353875952684,4.02767004673285,158329.752090117,46427.5212895833,11.3698471322811,15.5811246037883,0.506027871067092,0.649044150639962,6.81605700216328,0.227509709544292,6.38043041324009,10.7955470342953,3.16945084589359,3.33819528755053,6.81605700216328,0.227509709544292
2020-07-23,370712,41908,275454,350438.857142857,39909.2857142857,270835.857142857,6667.28571428574,619.142857142862,2539,NA,2816288.17578627,8236576.57405467,96708.7218867363,87040.7619047621,4766223.37851439,1399570.22387259,13936137.1514082,4091434.47736346,13.8928430104025,4.07384118350148,163660.91396217,47990.794319734,11.3047325147284,15.5380947931406,0.508803622757673,0.649891284306372,6.89419277207943,0.237478959619864,6.45623548545479,10.9238325411201,3.20706840052645,3.44497598996508,6.89419277207943,0.237478959619864
2020-07-24,378285,42645,283382,357151.285714286,40528.5714285714,273575.857142857,6712.42857142858,619.28571428571,2740,NA,2823364.1367818,8332839.2363489,96262.662294236,88567.4155844152,4778219.44437496,1403066.0584375,14099043.1952907,4139203.9188027,14.0517208683835,4.12042942757109,162906.043882553,47769.4414392449,11.27324636187,15.483694910629,0.511770343702025,0.650847039969742,6.97303441588954,0.238319044015194,6.53169091413205,11.051526343497,3.24451244783998,3.41806861676578,6.97303441588954,0.238319044015194
2020-07-25,385036,43374,288819,363740.285714286,41169.4285714286,276087.285714286,6589,640.857142857145,2511.42857142858,NA,2826743.97795293,8426265.93466288,93426.6983139794,89406,4783971.61514807,1404719.66812715,14257149.9155144,4185566.03977054,14.2120331478593,4.16743829147753,158106.72022366,46362.1209678398,11.2649206827414,15.3612685335619,0.514747580201257,0.651570974727653,7.05258787788505,0.233350866185069,6.60492337418635,11.1754581989735,3.28085336786692,3.3090559271774,7.05258787788505,0.233350866185069
2020-07-26,390516,43680,295222,370353.428571429,41811.7142857143,279513.428571429,6613.14285714284,642.28571428571,3426.14285714284,NA,2828979.42196808,8518979.70768237,92713.7730194815,89836.0432900432,4787786.12480009,1405806.10114004,14414050.1467781,4231574.37826141,14.3737919561149,4.2148713254773,156900.231263738,46008.3384908703,11.1852011185201,15.2040938774174,0.512737457991708,0.645824598208618,7.13285916619235,0.233926179945404,6.67759700818671,11.2984443488203,3.31691697571672,3.27987867817527,7.13285916619235,0.233926179945404
2020-07-27,395489,44022,303810,376938.142857143,42459.8571428571,284166.428571429,6584.71428571426,648.142857142862,4653,NA,2833730.35891993,8610258.432513,91278.724830633,85879.6450216454,4795879.87524606,1408124.63161453,14568521.834953,4276870.58757586,14.5370095762383,4.26273213137815,154471.688174913,45296.2093144488,11.1310301930016,15.0415919991134,0.511273852521889,0.640774845536003,7.21385437617841,0.232736849155582,6.7491457805462,11.4195268866595,3.35242238154925,3.22656022598891,7.21385437617841,0.232736849155582
2020-07-28,402697,44876,308142,383572.714285714,43099.2857142857,289438.285714286,6634.57142857142,639.428571428572,5271.85714285716,NA,2836452.22063943,8701198.03882124,90939.606308246,87578.3160173157,4800525.95991424,1409446.3277632,14722419.6302439,4321998.51251078,14.7016984231812,4.31102434965462,153897.79529088,45127.924934919,11.1438625070462,14.9042741443856,0.515745070963577,0.643299795373794,7.29557966864629,0.234106253214698,6.82042873506034,11.5401595789142,3.38779587777432,3.2091834716027,7.29557966864629,0.234106253214698
2020-07-29,408449,45361,314538,390169.142857143,43695.1428571429,295623.857142857,6596.42857142858,595.857142857138,6185.57142857142,NA,2833147.32084833,8790604.26890028,89406.2300790381,92115.2727272725,4794921.87675129,1407814.43441896,14873722.4811469,4366365.51390338,14.8678710852162,4.35975167160475,151302.850902986,44367.0013926048,11.1056704753837,14.798468800257,0.516016858596169,0.640827142071667,7.37804129040804,0.232537345449567,6.89050975355962,11.6587582256052,3.42257292454839,3.15204428364681,7.37804129040804,0.232537345449567
2020-07-30,416179,46000,320100,396664.428571429,44279.7142857143,302001.857142857,6495.28571428574,584.571428571428,6378,NA,2826426.00672654,8877657.90715944,87053.6382591613,93190.3809523815,4783523.41109463,1404496.46113833,15021044.0228162,4409565.0637162,15.035540283243,4.40891782741711,147321.541669352,43199.549812817,11.0529363567119,14.7722149410223,0.518154680897346,0.640718503587452,7.46124555409049,0.22923926536081,6.95874669440676,11.7742361255004,3.45643486511916,3.07268307646969,7.46124555409049,0.22923926536081
2020-07-31,424637,46688,327115,403286.142857143,44857.2857142857,308249.428571429,6621.71428571426,577.571428571435,6247.57142857142,NA,2820397.18529654,8965418.5402749,87760.6331154518,93211.8831168832,4773291.91109221,1401525.72912903,15169562.0173193,4453115.45308176,15.2047189064868,4.45852659663898,148517.994503072,43550.3893655632,10.9948026196493,14.7346020379673,0.520756502223135,0.641433707831256,7.54519885585058,0.23425737736174,7.0275378127375,11.890651864214,3.49057181105772,3.1050037364004,7.54519885585058,0.23425737736174
2020-08-01,434193,47472,334867,410308.571428571,45442.7142857143,314827.714285714,7022.42857142858,585.428571428565,6578.28571428568,NA,2815391.23233522,9057456.72584171,92038.1855668165,96458.7099567102,4764781.92476206,1399069.4946842,15325318.9467401,4498788.53764876,15.3754199831376,4.50858179956666,155756.929420767,45673.0845669918,10.9333867657931,14.5890069812814,0.524120638242281,0.643372224124413,7.62990766080513,0.248964896424253,7.0996818879283,12.0127418376138,3.52637263032533,3.26330582254994,7.62990766080513,0.248964896424253
2020-08-02,439046,47746,342527,417241.428571429,46023.5714285714,321585.571428571,6932.85714285716,580.857142857145,6757.85714285716,NA,2807994.28463389,9147314.36688497,89857.6410432607,96673.7316017309,4752221.48579497,1395429.77412779,15477385.7238902,4543379.54748977,15.5476567307526,4.55908731202519,152066.777150128,44591.0098410156,10.8749424889419,14.4894521789385,0.521967411252965,0.638702227188087,7.71537852804263,0.246226751830719,7.17011674463445,12.1319392874242,3.56132526598402,3.19165734450088,7.71537852804263,0.246226751830719
2020-08-03,443813,48012,353442,424144.857142857,46593.5714285714,328675.857142857,6903.42857142858,570,7090.28571428574,NA,2798356.10230573,9235801.50490314,88487.1380181648,97555.320346321,4735856.61680007,1390686.28193058,15627133.1882286,4587290.45808525,15.7214425248999,4.61004705617365,149747.464338433,43910.9105954804,10.8180697726295,14.3789123686729,0.519846598852425,0.63430398729321,7.8016180950631,0.245827812662846,7.23947733338667,12.2493187453125,3.59574480626708,3.15125776795168,7.8016180950631,0.245827812662846
2020-08-04,449961,48869,357444,430896.857142857,47164,335719,6752,570.428571428572,7043.14285714284,NA,2787133.49286818,9321393.0123487,85591.5074455664,96243.6883116886,4716816.73929037,1385151.92687134,15771980.354675,4629764.43922365,15.8967909742169,4.66146502251473,144847.166446345,42473.9811384017,10.8607190400946,14.2361257840373,0.524267134056678,0.637747904506062,7.88863311502493,0.241263991799755,7.30656818389419,12.3628571077099,3.62903801027833,3.05863529573818,7.88863311502493,0.241263991799755
2020-08-05,456100,49698,361764,437704.142857143,47783.5714285714,342465.571428571,6807.28571428568,619.571428571428,6746.57142857142,NA,2782170.90054919,9406735.51959681,85342.5072481036,89685.5281385267,4708434.92371757,1382677.34077964,15916406.1361718,4672114.85635429,16.0737158580692,4.71334525161427,144425.781496789,42350.4171306379,10.896294672221,14.0990671436538,0.528323560245374,0.640560751046024,7.97643042580877,0.244219256695662,7.37346385574996,12.4760651677735,3.66223435871804,3.06201721110528,7.97643042580877,0.244219256695662
2020-08-06,462690,50517,365311,444348.571428571,48428.8571428571,348924.285714286,6644.42857142858,645.285714285717,6458.71428571432,NA,2775924.55540643,9489121.31731119,82385.7977143787,87986.8571428573,4697906.21875069,1379547.06531674,16055828.2553807,4712998.03416744,16.252231178789,4.76569184941933,139422.119208949,40883.17781315,10.9181093172535,14.0689949401718,0.53236752182566,0.643120184107962,8.0650169759404,0.238802177629023,7.43804191265488,12.585351110228,3.69428061252048,2.96120549956568,8.0650169759404,0.238802177629023
2020-08-07,469407,51311,370098,450744.285714286,49089.2857142857,355064.714285714,6395.71428571432,660.428571428572,6140.42857142852,NA,2766763.55558277,9567553.99714121,78432.679830024,86933.2510822518,4682460.35091725,1374959.26518943,16188560.4827854,4751919.51438385,16.4323511083192,4.81850897161239,132732.227404656,38921.4802164035,10.9310257409881,14.0497560688404,0.536302173108527,0.645307731270822,8.15439979811328,0.230380960853165,7.4995213205357,12.6893931851032,3.72478919086735,2.82546150893285,8.15439979811328,0.230380960853165
2020-08-08,475902,52006,377125,456702.714285714,49737,361101.571428571,5958.42857142852,647.714285714283,6036.85714285716,NA,2750270.77468595,9639824.80065998,72270.8035187684,88115.8701298693,4654592.61181714,1366743.50066276,16310864.9195094,4787783.22139316,16.6140900322468,4.8718008365235,122304.436724069,35863.7070093136,10.9278801097705,13.9610672130917,0.539491132623484,0.646333587963823,8.24458603103977,0.215340429763412,7.55617074545698,12.7852614426623,3.75290093556513,2.61210624134977,8.24458603103977,0.215340429763412
2020-08-09,480278,52298,384432,462593,50387.2857142857,367088,5890.28571428574,650.285714285717,5986.42857142858,NA,2732857.04107433,9710489.15362844,70664.3529684618,87427.8008658011,4625171.28240846,1358067.12372552,16430450.7476099,4822849.7424151,16.7974624873671,4.92557170682194,119585.828100476,35066.5210219445,10.8891100570919,13.9086121869871,0.538572250816615,0.642492002939227,8.3355828884679,0.214154578267741,7.6115609551017,12.8789987205226,3.78038780651664,2.56935984699655,8.3355828884679,0.214154578267741
2020-08-10,485836,53003,393160,468596.285714286,51100.2857142857,372762,6003.28571428574,713,5674,NA,2717585.74879923,9781724.49771698,71235.3440885432,85793.6363636367,4599426.55701984,1350416.8508672,16551002.8683752,4858199.61241393,16.9824831448746,4.97982588458729,120552.120765228,35349.8699988257,10.90964852337,13.7843624469361,0.54185742005278,0.643507645724562,8.42739765084004,0.21965400705432,7.66739873578497,12.9734934262943,3.80809678038954,2.60662533816769,8.42739765084004,0.21965400705432
2020-08-11,492522,53929,397278,474676.428571429,51823.1428571429,378452.571428571,6080.14285714284,722.857142857138,5690.57142857142,NA,2702367.61239945,9853087.3613172,71362.8636002149,85858.1428571427,4573778.31520042,1342788.20638095,16671770.7913909,4893612.76277193,17.1691668085925,5.03456771079027,120767.923015745,35413.1503580017,10.9495616439469,13.6994971667243,0.547330983907876,0.647186372740216,8.5200376644143,0.223716593385845,7.72333647255909,13.0681572885274,3.83585535653309,2.62596547806253,8.5200376644143,0.223716593385845
2020-08-12,498380,54666,401182,480716.428571429,52532.8571428571,384083.714285714,6040,709.71428571429,5631.14285714284,NA,2678525.4086172,9923209.75926655,70122.3979493473,93254.8874458876,4533492.37693156,1330911.32652338,16790439.4648436,4928410.3437092,17.3575284181061,5.08980156621156,118668.673452742,34797.5809372691,10.9687387134315,13.6436221919138,0.550890299874509,0.648757117611516,8.61351034281956,0.223491420746419,7.77830187109516,13.1611756552808,3.86313141896453,2.59485044253787,8.61351034281956,0.223491420746419
2020-08-13,505751,55293,406583,486868,53215.1428571429,389979.714285714,6151.57142857142,682.28571428571,5896,NA,2651362.03910346,9993853.95252337,70644.1932568289,97125.2770562777,4487549.21313908,1317413.12059927,16909991.176509,4963466.86066372,17.5475830543937,5.14553187309289,119551.711665403,35056.516954517,10.9328503552143,13.6268790157491,0.553270042394795,0.649056599467388,8.7078231698495,0.229646186855648,7.83367627856231,13.2548861909944,3.89061044823394,2.6374285280086,8.7078231698495,0.229646186855648
2020-08-14,511369,55908,410479,492862.571428571,53871.8571428571,395748.428571429,5994.57142857142,656.71428571429,5768.71428571432,NA,2619397.85934205,10061950.9935412,68097.0410178136,99404.506493507,4433453.41442197,1301553.06791423,17025232.3228469,4997259.37725902,17.7393459633732,5.20176310204178,115241.146337833,33792.5165953049,10.9330053249219,13.6215816730319,0.555637768817276,0.649318489545994,8.80298371114763,0.226078176381252,7.88705410231236,13.3452178927252,3.91709869159862,2.56837957296998,8.80298371114763,0.226078176381252
2020-08-15,517714,56543,418164,498835.714285714,54520,401611.142857143,5973.14285714284,648.142857142855,5862.71428571426,NA,2588380.41201611,10129072.5029252,67121.5093840118,97490.8138528131,4380962.64641983,1286160.73529921,17138822.5694967,5030567.79544958,17.932832543922,5.25849976851849,113590.246649869,33308.4181905631,10.921667175313,13.5387152126785,0.558224852114256,0.649830054984703,8.89899960826207,0.22801925222566,7.9396672561908,13.4342555377503,3.94320747472627,2.56247859196432,8.89899960826207,0.22801925222566
2020-08-16,522162,56757,424298,504819.142857143,55157,407306.285714286,5983.42857142858,637,5695.1428571429,NA,2556378.55748553,10195585.5012085,66512.9982832763,97877.852813853,4326796.46402742,1270286.80856116,17251383.02813,5063574.2457255,18.1280583686256,5.31574643892029,112560.458633237,33006.450275911,10.8696151768991,13.5040115167377,0.55668210514514,0.645655273105593,8.99587858894203,0.231149348749832,7.99180342901692,13.5224859840714,3.96907956048961,2.56967631088928,8.99587858894203,0.231149348749832
2020-08-17,525733,57023,430840,510518.714285714,55731.2857142857,412689.142857143,5699.57142857142,574.285714285717,5382.8571428571,NA,2511163.50598985,10258262.0384574,62676.5372489076,107317.303030304,4250182.65160616,1247919.14283505,17357451.0142435,5094676.88827007,18.3250391679863,5.37350772595086,106067.986113537,31102.6425445713,10.8463801967919,13.3911816103854,0.55587388766465,0.642320312365421,9.09362845930146,0.2229401591461,8.0409323942191,13.6056273097982,3.9934593477328,2.45177057464277,9.09362845930146,0.2229401591461
2020-08-18,531239,57774,433809,516049.714285714,56280.5714285714,417907.857142857,5531,549.28571428571,5218.71428571432,NA,2461983.47345065,10318432.2440134,60170.2055560406,108800.952380951,4166834.73939697,1223601.45214428,17459277.5159537,5124535.7872678,18.523790848483,5.43178829391606,101826.501710225,29858.8989977343,10.8753310656785,13.2538077060104,0.55991063985054,0.644409401975655,9.19225711278103,0.220242120017314,8.08809677286419,13.6854439505822,4.01686422736119,2.39610863301085,9.19225711278103,0.220242120017314
