"date","positive","death","recovered","positive7","death7","recovered7","dif_pos7","dif_dea7","dif_rec7","testPosRate7","Einfected","Epositive","dif_Epositive","dif_Erecovered","Einfected_U","Einfected_L","Epositive_U","Epositive_L","confirmRate_k_U","confirmRate_k_L","dif_Epositive_U","dif_Epositive_L","CFR","CFRadj","ECFR_k","EIFRadj_k","confirmRate_k","NCC7PerEinfected_k","cumIncidence","cumIncidence_U","cumIncidence_L","difEposPerEinfected_k","ascertainmentRate","docuTransmissionRate"
2020-03-22,363,5,1,363,5,1,NA,NA,NA,NA,14605.3896103896,14610.3896103896,NA,NA,14605.3896103896,14605.3896103896,14610.3896103896,14610.3896103896,NA,NA,NA,NA,NA,NA,NA,NA,NA,NA,0.0449405782372136,0.0449405782372136,0.0449405782372136,NA,NA,NA
2020-03-23,395,5,1,379,5,1,16,0,0,NA,16943.051948052,16948.051948052,2337.66233766234,0,16943.051948052,16943.051948052,16948.051948052,16948.051948052,23.646626198392,6.93397309576909,2337.66233766234,2337.66233766234,NA,NA,NA,NA,11.7344160082246,0.109548601076813,0.0521310707551678,0.0521310707551678,0.0521310707551678,16.0054774300539,11.7344160082246,0.109548601076813
2020-03-24,416,7,1,391.333333333333,5.66666666666667,1,12.3333333333333,0.666666666666667,0,NA,17047.7059440345,17053.3726107011,105.320662649177,0,17120.6202489454,16994.6496703691,17126.2869156121,17000.3163370358,23.5979671304598,6.91970464727769,178.234967560147,52.2643889838037,NA,NA,NA,NA,11.7102694030853,0.0727928673721109,0.0524550300475617,0.0526793095576805,0.0522918325092881,0.621615650899818,11.7102694030853,0.0727928673721109
2020-03-25,480,9,1,413.5,6.5,1,22.1666666666667,0.833333333333333,0,NA,17234.8251935294,17241.3251935294,187.952582828231,0,17437.8605173214,17087.0860397926,17444.3605173214,17093.5860397926,23.7662027555188,6.96903689823483,318.073601709315,93.2697027568647,NA,NA,NA,NA,11.7937547508589,0.1300271603668,0.0530331595826887,0.0536576826171262,0.0525787238575466,1.10250953087328,11.7937547508589,0.1300271603668
2020-03-26,580,9,14,446.8,7,3.6,33.3,0.5,2.6,NA,17513.841273152,17520.841273152,279.516079622681,0,17910.3877289906,17225.2932672746,17917.3877289906,17232.2932672746,24.0074007710506,7.03976413587197,473.027211669149,138.707227481933,NA,NA,NA,NA,11.913446999168,0.193213010045229,0.0538929322910023,0.0551126825850416,0.0530053779834767,1.62180977459303,11.913446999168,0.193213010045229
2020-03-27,635,11,16,478.166666666667,7.66666666666667,5.66666666666667,31.3666666666667,0.666666666666667,2.06666666666667,NA,17776.4904283337,17784.1570950004,263.315821848362,0,18355.3324531442,17355.2946024274,18362.9991198109,17362.961269094,24.0048567590393,7.03901814738747,445.611390820301,130.668001819489,1.73228346456693,NA,0.0618528049501564,NA,11.9121845571173,0.179095689558642,0.05470287409327,0.0564833533273408,0.053407303990617,1.50347269763152,11.9121845571173,0.179095689558642
2020-03-28,671,16,16,505.714285714286,8.85714285714286,7.14285714285714,27.547619047619,1.19047619047619,1.47619047619048,NA,18006.2150705644,18015.0722134216,230.915118421155,0,18744.921408128,17468.6935834985,18753.7785509851,17477.5507263557,24.0402736045109,7.04940353816485,390.779431174269,114.589457261627,2.38450074515648,NA,0.0888145204773573,NA,11.9297598338174,0.15496565258829,0.055413153505544,0.0576853646404199,0.0537597734733996,1.29899160552581,11.9297598338174,0.15496565258829
2020-03-29,852,18,16,575.571428571429,10.7142857142857,9.28571428571429,69.8571428571428,1.85714285714286,2.14285714285714,NA,18577.7090651228,18588.4233508371,573.351137415531,0,19713.3508055125,17751.3565539453,19724.0650912268,17762.0708396596,24.5526202158213,7.19964051441377,970.286540241668,284.520113303948,2.11267605633803,NA,0.0968344633660897,NA,12.1840070243925,0.387958381517653,0.0571767431383691,0.0606699009421238,0.0546349382535985,3.18418465606809,12.1840070243925,0.387958381517653
2020-03-30,950,24,53,654.857142857143,13.4285714285714,16.7142857142857,79.2857142857143,2.71428571428572,7.42857142857143,NA,18448.8332992465,19214.8376282509,626.414277413787,752.575757575758,19493.6709379857,17688.5546164213,20784.1507914655,18072.923037474,25.5059204481043,7.47917968027118,1060.08570023871,310.852197814362,2.52631578947368,NA,0.124903475451251,NA,12.6570733050743,0.426774232100231,0.059103551429847,0.0639306534353942,0.055591098759144,3.37185965835689,12.6570733050743,0.426774232100231
2020-03-31,1065,30,394,747.571428571429,16.7142857142857,72.8571428571429,92.7142857142857,3.28571428571429,56.1428571428571,NA,19063.4412903275,19933.074767961,718.237139710112,100.343434343434,20535.5899558589,17992.2286857512,21999.629027898,18429.3414677061,26.0127641698871,7.62780302726013,1215.4782364325,356.418430232086,2.8169014084507,NA,0.150503624499617,NA,12.9085897384402,0.502541446466639,0.0613128006853947,0.0676693829447825,0.0566874179385887,3.89313041133851,12.9085897384402,0.502541446466639
2020-04-01,1323,38,394,868,20.8571428571429,129,120.428571428571,4.14285714285714,56.1428571428571,NA,19866.0326978709,20865.2383255765,932.163557615491,125.429292929293,21896.1127774158,18388.8399248686,23577.1365869396,18891.9188722371,26.0342529161521,7.63410423857091,1577.5075590416,462.577404530995,2.87226001511716,NA,0.182121092541847,NA,12.9192533268123,0.631715257644992,0.064180073250194,0.0725216903621351,0.0581102750008199,4.88979688094644,12.9192533268123,0.631715257644992
2020-04-02,1414,55,537,987.142857142857,27.4285714285714,203.714285714286,119.142857142857,6.57142857142857,74.7142857142857,NA,20702.0879410175,21783.1225730521,917.884247475646,75.2575757575758,23315.1787932903,18800.6659424129,25130.4791595907,19347.4103033152,26.1569919901343,7.67009539560328,1553.34257265109,455.491431078142,3.88967468175389,NA,0.252489053465826,NA,12.9801614387132,0.599720356636606,0.0670034236149955,0.0772996679025684,0.0595113360841049,4.62037016366141,12.9801614387132,0.599720356636606
2020-04-03,1595,61,537,1124.28571428571,34.5714285714286,278.142857142857,137.142857142857,7.14285714285714,74.4285714285714,NA,21637.7394516212,22826.2603751422,1043.13780209003,100.343434343434,24903.0725584879,19261.711769014,26895.7892862046,19865.0576336757,26.4934925960803,7.76876850561753,1765.31012661389,517.647330360465,3.82445141065831,NA,0.267236064942241,NA,13.1471467018143,0.662445163742848,0.0702120455105872,0.0827296434181852,0.0611035845435714,5.03880480588261,13.1471467018143,0.662445163742848
2020-04-04,1746,73,914,1277.85714285714,42.7142857142857,406.428571428571,153.571428571429,8.14285714285715,128.285714285714,NA,22595.6225930584,23971.4710779068,1145.21070276468,179.184704184704,26528.9187538869,19733.5499480444,28833.8381678064,20433.3576816642,27.0229483729587,7.92402245522851,1938.04888160176,568.30004798849,4.18098510882016,NA,0.304528661435718,NA,13.4098841550021,0.709722335750936,0.07373463680063,0.0886909517551807,0.0628516373641942,5.29265409321153,13.4098841550021,0.709722335750936
2020-04-05,2281,83,989,1482,52,545.428571428571,204.142857142857,9.28571428571428,139,NA,23796.9255443862,25461.5878820486,1490.11680414171,279.528138528138,28567.0358363539,20325.943034525,31355.5742978923,21172.8141408623,27.6071504418565,8.09532982881507,2521.73613008598,739.456459198147,3.63875493204735,NA,0.325981240386498,NA,13.6997889410717,0.903439408474043,0.0783181361189163,0.0964476429092036,0.0651261558228927,6.59471452049963,13.6997889410717,0.903439408474043
2020-04-06,2561,92,997,1712.14285714286,61.7142857142857,680.285714285714,230.142857142857,9.71428571428572,134.857142857143,NA,25027.2538728998,27110.1716218176,1648.58373976903,408.541125541126,30653.9760846077,20932.9555885243,34145.4852421169,21990.9083275146,28.1315844676294,8.24911123486876,2789.91094422452,818.094186652299,3.59234673955486,NA,0.339356022098955,NA,13.9600343974702,0.967086042733551,0.083389069099718,0.105029221799791,0.067642558655471,6.92771735026895,13.9600343974702,0.967086042733551
2020-04-07,2954,107,1301,1982,72.7142857142857,809.857142857143,269.857142857143,11,129.571428571429,NA,26387.411105451,28975.8786379185,1865.70701610093,494.549783549784,32961.1212913426,21604.0346878139,37302.8355770569,22916.7478994143,29.1472897732627,8.54694963276123,3157.35033494003,925.839571899709,3.62220717670955,NA,0.3692726675766,NA,14.4640686092882,1.0782232011365,0.0891278587118156,0.114741019604879,0.0704903790644818,7.45470128515046,14.4640686092882,1.0782232011365
2020-04-08,4342,121,1333,2413.28571428571,84.5714285714286,944,431.285714285714,11.8571428571429,134.142857142857,NA,28510.0951473821,31733.9825932695,2758.103955351,623.56277056277,36558.696483182,22653.5105496529,41970.3961168817,24285.4310652276,31.5109972167622,9.24006685303552,4667.56053982477,1368.68316581328,2.78673422385997,NA,0.381294719767266,NA,15.6370362128293,1.63439157986268,0.0976116014385447,0.129098122680882,0.074700356658197,10.4523476908322,15.6370362128293,1.63439157986268
2020-04-09,5256,138,1438,2962.14285714286,96.4285714285714,1072.71428571429,548.857142857143,11.8571428571429,128.714285714286,NA,30741.4289684131,34966.2731242572,3232.29053098774,989.099567099567,40338.4592132785,23758.1262589079,47440.4262462455,25889.4248625599,34.2181586842788,10.0338961555404,5470.03012936387,1603.99379733226,2.62557077625571,26.5643447461629,0.394666024341796,0.944533333333333,16.9804396478376,1.92508252783105,0.107553910258972,0.145923568376991,0.0796341339675821,11.3373544152642,16.9804396478376,1.92508252783105
2020-04-10,5897,169,1569,3576.71428571429,111.857142857143,1220.14285714286,614.571428571428,15.4285714285714,147.428571428571,NA,33223.120467554,38538.5014199349,3572.22829567769,1075.10822510823,44543.9810909455,24985.4683347436,53485.7356697001,27662.1095807157,34.6689641015678,10.166087217753,6045.30942345455,1772.68471815584,2.86586399864338,28.3182640144665,0.438522500287416,0.997164750957854,17.2041475992742,1.99911877997066,0.118541844837317,0.164518534586497,0.0850867932320239,11.6202415292671,17.2041475992742,1.99911877997066
2020-04-11,6848,181,1739,4305.57142857143,127.285714285714,1338,728.857142857143,15.4285714285714,117.857142857143,NA,36239.0314229605,42795.4643233934,4256.96290345848,1225.62337662338,49652.874356139,26478.4155542902,60689.8267370914,29774.5874125071,34.5024753343355,10.1172672033014,7204.09106739128,2112.47783179143,2.64310747663551,30.5975274725275,0.422942017014311,1.06137363049477,17.1215291132793,2.19378490411426,0.131635977130665,0.186677835390624,0.0915846333174445,12.8132542745823,17.1215291132793,2.19378490411426
2020-04-12,7519,193,1798,5053.85714285714,143,1453.57142857143,748.285714285715,15.7142857142857,115.571428571429,NA,39007.0350448984,46976.8229236863,4181.35860029289,1397.64069264069,54341.6387273306,27848.7728833292,67765.972060664,31849.5473194194,36.0626589358652,10.5747646503665,7076.14532357259,2074.95990691226,2.56683069557122,29.7916666666667,0.4108408955487,1.1194035135561,17.8957555621586,2.06483290572173,0.144497555659733,0.208443583670586,0.0979670707829971,11.5382736130294,17.8957555621586,2.06483290572173
2020-04-13,9784,216,2642,6085.71428571429,160.714285714286,1688.57142857143,1031.85714285714,17.7142857142857,235,NA,43030.3682654498,52480.0176160992,5503.19469241286,1462.14718614719,61155.8949467253,29841.2841055577,77079.0707709011,34580.4559637746,37.7843889062337,11.0796328371663,9313.09871023714,2730.90864435525,2.20768601798855,27.7093596059113,0.411585227695766,1.2328175150527,18.7501478782814,2.64528693855947,0.161425013326784,0.23709005049175,0.106367162557624,14.1082107011684,18.7501478782814,2.64528693855947
2020-04-14,10303,230,2869,7135.57142857143,178.285714285714,1912.57142857143,1049.85714285714,17.5714285714286,224,NA,47064.1122970198,58186.9997429072,5706.98212680805,1655.66666666667,67986.7804507008,31839.6812511917,86737.0405239609,37412.4922071531,37.0707523716128,10.8703709961872,9657.96975305976,2832.03624337843,2.23235950693973,28.0764904386952,0.395277297362348,1.29328592168509,18.396012455086,2.43979996155761,0.17897930747003,0.266797317503396,0.115078316042242,13.2626848359797,18.396012455086,2.43979996155761
2020-04-15,11475,254,3108,8154.57142857143,197.285714285714,2166.14285714286,1019,19,253.571428571429,NA,51051.8053512451,63978.3724508122,5791.37270790499,1784.67965367966,74740.1291358734,33814.9381696151,96537.8251065694,40286.4064832563,35.4568683023376,10.3971267954223,9800.7845826085,2873.91427610323,2.21350762527233,29.4017457951884,0.397009161487001,1.40993051257805,17.5951376537916,2.1651410073076,0.196793181379004,0.296943873349352,0.123918283545944,12.3052840588087,17.5951376537916,2.1651410073076
2020-04-16,12491,274,6120,9188.14285714286,216.714285714286,2835,1033.57142857143,19.4285714285714,668.857142857143,NA,55259.3895883792,69990.0649130545,6011.69246224234,1784.67965367965,81865.8980646498,35899.0981240253,106711.45850421,43269.6523667751,34.6458679212967,10.1593146536133,10173.6333976409,2983.24588351876,2.19357937715155,25.4359490274983,0.3914841346988,1.47403572012825,17.1926863368841,2.02457422266233,0.215284744071169,0.328237287136092,0.133094547739048,11.7756706562694,17.1926863368841,2.02457422266233
2020-04-17,13489,300,6541,10272.7142857143,235.428571428571,3545.28571428571,1084.57142857143,18.7142857142857,710.285714285714,NA,59320.9216772499,76392.5450538732,6402.48014081869,2322.23376623376,88741.5347864748,37912.9400413811,117546.424896365,46446.8229629708,34.1363926088851,10.0099196371919,10834.9663921547,3177.17059619573,2.2240343983987,24.781954887218,0.392708476708604,1.56129344314063,16.9398640014016,1.96272111119348,0.234978343444868,0.361564916845429,0.142867311338026,11.5862303013298,16.9398640014016,1.96272111119348
2020-04-18,14420,348,6684,11354.4285714286,259.285714285714,4251.71428571429,1081.71428571428,23.8571428571429,706.428571428571,NA,63516.6936902914,82934.4079760057,6541.86292213242,2322.23376623377,95847.9072041495,39990.8064968324,128617.269841512,49693.1609544049,33.32106171842,9.77083764675473,11070.8449451472,3246.33799143413,2.41331484049931,24.3460764587525,0.419608710658045,1.74584204419556,16.5352637098926,1.82353172996774,0.255100674902761,0.395618093158787,0.152852829204349,11.0279185440257,16.5352637098926,1.82353172996774
2020-04-19,15628,400,6811,12512.8571428571,288.857142857143,4967.85714285714,1158.42857142857,29.5714285714286,716.142857142858,NA,68335.4678581819,90147.9916677057,7213.58369170001,2365.2380952381,104012.349202558,42375.0972224666,140824.873012081,53272.8340645718,32.3612948941742,9.48940226220145,12207.6031705692,3579.67311016692,2.55950857435372,21.8334953028831,0.443714821151467,1.91706413201944,16.0589884437255,1.82386139480879,0.277289174382405,0.433167861508955,0.163863663532594,11.3569886475414,16.0589884437255,1.82386139480879
2020-04-20,16325,445,6968,13447.2857142857,321.571428571429,5585.85714285714,934.428571428571,32.7142857142857,618,NA,71610.9051981346,96122.4116916411,5974.42002393538,2666.2683982684,109565.781624016,43992.9458272551,150935.429975664,56237.5838508856,31.5179572907699,9.24210777699268,10110.5569635829,2964.74978631379,2.72588055130168,22.7419680743585,0.462951347316952,2.04286597804168,15.6404900841415,1.36745123413543,0.295666089554929,0.464267256416302,0.172983034971591,8.74278059577236,15.6404900841415,1.36745123413543
2020-04-21,17837,484,6982,14523.5714285714,357.857142857143,6173.42857142857,1076.28571428572,36.2857142857143,587.571428571428,NA,75935.3805070507,103127.938948609,7005.52725696811,2644.76623376623,116897.080498446,46129.4985584251,162790.937641303,59714.0109107345,30.9595367817817,9.07836040969539,11855.5076656384,3476.42705984884,2.71346078376409,22.43618450515,0.469319958232839,2.12036484314828,15.3633791548691,1.50300792151836,0.317214621399749,0.500734002615228,0.183676291375787,9.78276595943742,15.3633791548691,1.50300792151836
2020-04-22,19250,530,7027,15634.2857142857,397.285714285714,6733.28571428571,1110.71428571428,39.4285714285714,559.857142857143,NA,80308.1583355367,110399.933227312,7271.99427870245,2859.78787878788,124311.308911488,48289.1573734203,175097.389497568,63322.6697257297,30.7791437943342,9.02546321788746,12306.4518562656,3608.65881499519,2.75324675324675,22.7540500736377,0.480072754128156,2.2109615145333,15.2738608302711,1.46275553461209,0.339582787926273,0.538587822890884,0.194776283787446,9.5765560535082,15.2738608302711,1.46275553461209
2020-04-23,20914,572,7422,16837.5714285714,439.857142857143,6919.28571428571,1203.28571428571,42.5714285714286,186,NA,85174.9854559347,118233.626148575,7833.69292126375,2924.29437229437,132563.499862491,50692.6161592676,188354.408287399,67210.0662129733,30.9535113856857,9.07659356422363,13257.018789831,3887.39648724366,2.73501004112078,19.2835222646709,0.483787919420834,2.24652131929008,15.3603891086861,1.49838456600437,0.363678701793212,0.579365523281088,0.206733654578558,9.75454185928866,15.3603891086861,1.49838456600437
2020-04-24,21648,634,7496,18003.1428571429,487.571428571429,7055.71428571429,1165.57142857143,47.7142857142857,136.428571428571,NA,89781.0325984884,125704.171126627,7470.54497805162,2816.78354978355,140378.425796043,52963.7147412868,200996.869019487,70917.2539464426,31.4408525375831,9.21949811252438,12642.4607320874,3707.18773346924,2.92867701404287,19.0383220840074,0.504358760984427,2.3386056305515,15.6022275750413,1.36849033564962,0.386657596950259,0.618252884316091,0.218136715333183,8.77082037415376,15.6022275750413,1.36849033564962
2020-04-25,25331,700,7797,19561.8571428571,537.857142857143,7214.71428571429,1558.71428571428,50.2857142857143,159,NA,95929.8080159187,135494.093730204,9789.9226035774,3590.86147186147,150802.34243653,56001.6731116979,217564.430348618,75775.4110279171,32.0844768823572,9.4082300632476,16567.561329131,4858.15708147449,2.76341241956496,18.2077570364639,0.516627685184447,2.41580249816468,15.9216201070344,1.7361918115298,0.416770742077441,0.669213591454399,0.233080080584266,10.9042214376828,15.9216201070344,1.7361918115298
2020-04-26,27517,728,8088,21260.2857142857,584.714285714286,7397.14285714286,1698.42857142857,46.8571428571428,182.428571428572,NA,101910.137447046,145972.228356136,10478.1346259321,4450.94805194805,160934.866968327,58960.6475447598,235296.658177118,80975.086857327,32.6641242098611,9.57820183597431,17732.2278285004,5199.6758294099,2.64563724243195,13.4664736461144,0.498725002829893,2.29407071066587,16.209264645495,1.77056099917425,0.449000781213557,0.723756734607826,0.249073934591661,10.922709888248,16.209264645495,1.77056099917425
2020-04-27,28699,782,8425,23028,632.857142857143,7605.28571428571,1767.71428571429,48.1428571428572,208.142857142858,NA,107738.889329253,156773.118766483,10800.8904103461,4923.99567099568,170809.589933821,61845.3385969401,253575.088102319,86334.9272113333,32.9807264575143,9.67104008904554,18278.429925201,5359.84035400632,2.72483361789609,12.0406610132638,0.498810004006368,2.23644080460351,16.3663755353078,1.73465721682863,0.482223595488992,0.779979958766255,0.265560443931351,10.5984455334077,16.3663755353078,1.73465721682863
2020-04-28,31190,854,9179,24935.5714285714,685.714285714286,7919.14285714286,1907.57142857143,52.8571428571428,313.857142857142,NA,113879.684482908,168428.320846545,11655.2020800622,5461.54978354978,181213.17733671,64884.302464812,273299.276237809,92118.7117021912,32.9813711348791,9.67122912977658,19724.1881354898,5783.78449085794,2.73805706957358,11.6281886673611,0.507040618648737,2.21596577068316,16.3666954503911,1.77063594939435,0.518074215145096,0.840650238184277,0.283350976993779,10.8180083836242,16.3666954503911,1.77063594939435
2020-04-29,33931,943,10037,27032.8571428571,744.714285714286,8349.14285714286,2097.28571428571,59,430,NA,120625.124395864,181167.358162098,12739.037315553,5934.59740259741,192642.086639954,68221.8043335397,294857.647079514,98440.3392422401,33.176356895419,9.72840540542363,21558.3708417052,6321.62754004885,2.77916949102591,10.8749165554072,0.520513192644924,2.20350454168229,16.4634553014861,1.84176572157496,0.55725863927156,0.90696234055214,0.302795879191874,11.1864002551438,16.4634553014861,1.84176572157496
2020-04-30,36976,1051,10405,29327.4285714286,813.142857142857,8775.28571428571,2294.57142857143,68.4285714285714,426.142857142857,NA,127765.486102031,194783.793461339,13616.4352992409,6407.64502164502,204743.676780061,71752.1159428301,317900.845278229,105197.367285472,33.9582937038365,9.95769514623776,23043.1981987154,6757.02804323236,2.84238424924275,10.8145080082838,0.539572610905438,2.23727347783256,16.8514840936331,1.90234430726595,0.59914188073162,0.977841672253779,0.323580044126941,11.2882248763988,16.8514840936331,1.90234430726595
2020-05-01,40459,1124,11129,32014.7142857143,883.142857142857,9294.28571428571,2687.28571428571,70,519,NA,136232.638786695,210502.669089726,15718.875628387,7181.72294372294,219088.13297169,75942.6342460684,344502.019418577,112997.711582266,34.4508602702365,10.1021319589415,26601.1741403473,7800.34429679357,2.77812106082701,9.02639878518865,0.53395997535827,2.14176757375019,17.0959156228241,2.1034312757137,0.647492087592375,1.0596650992489,0.347573379862353,12.3029122401915,17.0959156228241,2.1034312757137
2020-05-02,42534,1200,12434,34472.2857142857,954.571428571429,9956.71428571429,2457.57142857143,71.4285714285714,662.428571428572,NA,143259.336380244,225169.557159465,14666.8880697392,7568.76190476191,230994.10472341,79418.9159734792,369322.906921212,120276.016940182,33.7657092924613,9.90122302560895,24820.8875026354,7278.30535791564,2.82127239384963,9.26498523314985,0.532931722715145,2.06231633406442,16.7559158894921,1.80408173252383,0.692606451300092,1.13601248398504,0.36996095884513,10.766060321788,16.7559158894921,1.80408173252383
2020-05-03,45928,1286,13550,37102.4285714286,1034.28571428571,10737,2630.14285714286,79.7142857142857,780.285714285714,NA,152221.835138528,241264.480160173,16094.9230007084,7052.70995670995,246184.1575671,83849.9196537448,396560.468922411,128262.97121121,32.9304859886754,9.65630792149127,27237.5620011988,7986.95427102825,2.80003483713639,9.01338313103019,0.533025001917496,2.0100542585523,16.3414441748314,1.83607493761179,0.742113354649261,1.21979339734517,0.39452829434171,11.2348161085911,16.3414441748314,1.83607493761179
2020-05-04,47372,1344,14427,39770,1114.57142857143,11594.4285714286,2667.57142857143,80.2857142857144,857.428571428571,NA,161264.52135762,257633.68153078,16369.2013706069,7246.22943722946,261509.417762046,88321.0754359364,424262.194318823,136386.033545496,32.8394799743447,9.62962194736424,27701.7253964117,8123.06233428611,2.83711897323313,8.92299598568112,0.521670921291954,1.92027254392404,16.2962832955395,1.75256975930232,0.792463919863028,1.30500204616847,0.419514289109444,10.7535172964576,16.2962832955395,1.75256975930232
2020-05-05,51189,1444,15413,42627,1198.85714285714,12485,2857,84.2857142857142,890.571428571429,NA,170676.196878502,275085.443631749,17451.7621009687,7955.80086580085,277458.626885297,92975.6985193387,453795.945566616,145046.306467781,32.9897224445221,9.67367801004783,29533.7512477932,8660.27292228522,2.82091855672117,8.88766508160088,0.52492781185945,1.89023680122408,16.3708397093117,1.77177970858129,0.846144369254884,1.39584588360084,0.446152707604651,10.8218236435699,16.3708397093117,1.77177970858129
2020-05-06,54817,1533,17527,45610.7142857143,1283.14285714286,13555,2983.71428571428,84.2857142857142,1070,NA,180054.981485134,293428.90789206,18343.4642603112,8880.39393939394,293347.921714102,97617.0943176886,484838.731237912,154149.078205981,32.7780853077224,9.61161900000882,31042.7856712959,9102.77173819955,2.79657770399694,8.89835545868833,0.522443412618339,1.84844871677811,16.2658167692457,1.74833580604233,0.902567634664989,1.49133140967948,0.474152222770568,10.7475234366566,16.2658167692457,1.74833580604233
2020-05-07,58526,1627,18388,48689.2857142857,1365.42857142857,14695.4285714286,3078.57142857143,82.2857142857142,1140.42857142857,NA,188810.307703026,312566.056620775,19137.1487287147,10299.5367965368,308174.221027898,101954.862000466,517224.675240352,163645.708402185,32.4175140546371,9.50588757993119,32385.9440024402,9496.63019620426,2.77996104295527,8.73706534059746,0.520529969757395,1.80481003503359,16.0868866737297,1.70996384276257,0.961432220251975,1.59094840067284,0.503363220129523,10.6285027889077,16.0868866737297,1.70996384276257
2020-05-08,61847,1714,19012,51744.7142857143,1449.71428571429,15821.5714285714,3055.42857142857,84.2857142857144,1126.14285714286,NA,197324.540068568,331700.635306664,19134.578685889,10536.0606060606,322592.812064091,106172.77322805,549606.269939549,173141.063238792,32.1781399853459,9.43569518367286,32381.5946991966,9495.35483660654,2.77135511827574,8.8803325311748,0.516730997037547,1.78314294225001,15.9680995416002,1.6184211912507,1.02028890055965,1.69055201350122,0.53257029456792,10.134287115291,15.9680995416002,1.6184211912507
2020-05-09,65015,1814,20246,54956.2857142857,1537.42857142857,16937.5714285714,3211.57142857143,87.7142857142856,1116,NA,206803.167942022,352018.059716914,20317.42441025,10751.0822510823,338644.841652133,110868.249143771,583989.603556895,183223.394149141,31.853461834651,9.34048880865706,34383.3336173462,10082.3309103496,2.79012535568715,8.61932259588816,0.515314470359499,1.75898017403795,15.8069810608043,1.62773509943203,1.08278393495889,1.79631284094608,0.563582868029194,10.2964509144123,15.8069810608043,1.62773509943203
2020-05-10,67307,1889,21349,58010.4285714286,1623.57142857143,18051.7142857143,3054.14285714286,86.1428571428573,1114.14285714286,NA,214397.957778239,371697.200202482,19679.140485568,11998.2077922078,351502.013462874,114633.853767114,617292.764378625,192988.982660776,31.2745397116005,9.17072968986781,33303.1608217304,9765.58851163526,2.80654315301529,8.43413729128015,0.508209370146175,1.71105175952469,15.5196963982378,1.47700260567665,1.14331565082798,1.89875112933992,0.593621163122125,9.51587960735935,15.5196963982378,1.47700260567665
2020-05-11,68822,1961,22406,61074.7142857143,1711.71428571429,19191.5714285714,3064.28571428571,88.1428571428571,1139.85714285714,NA,222324.961591597,391796.563323198,20099.3631207167,12084.2164502165,364922.382553611,118563.596798017,651307.0711983,202963.102705643,30.72236648949,9.00881423376024,34014.3068196744,9974.12004486693,2.84937955886199,8.18453804013716,0.500514854792727,1.65858061186059,15.2456856263635,1.42941866628322,1.20513994333024,2.00337685511298,0.624300887220992,9.37479224569215,15.2456856263635,1.42941866628322
2020-05-12,72059,2057,23324,64056.1428571429,1799.28571428571,20321.7142857143,2981.42857142857,87.5714285714284,1130.14285714286,NA,229294.289142186,411539.739358636,19743.1760354377,12686.2770562771,376718.90390296,122020.404884346,684718.599873656,212760.468257064,30.4309210040284,8.92335277561736,33411.5286753561,9797.36555142023,2.85460525402795,8.31155632984901,0.499830223736286,1.63638165827282,15.1010585433524,1.34118386394175,1.26586862825461,2.10614847575422,0.654436926356394,8.88032360113716,15.1010585433524,1.34118386394175
2020-05-13,76306,2169,24324,67126,1890.14285714286,21292.7142857143,3069.85714285714,90.8571428571429,971,NA,236929.876326376,431952.460741961,20412.7213833249,12686.2770562771,389645.216280601,125806.182842559,719263.20529159,222890.089394653,30.3057449154271,8.88664700527563,34544.6054179344,10129.6211375898,2.84250255550022,7.46177749454367,0.502138590963072,1.60080778452152,15.0389410858511,1.33899296554745,1.32865678974959,2.21240536443804,0.68559496138398,8.90241159502534,15.0389410858511,1.33899296554745
2020-05-14,80604,2267,25151,70280,1981.57142857143,22258.8571428571,3154,91.4285714285716,966.142857142855,NA,245478.67811994,452977.9378602,21025.477118239,12385.2467532467,404118.748986192,130043.839586518,754844.781953225,233323.784806712,30.228982881318,8.86413783737895,35581.5766616352,10433.6954120584,2.81251550791524,7.20126259610942,0.500465874940614,1.55303513930682,15.0008486478721,1.33136237840279,1.39332974677567,2.32185190709755,0.717688308479627,8.87413501591327,15.0008486478721,1.33136237840279
2020-05-15,84495,2392,27147,73515.4285714286,2078.42857142857,23421,3235.42857142857,96.8571428571429,1162.14285714286,NA,254279.002369505,474561.396308899,21583.458448699,12686.2770562771,419020.308705236,134404.584810255,791370.634712562,244034.373209826,30.2077574980657,8.85791385281625,36525.8527593369,10710.5884031138,2.83093674181904,7.24216373890579,0.50404436993923,1.52577177696066,14.9903157509198,1.31817568870452,1.45971901693953,2.43420297968255,0.750633359839136,8.79239639629859,14.9903157509198,1.31817568870452
2020-05-16,88541,2523,28272,76876.2857142857,2179.71428571429,24567.5714285714,3360.85714285714,101.285714285714,1146.57142857143,NA,263352.794811293,496938.803469301,22377.4071604026,13202.329004329,434385.353057273,138900.532294794,829240.092984013,255138.951199198,30.2655098291313,8.87484874688812,37869.4582714505,11104.5779893727,2.8495273376176,6.98850364127697,0.507708390326146,1.49796660521167,15.0189748024261,1.32189091877111,1.52855042007493,2.55068689268092,0.784790296733397,8.80033622590861,15.0189748024261,1.32189091877111
2020-05-17,92273,2648,28621,80442.8571428571,2288.14285714286,25606.4285714286,3566.57142857143,108.428571428572,1038.85714285714,NA,273943.208110876,520603.450535118,23664.6470658167,12965.8051948052,452323.019520303,144144.698722729,869287.957249241,266882.309893513,30.3709655934977,8.90577186576248,40047.8642652282,11743.358694315,2.86974521257573,6.74351730612967,0.508640501187261,1.46163195559253,15.0713062343673,1.35447164463408,1.60134128679906,2.6738714363679,0.820912080220556,8.98591073725788,15.0713062343673,1.35447164463408
2020-05-18,94933,2789,30306,84173,2406.42857142857,26735,3730.14285714286,118.285714285714,1128.57142857143,NA,285226.668127624,545272.031763987,24668.5812288691,13266.8354978355,471438.97383436,149728.824960901,911034.787021173,279123.861480772,30.4711607066655,8.93515238766882,41746.8297719324,12241.5515872584,2.93786143912022,6.50808246275576,0.511487814802718,1.43184396937704,15.1210271175934,1.3618290235358,1.67722018765525,2.80228188397068,0.858566271622876,9.00499829836436,15.1210271175934,1.3618290235358
2020-05-19,99483,2914,36524,88090.7142857143,2528.85714285714,28620.7142857143,3917.71428571429,122.428571428571,1885.71428571429,NA,297821.742083829,571170.361131448,25898.3293674603,13180.8268398268,492777.846243762,155961.452423593,954862.729027645,291975.664024023,30.4837727822984,8.938850665486,43827.9420064715,12851.802543251,2.92914367278832,6.25041929572442,0.510180534267845,1.38430548771708,15.1272857415917,1.3737289176177,1.7568817112825,2.93709369318604,0.898097554024372,9.0799116146714,15.1272857415917,1.3737289176177
2020-05-20,104020,3024,41968,92049.8571428571,2651,31141.2857142857,3959.14285714286,122.142857142857,2520.57142857143,NA,310325.741802953,597471.880331092,26301.519199644,13675.3766233767,513960.120493709,162150.684292804,999372.992288581,305027.545732117,30.333885532288,8.89489876510701,44510.2632609358,13051.8817080939,2.907133243607,6.23266093007947,0.506132606328558,1.34298794124217,15.0529056024888,1.3295472729188,1.83778341978373,3.07400427680351,0.938244266513705,8.83129586698907,15.0529056024888,1.3295472729188
2020-05-21,108769,3148,43587,96073.4285714286,2776.85714285714,33775,4023.57142857142,125.857142857143,2633.71428571429,NA,323458.268562123,624491.649514504,27019.7691834122,13761.3852813853,536208.231712523,168650.233554605,1045098.75552205,318435.852244186,30.0080507926164,8.79935323994015,45725.7632334668,13408.3065120692,2.89420698912374,6.04610943837559,0.5040900070397,1.30479215088357,14.8912131752833,1.2967415897973,1.92089441704798,3.21465365678915,0.979487317787689,8.70690553301533,14.8912131752833,1.2967415897973
2020-05-22,111698,3244,44848,99959.5714285714,2898.57142857143,36303.7142857143,3886.14285714287,121.714285714286,2528.71428571428,NA,335244.07710855,650977.639879113,26485.9903646089,14578.4675324676,556170.654966917,174486.308257558,1089921.20075446,331579.276034142,29.5672034870587,8.67008222552849,44822.4452324155,13143.4237899563,2.90425970026321,6.11874404410079,0.498327408081546,1.2591521344279,14.6724468432021,1.20160084900135,2.00236354647656,3.35252449120675,1.01991560757931,8.18837944144937,14.6724468432021,1.20160084900135
2020-05-23,115754,3373,47915,103847.142857143,3020,39109.8571428571,3887.57142857142,121.428571428572,2806.14285714286,NA,346665.676326191,677765.702300217,26788.0624211042,15245.0346320346,575513.460236331,180144.022369857,1135254.84485172,344872.600243111,29.2445393451586,8.57546642452018,45333.6440972532,13293.324208969,2.91393817924219,5.89970501474926,0.497664604236041,1.22616448019524,14.5123277953418,1.15978378515246,2.08476182928504,3.49196773903649,1.06080498100307,7.99061467458242,14.5123277953418,1.15978378515246
2020-05-24,119959,3456,49795,107802.285714286,3135.42857142857,42134.7142857143,3955.14285714286,115.428571428572,3024.85714285714,NA,357526.615404473,705062.21280707,27296.5105068531,16320.1428571429,593898.357138038,185530.134995169,1181448.93955562,358418.237035986,29.1986483737954,8.56200967351894,46194.0947039051,13545.6367928744,2.88098433631491,5.71981059056237,0.490169510891897,1.17779806523743,14.489554832109,1.14106653377481,2.16872406429373,3.63405767520505,1.10247045100739,7.87401590954415,14.489554832109,1.14106653377481
2020-05-25,123979,3629,50949,111951.714285714,3255.42857142857,45083.7142857143,4149.42857142858,120,2949,NA,368149.953091771,733609.342702161,28547.1298950911,17803.7922077922,611877.500037424,190801.002891552,1229759.46707039,372584.481946332,29.2909560556739,8.5890773396337,48310.5275147697,14166.244910346,2.92710862323458,5.56236300350028,0.494677451439348,1.16103457913312,14.5353616516878,1.16075219354744,2.25653312063717,3.78265761670932,1.14604486994473,7.98461671526062,14.5353616516878,1.16075219354744
2020-05-26,129751,3788,52906,116275.714285714,3380.28571428571,47424,4324,124.857142857143,2340.28571428572,NA,379271.275150877,763282.876882478,29673.5341803174,18427.3549783549,630699.88022536,196318.631023997,1279976.2172217,387309.694396715,29.3646017982411,8.61067270775491,50216.7501513064,14725.2124503831,2.91943800047784,5.46556132760799,0.496277345493659,1.14199359205264,14.5719076592775,1.17468296740064,2.34780692099201,3.93712097115598,1.19133863553435,8.06017600467288,14.5719076592775,1.17468296740064
2020-05-27,135905,3983,56169,120830.714285714,3517.28571428571,49452.7142857143,4555,137,2028.71428571428,NA,391911.581394995,794444.533775948,31161.6568934693,18384.3506493507,652101.453429693,202583.779772421,1332711.32888757,402773.373757384,29.4561203304913,8.63750896909144,52735.1116658712,15463.679360669,2.93072366726758,5.40996033882291,0.501356586981477,1.13147603938362,14.6173228707701,1.20115301933174,2.44365808697504,4.09933063666572,1.23890387579661,8.21619219147903,14.6173228707701,1.20115301933174
2020-05-28,141779,4099,59442,125546.428571429,3653.14285714286,51717.7142857143,4715.71428571428,135.857142857143,2265,NA,404888.933938342,826501.150388558,32056.6166126102,18943.4069264069,674070.050041509,209018.631410473,1386960.98777045,418681.168467401,29.6440479128437,8.69261555339027,54249.6588828785,15907.7947100171,2.89111927718491,5.42758235717363,0.495946073163112,1.102779358512,14.7105801672758,1.20342597746261,2.54226208901171,4.2661989478047,1.28783518507796,8.17955328048888,14.7105801672758,1.20342597746261
2020-05-29,148285,4230,62791,130773.142857143,3794,54281,5226.71428571429,140.857142857143,2563.28571428572,NA,421574.244569796,861647.162318714,35146.011930156,18319.8441558442,702319.982318916,217288.916600303,1446438.85411379,436122.04656808,29.9681831129294,8.78766271732518,59477.8663433413,17440.878100679,2.85261489698891,5.51277207869577,0.490920203185834,1.07964193563143,14.8714292139349,1.29107975092319,2.65036886377903,4.44914887433402,1.34148215601513,8.68040812780234,14.8714292139349,1.29107975092319
2020-05-30,155671,4371,66447,136475.571428571,3936.57142857143,56928.4285714286,5702.42857142857,142.571428571428,2647.42857142857,NA,440921.641969191,899413.97097352,37766.8086548065,18276.8398268399,735076.369126684,226879.229810314,1510351.91491423,454863.470411818,30.4268694789363,8.92216473442493,63913.0608004415,18741.4238437385,2.80784474950376,5.4629837058125,0.485983111344029,1.06210885170214,15.0990480121037,1.35283898889047,2.76653703344333,4.64574116145821,1.39912951840493,8.95851896582211,15.0990480121037,1.35283898889047
2020-05-31,164476,4506,67208,142835.142857143,4086.57142857143,59416,6359.57142857145,150,2487.57142857143,NA,464949.918572839,940965.996494917,41552.0255213967,17373.7489177489,775763.540521868,238785.620563145,1580670.72733505,475483.272550256,30.8420584536869,9.0439118773969,70318.8124208252,20619.8021384375,2.73960942629928,5.3555047159744,0.478869588995222,1.04317035079742,15.3050816386717,1.4425371451136,2.89434827624079,4.86203711080776,1.46255464640969,9.42390247297048,15.3050816386717,1.4425371451136
2020-06-01,170039,4634,68507,149415.142857143,4230.14285714286,61924.2857142857,6580,143.571428571428,2508.28571428572,NA,489581.051154507,983802.518686974,42836.5221920572,18061.8181818182,817463.314341393,250996.714282512,1653163.30335238,496740.494089171,30.9541865005923,9.07679153024888,72492.5760173274,21257.2215389155,2.72525714688983,5.2480557505122,0.471029491384586,1.02300788022709,15.3607241281135,1.41540414959857,3.02611054462091,5.08501941114335,1.52794043372614,9.21314758448473,15.3607241281135,1.41540414959857
2020-06-02,178165,4767,69257,156331.428571429,4370,64260.1428571429,6916.28571428571,139.857142857143,2335.85714285714,NA,516289.081877625,1029443.29832784,45640.7796408675,18792.8917748918,862671.904795902,264242.767122556,1730401.54582154,519389.302031256,30.5370849184265,8.95448354750851,77238.2424691606,22648.8079420847,2.67560968764909,5.17190366293864,0.463065815061713,1.00450648474093,15.1537413880913,1.41289312785509,3.16649852077723,5.32259906310019,1.59760664745784,9.32241546792703,15.1537413880913,1.41289312785509
2020-06-03,178914,4894,72319,162475.571428571,4500.14285714286,66567.2857142857,6144.14285714284,130.142857142857,2307.14285714286,NA,537323.772867774,1071228.70793271,41785.409604867,20620.5757575758,898264.326911098,274684.489182114,1801115.31592209,540124.918827656,29.6308661443315,8.68875022277389,70713.7701005442,20735.6167964002,2.73539242317538,5.08255255434528,0.456858555391462,0.984829513379373,14.7040388385404,1.19022538114358,3.29502763735781,5.54010987577503,1.66138801358054,8.09341337471306,14.7040388385404,1.19022538114358
2020-06-04,183198,5031,76228,168392.571428571,4633.28571428571,68965.2857142857,5917,133.142857142858,2398,NA,558108.289598344,1112594.92596198,41366.2180292718,20448.5584415585,933436.245334261,284999.977613395,1871119.6848947,560652.515744437,28.8246112001684,8.45232960004939,70004.3689726135,20527.5969167813,2.74620901974912,5.02128002155096,0.452186135547046,0.966378535299513,14.3039424000836,1.10135159449423,3.42226734877524,5.75543861817374,1.72452952450949,7.69856464911173,14.3039424000836,1.10135159449423
2020-06-05,187400,5162,79214,173980.428571429,4766.42857142857,71311.4285714286,5587.85714285716,133.142857142857,2346.14285714286,NA,576418.804705234,1152239.71812515,39644.7921631671,21201.1341991341,964417.930240427,294090.284787814,1938210.87163237,580325.871253979,28.4031727081179,8.32874989185413,67091.1867376678,19673.3555095418,2.75453575240128,5.02083424249584,0.447997054675331,0.946683434927081,14.0948075092916,1.00135103871694,3.5442120697182,5.96180660746183,1.78504344618043,7.10342292025414,14.0948075092916,1.00135103871694
2020-06-06,191758,5301,82731,179135.714285714,4899.28571428571,73637.7142857143,5155.28571428571,132.857142857143,2326.28571428572,NA,592067.328399968,1189480.2591359,37240.5410107512,21459.1601731601,990893.321987559,301860.611261462,2001233.32565056,598806.13972548,27.8961624515141,8.18007771134624,63022.454018194,18480.2684715004,2.76442182333983,4.92474665448943,0.445656828626221,0.928094376168101,13.8432084345859,0.894485134613162,3.65876147541643,6.15565944787423,1.84188751216602,6.46067420194506,13.8432084345859,0.894485134613162
2020-06-07,196515,5465,86219,183712.714285714,5036.28571428571,76353.5714285714,4577,137,2715.85714285714,NA,603424.091079812,1223551.29454302,34071.0354071162,22577.2727272728,1010103.45883037,307502.846877024,2058892.00095491,615713.570829763,27.0709368665739,7.93809426914573,57658.6753043507,16907.4311042833,2.78095819657532,4.84165133078804,0.446650665515509,0.914687398672478,13.4336979939389,0.773156184746104,3.76356169451857,6.33301366481631,1.89389363593099,5.75458799579288,13.4336979939389,0.773156184746104
2020-06-08,199696,5571,89556,187949.428571429,5170.14285714286,79360.5714285714,4236.71428571429,133.857142857142,3007,NA,613892.784711372,1255763.52064211,32212.2260990934,21609.6753246753,1027812.98431675,312702.731364437,2113404.99896876,631698.585284952,26.5042881105366,7.77193410760097,54512.9980138508,15985.0144551892,2.78974040541623,4.75332388561342,0.443634482800662,0.892085587426356,13.1525038744016,0.702203018742248,3.86264434089589,6.50069198945485,1.94306246796786,5.33823998333419,13.1525038744016,0.702203018742248
2020-06-09,203736,5738,92929,191602.428571429,5308.85714285714,82742.2857142857,3653,138.714285714286,3381.71428571428,NA,620500.613288886,1283560.68255296,27797.1619108466,21050.6190476191,1038994.67223913,315982.379917402,2160446.34989481,645492.665631688,26.4823743821707,7.76550827747862,47041.3509260477,13794.0803467359,2.81638983782935,4.75286678620669,0.447037688049725,0.881443485688011,13.1416293926561,0.595129918482452,3.9481465460348,6.64538802892069,1.98549213367589,4.52801573876059,13.1416293926561,0.595129918482452
2020-06-10,208823,5903,98031,195875.142857143,5453,86415.4285714286,4272.71428571429,144.142857142857,3673.14285714286,NA,633119.522981326,1315912.20696401,32351.5244110546,19588.4718614719,1060359.44248788,322237.342621921,2215195.08351352,661546.805564993,26.6144078939432,7.80422487115628,54748.7336187079,16054.1399333053,2.82679589891918,4.71085232475768,0.448586157097747,0.870949943316144,13.2071497819568,0.688676381707235,4.04765766467425,6.81379146046439,2.03487359104584,5.21377799122218,13.2071497819568,0.688676381707235
2020-06-11,214788,6088,102429,200388,5604,90158.4285714286,4512.85714285713,151,3743,NA,647235.361141767,1350219.06244047,34306.855476459,20040.0173160174,1084260.14662753,329233.198937844,2273252.83893522,678571.260162334,26.5080864532489,7.77304790734367,58057.7554217,17024.4545973405,2.83442277967112,4.6715961286773,0.450889797763348,0.863469902288735,13.1543887662739,0.712882336411115,4.15318325048862,6.99237322107333,2.0872396712244,5.41870124536831,13.1543887662739,0.712882336411115
2020-06-12,214788,6088,107133,204300.571428571,5736.28571428571,94146.8571428571,3912.57142857142,132.285714285715,3988.42857142858,NA,656968.40907716,1380124.41340616,29905.3509656955,20040.0173160173,1100730.8651116,334063.564293538,2323861.89441563,693411.509513731,26.3645935855042,7.73097105138844,50609.0554804076,14840.2493513976,2.83442277967112,4.62682044078894,0.441119651305547,0.829869474886401,13.0831817792727,0.60457510467634,4.24517010372281,7.14804328039271,2.13288728260377,4.62047545006509,13.0831817792727,0.60457510467634
2020-06-13,220749,6308,111724,208442.142857143,5880.14285714286,98288.7142857143,4141.57142857145,143.857142857142,4141.85714285714,NA,668408.601256784,1411705.47571566,31581.0623094949,19997.012987013,1120098.80572327,339735.11078869,2377306.76909323,709083.314870323,26.4268942494844,7.74923966714203,53444.8746776073,15671.8053565915,2.85754408853494,4.53186708167402,0.446835413513019,0.8264301730132,13.1140978982404,0.630477372268316,4.34231133262781,7.31243612930888,2.18109270446641,4.80708994118252,13.1140978982404,0.630477372268316
2020-06-14,229736,6688,115579,213188,6054.85714285714,102483,4745.85714285713,174.714285714286,4194.28571428571,NA,683542.960981372,1447635.12548354,35929.6497678778,20620.5757575758,1145736.90899345,347226.395635908,2438110.79177733,726913.065882954,26.6176299349053,7.80516968016021,60804.0226841001,17829.7510126309,2.91116760107254,4.45521293760873,0.461994868891157,0.841846059184564,13.2087486895019,0.710100777538573,4.45282852481006,7.49946522377115,2.23593582239143,5.37540206698725,13.2087486895019,0.710100777538573
2020-06-15,232992,6860,119409,217944.571428571,6239,106747.714285714,4756.57142857142,184.142857142857,4264.71428571429,NA,699019.773113324,1483443.60861116,35808.4831276226,20147.528138528,1171963.25040357,354881.286296446,2498709.76322408,744682.689089142,26.7679926207712,7.84926099406072,60598.971446746,17769.6232061887,2.94430710067298,4.40051065390502,0.462437531172656,0.830004894339826,13.2833647591797,0.695943376902591,4.56297301653591,7.68586359438411,2.29059399121779,5.23865874885346,13.2833647591797,0.695943376902591
2020-06-16,237156,7056,125205,222718.857142857,6427.28571428571,111358.571428571,4774.28571428571,188.285714285715,4610.85714285714,NA,714021.561456447,1519512.28440017,36068.6757890107,20878.6017316019,1197385.21089633,362300.81069443,2559749.06071318,762581.430458125,26.6738627921581,7.82165901424184,61039.2974890955,17898.7413689829,2.97525679299701,4.33441394226369,0.464359523278574,0.818896679356795,13.2366537164093,0.68306669209886,4.67391784343197,7.87361637836207,2.34564931885042,5.15989349319355,13.2366537164093,0.68306669209886
2020-06-17,240908,7257,128622,227302.428571429,6620.71428571429,115728.714285714,4583.57142857145,193.428571428571,4370.14285714286,NA,727243.892140312,1554623.72763815,35111.4432379778,21695.6839826839,1219795.58370199,368837.43988449,2619168.42619283,780005.154170205,26.3064974187684,7.71393533332307,59419.3654796551,17423.7237120791,3.01235326348648,4.25301712310853,0.466801057451062,0.806858714029655,13.0543521025467,0.642000428805332,4.78191828722135,8.05638636015948,2.39924352403914,4.91742058410087,13.0543521025467,0.642000428805332
2020-06-18,244388,7461,131190,231531,6816.85714285714,119837.428571429,4228.57142857142,196.142857142858,4108.71428571428,NA,736895.65984282,1587199.42607659,32575.6984384381,22727.7878787878,1236160.59717656,373604.297756196,2674296.5312425,796170.5383577,26.1581870218855,7.67044581844763,55128.1050496646,16165.3841874957,3.05293222253138,4.14459078701886,0.470073254653508,0.792908567131236,12.9807544619883,0.581506601487124,4.8821189501293,8.22595671277294,2.44896716127166,4.47933613337973,12.9807544619883,0.581506601487124
2020-06-19,247925,7660,135520,236264.857142857,7041.42857142857,123892.714285714,4733.85714285713,224.571428571428,4055.28571428572,NA,752909.335164714,1623348.67715606,36149.2510794706,19911.0043290044,1263324.55321581,381504.443834301,2735472.18691545,814109.264457287,26.3890374186946,7.73813879194805,61175.6556729502,17938.7260995869,3.0896440455783,4.14106679728096,0.471864123080418,0.778611545965889,13.0953118017582,0.642464059115014,4.99331162121306,8.41412892537622,2.50414547925307,4.90561324342462,13.0953118017582,0.642464059115014
2020-06-20,251338,7861,143017,240634.714285714,7263.28571428571,128363.142857143,4369.85714285716,221.857142857143,4470.42857142857,NA,764838.095162835,1657151.97395071,33803.2967946574,21652.6796536795,1283565.68552032,387384.68563788,2792677.7661064,830883.832791478,26.0504893824916,7.63886530764791,57205.5791909583,16774.5683341908,3.12766075961454,4.07671861155991,0.474368079908753,0.763616608391048,12.9273105206349,0.580447059576475,5.09728829430574,8.59008944907151,2.55574292605094,4.48969022110241,12.9273105206349,0.580447059576475
2020-06-21,254936,8045,143017,244234.714285714,7457.14285714286,132282.857142857,3600,193.857142857142,3919.71428571428,NA,766738.558476245,1685543.44159313,28391.4676424139,26297.1471861473,1286795.10695181,388318.129301462,2840724.86519357,844972.831771924,25.5518508092478,7.49264798165912,48047.0990871619,14088.998980446,3.15569397809646,4.16800410093277,0.477294135616943,0.751006758913836,12.6798658151154,0.470727454685172,5.18461854400324,8.73787910240576,2.5990797416903,3.71208858737212,12.6798658151154,0.470727454685172
2020-06-22,257447,8223,145320,247728.285714286,7651.85714285714,135984.428571429,3493.57142857142,194.714285714286,3701.57142857145,NA,766583.479832515,1713299.3672784,27755.9256852749,27716.29004329,1286539.98485143,388235.847525519,2887696.43173788,858746.449029278,25.3642261382428,7.43763022098848,46971.5665443116,13773.6172573545,3.19405547549593,4.17682351491673,0.479951149054723,0.739083003896514,12.586758835519,0.455677668649151,5.26999390927881,8.88236048979519,2.64144646430825,3.61999867861541,12.586758835519,0.455677668649151
2020-06-23,260810,8404,148437,251107.428571429,7844.42857142857,139303.285714286,3379.14285714287,192.571428571428,3318.85714285713,NA,764904.312537653,1740152.62422597,26853.2569475621,28339.8528138528,1283701.28415463,387400.41756824,2933140.40503375,872072.125409272,25.3581338821663,7.43584376995853,45443.973295874,13325.6763799931,3.22226908477436,4.18592773288611,0.482946144091135,0.7293621169104,12.583735610699,0.440840436571716,5.35259272607681,9.02214310283795,2.68243535083959,3.50297882148844,12.583735610699,0.440840436571716
2020-06-24,264689,8586,151589,254504.714285714,8034.28571428571,142584.285714286,3397.28571428571,189.857142857143,3281,NA,762578.222665492,1767130.32223259,26977.6980066265,29113.9307359307,1279762.3518435,386247.916471636,2978794.97089112,885459.554495267,25.3766850413399,7.44128358355079,45654.5658573681,13387.4290859952,3.24380688279452,4.18980470920938,0.485872484444297,0.721827868437037,12.592941449086,0.444179272317601,5.43557431522379,9.16257348447131,2.72361418455163,3.52693762663267,12.592941449086,0.444179272317601
2020-06-25,268602,8761,151589,257963.857142857,8220,145498.428571429,3459.14285714284,185.714285714285,2914.14285714287,NA,760315.360708902,1794575.64642319,27445.3241905959,29522.4718614719,1275925.67336751,385130.245984048,3025240.90413674,899079.038680074,25.3984865374096,7.44767650345095,46445.9332456244,13619.4841848071,3.26170318910507,4.18288680253416,0.488193407587012,0.716030463052401,12.6037602366093,0.453645328372669,5.51999429113984,9.30543805909846,2.76550680417914,3.59901756631134,12.6037602366093,0.453645328372669
2020-06-26,272364,8939,159806,261455.142857143,8402.71428571429,148967.857142857,3491.28571428574,182.714285714286,3469.42857142855,NA,753995.901261224,1822240.30385863,27664.6574354395,33801.4025974026,1265202.225511,382015.359555662,3072058.0167198,912807.364926232,25.4312554326339,7.45728542761446,46817.1125830514,13728.3262461579,3.28200496394531,4.20775292730665,0.49055001039498,0.711837846303198,12.620021492886,0.459222296618375,5.60508892140206,9.4494443564653,2.8077342146852,3.63857668344956,12.620021492886,0.459222296618375
2020-06-27,275989,9135,164024,264976.714285714,8584.71428571429,151968.857142857,3521.57142857139,182,3001,NA,748282.271201629,1850101.53527089,27861.2314122661,33392.8614718616,1255505.41200356,379200.10274843,3119207.79295594,926633.23916089,25.4708770584909,7.46890379910636,47149.7762361425,13825.8742346583,3.30991452557892,4.21364623125726,0.493756684476371,0.711692101835873,12.6396833523338,0.467087248282827,5.69078820002894,9.59447390491079,2.85026167625945,3.69514361625337,12.6396833523338,0.467087248282827
2020-06-28,279419,9317,167998,268474.285714286,8766.42857142857,155537.571428571,3497.57142857148,181.714285714284,3568.71428571429,NA,746554.575286793,1877733.99087121,27632.4556003155,29178.4372294371,1252573.2123235,378348.866966847,3165970.4101257,940345.585549017,25.5067318865282,7.47941762086165,46762.6171697648,13712.3463881267,3.33441891925746,4.19801869115403,0.496183167865924,0.708025957255583,12.6574759737659,0.467445253303107,5.77578377960673,9.73831257804242,2.89243993379429,3.6927850176033,12.6574759737659,0.467445253303107
2020-06-29,282365,9504,171159,272034,8949.42857142857,159228.857142857,3559.71428571426,183,3691.28571428571,NA,745178.510257254,1905848.37605812,28114.3851869118,29307.4502164503,1250236.37699879,377671.908810406,3213548.60044202,954297.084965078,25.5149226585365,7.48181942618741,47578.1903163125,13951.4994160614,3.36585624988933,4.16663341128395,0.498675556743774,0.703885781528065,12.6615405673941,0.476850425422909,5.86226174226045,9.88465989945641,2.93535380999839,3.76588478827707,12.6615405673941,0.476850425422909
2020-06-30,285213,9677,174535,275520.142857143,9131.28571428571,162957.142857143,3486.14285714284,181.857142857143,3728.28571428574,NA,743583.223472727,1933419.86416537,27571.488107248,28984.9177489178,1247529.24331948,376885.660159008,3260208.04185428,967979.176807773,25.4796042682922,7.47146290573983,46659.4414122659,13682.0918426944,3.3929028480469,4.25130161567951,0.500512081175779,0.701168670447401,12.6440141481751,0.467856201378045,5.94706978991984,10.02818121088,2.97743900658124,3.69998432962454,12.6440141481751,0.467856201378045
2020-07-01,288477,9860,178245,278918.428571429,9313.28571428571,166765.142857143,3398.28571428574,182,3808,NA,741754.135099399,1960349.15241542,26929.2882500479,28576.3766233767,1244428.42343495,375981.950353983,3305780.68350821,981342.583007045,25.429786864302,7.45685479479531,45572.641653927,13363.4061992719,3.4179501312063,4.21894808777649,0.502971625633686,0.698445969758778,12.6192927296536,0.457042703179182,6.02990247390337,10.1683595991598,3.0185439475054,3.62155672693652,12.6192927296536,0.457042703179182
2020-07-02,292004,10045,182097,282261.571428571,9496.71428571429,171123.428571429,3343.14285714284,183.428571428572,4358.28571428571,NA,740145.255252767,1986876.51499303,26527.3625776111,27952.8138528138,1241704.12127691,375184.710301197,3350673.14325493,994506.537368866,25.3961899688637,7.44700307357657,44892.4597467263,13163.954361822,3.44002136957028,4.13375103845905,0.505567403117413,0.693890319678778,12.6026205860527,0.450734054133153,6.1114988614835,10.3064457935262,3.0590353879587,3.57630127320508,12.6026205860527,0.450734054133153
2020-07-03,295599,10226,185852,285580.857142857,9680.57142857143,174844.285714286,3319.28571428574,183.857142857143,3720.85714285713,NA,738816.162120605,2013232.54740199,26356.0324089634,27501.2683982684,1239455.67795435,374524.584600812,3395275.65963933,1007585.47074474,25.3788716471943,7.44192476872614,44602.5163843995,13078.9333758765,3.45941630384406,4.15489434339867,0.507939334340502,0.689342010753874,12.5940265316904,0.448489223775071,6.19256824895934,10.4436401415622,3.09926530956325,3.56092702370463,12.5940265316904,0.448489223775071
2020-07-04,299080,10412,189621,288879.571428571,9863,178501,3298.71428571426,182.428571428571,3656.71428571429,NA,737438.257625147,2039430.82905372,26198.2816517276,27393.7575757576,1237124.13628072,373840.596548286,3439611.2132038,1020586.12178996,25.3734545619355,7.44033630011643,44335.5535644623,13000.6510452183,3.48134278453925,4.15886589417936,0.510534598755237,0.685219863432045,12.5913383540432,0.446510371592629,6.27315240568934,10.5800133298745,3.13925443997062,3.54598112425307,12.5913383540432,0.446510371592629
2020-07-05,302718,10589,193957,292208,10044.7142857143,182209.428571429,3328.42857142858,181.714285714286,3708.42857142858,NA,736327.246133157,2065852.2850942,26421.4560404771,27350.753246753,1235243.96298658,373289.267537223,3484324.44650307,1033697.52102809,25.3857617404297,7.4439451720057,44713.2332992693,13111.3992381316,3.49797501304845,4.16952292398521,0.512572949983071,0.681129447064806,12.5974456757019,0.451373140194587,6.35442303186647,10.7175482357128,3.17958422438935,3.58287026300548,12.5974456757019,0.451373140194587
2020-07-06,305703,10772,197619,295542,10225.8571428571,185989.428571429,3334,181.142857142857,3780,NA,735030.690783275,2092281.14532873,26428.8602345334,27544.2727272727,1233048.50668019,372646.799683683,3529050.20997689,1046812.59452794,25.4211308845487,7.45431657516841,44725.7634738255,13115.0734998436,3.52368148169956,4.18427138110592,0.514844767590139,0.678679680890977,12.6149972810542,0.452809714651804,6.43571643284777,10.8551216835273,3.21992531059059,3.58928185440989,12.6149972810542,0.452809714651804
2020-07-07,309278,10952,200938,298979.857142857,10408,189761.285714286,3437.85714285716,182.142857142857,3771.85714285713,NA,734674.513606614,2119479.36642047,27198.2210917384,27372.2554112556,1232445.9431065,372469.906176039,3575077.96874753,1060309.45612233,25.4715299465204,7.46909524747592,46027.7587706354,13496.8615943966,3.54115067997077,4.19804376323485,0.516730673273623,0.674654814096181,12.6400073418823,0.467737565321238,6.51937633620976,10.9966999815245,3.2614407513567,3.70028373410572,12.6400073418823,0.467737565321238
2020-07-08,312911,11133,204748,302470.428571429,10589.8571428571,193547.428571429,3490.57142857142,181.857142857143,3786.14285714287,NA,734661.59579203,2147042.0633245,27562.6969040302,27393.7575757576,1232423.98328841,372463.567797588,3621722.53273896,1073987.18541305,25.5201090354906,7.48334024348972,46644.5639914353,13677.7292907217,3.5578806753358,4.2133927789897,0.518527335359307,0.671815269510768,12.6641142582134,0.475138579867793,6.60415734271785,11.1401755309997,3.30351252902237,3.75168818212044,12.6641142582134,0.475138579867793
2020-07-09,316448,11314,207802,305962.428571429,10771.1428571429,197219.571428571,3492,181.285714285714,3672.14285714284,NA,734435.623021366,2174606.1554889,27564.092164401,27608.7792207792,1232040.08431388,372352.510418375,3668369.45794026,1087665.60708862,25.5292612175974,7.4860239660624,46646.9252012935,13678.4216755673,3.57531095156234,4.22503799272871,0.520278118933972,0.671237520244885,12.6686559425671,0.47534011776099,6.68894264095324,11.2836583433981,3.34558643641737,3.7519440681644,12.6686559425671,0.47534011776099
2020-07-10,319646,11500,210638,309397.714285714,10953.1428571429,200760.428571429,3435.28571428568,182,3540.85714285716,NA,733750.648363523,2201776.46654534,27170.311056443,27673.2857142859,1230879.61071709,372013.533735321,3714349.98434347,1101148.61859032,25.4786233316957,7.47117526267768,45980.5264032111,13483.0115016936,3.59772998880011,4.25452339982321,0.522305518963234,0.671219532303213,12.6435273676084,0.467762644070595,6.77251669491914,11.4250913578019,3.38705927522751,3.69948164342412,12.6435273676084,0.467762644070595
2020-07-11,322710,11682,214152,312773.428571429,11134.5714285714,204264.857142857,3375.71428571432,181.428571428572,3504.42857142855,NA,732855.760179573,2228521.27100208,26744.8044567425,27458.2640692638,1229364.49225195,371569.957644038,3759610.42265488,1114420.47644103,25.4351299093567,7.45842155236776,45260.4383114101,13271.8578507144,3.61996839267454,4.26922718782694,0.524204105745288,0.671320425425112,12.6219441655454,0.460079008863585,6.8547819191314,11.5643094295457,3.42788261957345,3.64494457570718,12.6219441655454,0.460079008863585
2020-07-12,326326,11870,217111,316146,11317.5714285714,207572.571428571,3372.57142857142,183,3307.71428571429,NA,732017.005992419,2255216.27006168,26694.9990595989,27350.7532467535,1227945.95219896,371153.086071035,3804786.57490958,1127667.61883151,25.4588599500199,7.46537998534418,45176.1522547058,13247.1423904777,3.63746682765088,4.27579968512912,0.526335330122257,0.671710504350548,12.6337199751979,0.460210697605025,6.93689394528347,11.7032682430338,3.46862994082184,3.64259933674503,12.6337199751979,0.460210697605025
2020-07-13,330123,12054,221008,319634.571428571,11500.7142857143,210913.857142857,3488.57142857142,183.142857142857,3341.28571428571,NA,732122.661717384,2282769.81323254,27553.5431708526,27264.7445887446,1228126.13881044,371204.509212747,3851415.64796795,1141340.80566817,25.513960060994,7.48153716074261,46629.0730583654,13673.1868366634,3.65136630892122,4.2816934668075,0.52804272818602,0.671690826966538,12.6610628874106,0.476583863183432,7.02164679552242,11.8466961434382,3.51068774620358,3.76405779446304,12.6610628874106,0.476583863183432
2020-07-14,333867,12229,223261,323147.285714286,11683.1428571429,214102.857142857,3512.71428571432,182.428571428571,3189,NA,732228.267798999,2310473.10762584,27703.2943933029,27415.2597402595,1228305.05459691,371256.771306953,3898298.146172,1155088.30514154,25.5516597219674,7.49259194854682,46882.4982040511,13747.4994733683,3.66283579988438,4.28953270518235,0.529285537219089,0.671096999342231,12.6797709898485,0.479811494916166,7.1068602704749,11.9909035625886,3.55297413227022,3.78396897704513,12.6797709898485,0.479811494916166
2020-07-15,337751,12417,226400,326695.857142857,11866.5714285714,217196,3548.57142857142,183.428571428572,3093.14285714287,NA,732634.403498468,2338434.92730799,27961.8196821534,27372.2554112556,1228993.44907733,371457.520708838,3945618.14871103,1168964.09535975,25.5738330773701,7.49909390990552,47320.0025390284,13875.7902182117,3.6763769759379,4.29965376466867,0.530996174193073,0.671152353710246,12.6907743090709,0.484638064874734,7.19286895187153,12.1364567157213,3.59565513206103,3.81872988408433,12.6907743090709,0.484638064874734
2020-07-16,341586,12615,230994,330287,12052.4285714286,220509.142857143,3591.14285714284,185.857142857141,3313.14285714287,NA,733431.335083233,2366703.96278886,28269.0354808695,27286.2467532465,1230345.26736363,371850.687617712,3993458.05490942,1182992.33853071,25.5993770094991,7.50658423586815,47839.906198395,14028.243170958,3.69306704607332,4.31338905780515,0.533019769195587,0.671820399552284,12.7034502453153,0.490178898858598,7.27982260845405,12.2836090576302,3.63880506690649,3.85854600137251,12.7034502453153,0.490178898858598
2020-07-17,345537,12799,233982,333985.714285714,12238,223844,3698.71428571426,185.571428571429,3334.85714285713,NA,734898.280399854,2395750.23710981,29046.2743209493,27393.7575757576,1232830.26273462,372576.846303296,4042613.28837564,1197406.27917118,25.6606737738957,7.52455847505214,49155.2334662224,14413.9406404709,3.70408957651424,4.33410656419882,0.534237659742047,0.67156444136822,12.7338681885498,0.50431202879134,7.36916699956405,12.4348072579702,3.68314138129191,3.96032633615975,12.7338681885498,0.50431202879134
2020-07-18,349500,12998,238086,337812.857142857,12426,227263.142857143,3827.1428571429,188,3419.14285714287,NA,737328.671407966,2425676.37703567,29926.1399258613,27307.7489177492,1236947.78158351,373779.594580147,4093257.52517326,1212256.84484868,25.7710240825553,7.55691683623801,50644.2367976108,14850.565677495,3.71902718168813,4.35674390718516,0.535850541442976,0.672280255360419,12.7886284920951,0.520779873923182,7.46121779824498,12.590585532661,3.72882072499823,4.07214722418164,12.7886284920951,0.520779873923182
2020-07-19,353590,13187,241955,341707.714285714,12614.1428571429,230812.285714286,3894.8571428571,188.142857142857,3549.14285714284,NA,739974.424945457,2456054.54615758,30378.1691219066,27544.2727272727,1241428.77108652,375089.934144401,4144666.73445648,1227331.72576631,25.8367357204131,7.57618566237677,51409.2092832266,15074.8809176381,3.72946067479284,4.37266848211222,0.536918042827292,0.672686290794261,12.8212372747915,0.528245625265041,7.55465900840652,12.7487168113959,3.77519004733403,4.12003090343659,12.8212372747915,0.528245625265041
2020-07-20,357681,13384,245081,345644.571428571,12804.1428571429,234251.285714286,3936.85714285716,190,3439,NA,742980.783709858,2486816.67981375,30762.1336561753,27565.7748917749,1246521.2024021,376578.357075822,4196725.72987462,1242597.14547539,25.7893802979793,7.56229948587362,52058.995418143,15265.4197090794,3.74188173260531,4.38492036312614,0.538198095124662,0.673620121784316,12.7977375914784,0.532031321789271,7.64928126771546,12.908846788688,3.82214545420915,4.15718876479316,12.7977375914784,0.532031321789271
2020-07-21,362087,13579,248746,349676,12997,237892,4031.42857142858,192.857142857143,3640.71428571429,NA,746813.968411385,2518300.9857274,31484.3059136486,27458.2640692641,1253015.35013875,378475.285466913,4250006.86295926,1258220.93637991,25.8031395585498,7.56633415626648,53281.1330846353,15623.7909045173,3.75020368033097,4.39683490133593,0.539212750062827,0.674487406709336,12.8045654952202,0.542605711319699,7.74612488043819,13.0727359794495,3.87020318683847,4.23756665097594,12.8045654952202,0.542605711319699
2020-07-22,366550,13767,252246,353790.142857143,13189.8571428571,241584.285714286,4114.14285714284,192.857142857143,3692.28571428571,NA,750883.221726192,2550171.87540585,31870.8896784433,27608.7792207792,1259908.30629787,380489.864448053,4303942.21472278,1274036.5658444,26.013146466158,7.62791512917416,53935.3517635204,15815.6294644908,3.75583140090029,4.41014348764783,0.539845966178615,0.675041281316111,12.9087794493717,0.550894708903252,7.84415759888569,13.2386375029761,3.91885100200791,4.26758082019258,12.9087794493717,0.550894708903252
2020-07-23,371096,17654,255945,358005.857142857,13909.7142857143,245148.714285714,4215.71428571432,719.857142857143,3564.42857142858,NA,754719.33090285,2582702.15774268,32530.2823368311,27974.316017316,1266769.87567375,382124.490054514,4358993.46175434,1290179.41271832,26.1150608603379,7.65779980115172,55051.2470315602,16142.846873916,4.75725957703667,4.59494126074904,0.683547653649303,0.854562551610269,12.9593535096414,0.561434646445486,7.94421856491205,13.4079714454822,3.96850531597588,4.33226917256825,12.9593535096414,0.561434646445486
2020-07-24,375961,17843,259423,362352.142857143,14630.2857142857,248783.142857143,4346.28571428568,720.571428571428,3634.42857142858,NA,759980.808465337,2616615.51842205,33913.3606793708,27931.3116883116,1276044.29924104,384465.937566726,4416385.30290405,1307008.59922086,25.8258812072019,7.57300276000657,57391.8411497045,16829.1865025449,4.74597099167201,4.7857841481064,0.681911418562565,0.852801261428784,12.8158508246265,0.575880052776844,8.04853378712996,13.5845048984664,4.02027076459529,4.49350629972618,12.8158508246265,0.575880052776844
2020-07-25,375961,17843,259423,366132.285714286,15322.4285714286,251831.285714286,3780.1428571429,692.142857142857,3048.14285714284,NA,760816.150410321,2646439.85170902,29824.3332869746,28296.8484848486,1277806.97681827,384626.501453496,4466857.25154354,1321808.64431064,25.5414279768242,7.48959166237701,50471.9486394962,14800.0450897771,4.74597099167201,4.95425751958709,0.674226545843365,0.841857688387624,12.6746935824842,0.497397321729266,8.14027143541984,13.7397532263415,4.0657947103632,3.92435347771481,12.6746935824842,0.497397321729266
2020-07-26,375961,17843,267850,369328.142857143,15987.5714285714,255530.571428571,3195.8571428571,665.142857142859,3699.28571428571,NA,757003.746883633,2671610.94168883,25171.0899798055,28318.3506493506,1271685.4477731,382494.338801154,4509454.48074013,1334299.56114272,25.5854488971408,7.50250005254506,42597.2291965932,12490.9168320836,4.74597099167201,5.1093031017035,0.667874192367275,0.831050322897342,12.6965385504609,0.42005305229288,8.21769601948083,13.8707794455217,4.1042159325288,3.30843265698689,12.6965385504609,0.42005305229288
2020-07-27,389717,18418,272547,373904.714285714,16706.7142857143,259454.285714286,4576.57142857142,719.142857142857,3923.71428571429,NA,763306.087953793,2707230.30440401,35619.3627151814,28597.8787878789,1282717.27771601,385355.255637259,4569733.40225813,1351975.33512168,25.8917738709403,7.59232466892234,60278.9215179989,17675.7739789623,4.72599347731816,5.2794501105124,0.68032630877537,0.846957963101104,12.8485494397147,0.604557445929518,8.327258789506,14.0561933640258,4.15858542742851,4.70530864104915,12.8485494397147,0.604557445929518
2020-07-28,395005,18612,276452,378607.285714286,17425.7142857143,263412.285714286,4702.57142857148,719,3958.00000000003,NA,769603.536537802,2743274.67506594,36044.3706619316,29027.9220779222,1293738.75114389,388215.25590129,4630731.56799371,1369862.01529979,26.2909124652925,7.7093653093715,60998.1657355772,17886.6801781014,4.71183909064442,5.45156650973711,0.678459221352037,0.845317419038583,13.0466182158595,0.616070791375974,8.43812885546179,14.2438196294895,4.21360365564718,4.72213850128673,13.0466182158595,0.616070791375974
2020-07-29,400683,18816,280044,383483.428571429,18147,267383.428571429,4876.14285714284,721.285714285714,3971.14285714284,NA,777091.449254947,2780511.79557529,37237.1205093525,29027.9220779219,1306776.43859928,391664.861352762,4693748.23347108,1388340.58637962,26.3880948157598,7.73786238958369,63016.6654773662,18478.571079829,4.69598161139854,5.62331505066468,0.676709950662408,0.844326695232267,13.0948440439109,0.633580894860698,8.55266773992721,14.4376546647386,4.27044250056986,4.83848095044759,13.0948440439109,0.633580894860698
2020-07-30,400683,18816,283915,387710.142857143,18313,271379.142857143,4226.71428571426,166,3995.71428571426,NA,701318.904597166,2813254.65784392,32742.8622686262,108349.406926407,1178162.53884875,354342.458955453,4749159.23115644,1404588.92404675,26.0132105345322,7.62793391614102,55410.9976853672,16248.3376671379,4.69598161139854,5.6118727897869,0.668833869964001,0.834332398616713,12.9088112427002,0.543903999899917,8.65338258756187,14.6080951761204,4.32042129714045,4.21351467707168,12.9088112427002,0.543903999899917
2020-07-31,407492,19021,283915,392214.571428571,18481.2857142857,274878,4504.42857142858,168.285714285714,3498.85714285716,NA,627532.305994278,2848093.26270424,34838.6048603156,108456.917748918,1052910.55879551,318004.772001066,4808116.87015083,1421877.25427819,26.0547346743663,7.64011016767132,58957.6389943808,17288.3302314349,4.66782169956711,5.59830297019163,0.667850321093059,0.833242138114011,12.9294172068284,0.642263585854951,8.76054379880617,14.7894449182261,4.37359904106619,4.96758388116269,12.9294172068284,0.642263585854951
2020-08-01,407492,19021,287127,396719,18649.5714285714,278835.714285714,4504.42857142858,168.285714285714,3957.71428571426,NA,556296.239606404,2881203.46904363,33110.2063393984,104177.987012987,931994.545347903,282918.44152717,4864149.52703288,1438307.88298796,27.4148278254763,8.03893447513968,56032.6568820598,16430.6287097768,4.66782169956711,5.58592835727144,0.660175520554739,0.823251304558369,13.6043506502364,0.717777408098955,8.86238857215758,14.96179761159,4.42413855265411,5.27625526576481,13.6043506502364,0.717777408098955
2020-08-02,428850,19614,294187,404274.571428571,18902.5714285714,282598.142857143,7555.57142857142,253,3762.42857142858,NA,507414.266220717,2932688.57358002,51485.1045363913,100114.077922078,848985.876101796,258868.842489375,4951278.16547909,1463856.88223159,29.5728664615205,8.67174279698722,87128.6384462006,25548.9992436226,4.57362714235747,5.59659969284219,0.668806097473097,0.838766123912614,14.6752570410553,1.35813967529607,9.02075329959945,15.2297994580301,4.50272556025684,9.25497978789477,14.6752570410553,1.35813967529607
2020-08-03,433100,19811,298091,410472.142857143,19101.5714285714,286247.285714286,6197.57142857142,199,3649.1428571429,NA,440388.417200966,2974103.62066417,41415.0470841448,108241.896103896,735197.417321117,225869.921708359,5021365.16823687,1484408.71010793,30.1558161437578,8.84268292937259,70087.002757783,20551.8278763425,4.57423227891942,5.5920240960026,0.666116669989321,0.837071315698278,14.9645403420151,1.2213492013839,9.14814320591374,15.4453823764081,4.56594160399175,8.16197924284019,14.9645403420151,1.2213492013839
2020-08-04,439890,20007,302457,416884.285714286,19300.8571428571,289962.285714286,6412.1428571429,199.285714285714,3715,NA,374256.917147052,3016391.80026394,42288.1795997666,108220.393939394,622922.768878231,193314.597299221,5092929.77986724,1505393.82178902,30.5556765891404,8.95993524042464,71564.6116303736,20985.1116810872,4.5481825001705,5.58575699356571,0.663275904617211,0.835103747047358,15.1629673299494,1.45594520518545,9.27821880926803,15.6655103205462,4.63049039964125,9.60247316869575,15.1629673299494,1.45594520518545
2020-08-05,447624,20228,306430,423590.142857143,19502.5714285714,293731.714285714,6705.8571428571,201.714285714286,3769.42857142852,NA,305788.736564714,3056689.76253874,40297.9622748038,108564.428571428,506693.836903723,159599.645173506,5161126.33140922,1525391.30682764,33.5335024874629,9.83313230835379,68196.5515419757,19997.4850386244,4.51897127946669,5.58013488657265,0.661761630110594,0.833911736598593,16.6406854449064,1.79166985844706,9.4021726376535,15.8752783378139,4.69200132199795,10.7674595788352,16.6406854449064,1.79166985844706
2020-08-06,455409,20424,310337,431408.142857143,19732.2857142857,297506.285714286,7818,229.714285714286,3774.57142857148,NA,322349.458202506,3098465.71361376,41775.9510750221,24985.5151515156,534763.783411637,167785.650970133,5231824.09476695,1546122.2299175,37.7117794808847,11.0583413515376,70697.7633577306,20730.9230898607,4.48475985323083,5.58055536476872,0.6591649509066,0.831577622408782,18.7141161333713,2.5564813805662,9.53067266043085,16.0927399148217,4.75576825059423,13.6617036795863,18.7141161333713,2.5564813805662
2020-08-07,463875,20649,314332,439462.857142857,19964.8571428571,301851.571428571,8054.71428571432,232.571428571428,4345.28571428568,NA,339760.674043787,3141439.05066716,42973.3370534014,25329.5497835493,564273.42340677,176393.418659362,5304548.20362655,1567447.34454551,37.7710245699548,11.0757139716409,72724.1088596024,21325.1146280037,4.45141471301536,5.58174941997398,0.657310222065733,0.83033864810439,18.7435159520077,2.49858883782805,9.66285576214562,16.3164343946467,4.8213628724978,13.3312887488723,18.7435159520077,2.49858883782805
2020-08-08,463875,20649,319171,447517.571428571,20197.4285714286,306429.285714286,8054.71428571426,232.571428571431,4577.71428571432,NA,359556.215906341,3186796.71374184,45357.6630746755,25329.5497835497,597818.076668676,186184.385727568,5381307.32575292,1589955.65855249,35.7855070051706,10.4934945353508,76759.1221263735,22508.3140069819,4.45141471301536,5.5780595744748,0.647954728676577,0.819957587160123,17.7582215213628,2.37056466941461,9.80237289073849,16.5525403045731,4.8905969363108,13.349886122733,17.7582215213628,2.37056466941461
2020-08-09,478024,21072,324020,454542.428571429,20405.7142857143,310691.142857143,7024.85714285716,208.285714285714,4261.8571428571,NA,361649.911987328,3227179.02887044,40382.3151286058,38080.3333333335,601330.298607928,187245.887971838,5449646.62827826,1609995.00290202,35.0553242677357,10.2793808003135,68339.3025253331,20039.3443495336,4.4081468712868,5.56696611259427,0.652954168686931,0.826297246990323,17.3958752005305,1.95365845242756,9.92658618284306,16.7627474142885,4.95223661509954,11.2311547797368,17.3958752005305,1.95365845242756
2020-08-10,483133,21276,324020,461690,20615,314395.285714286,7147.57142857142,209.285714285714,3704.1428571429,NA,373374.843594536,3269065.76134345,41886.7324730088,29952.5151515151,621179.611437709,193059.093559948,5520531.86784797,1630780.90021945,34.3866387840604,10.0833000945741,70885.2395697078,20785.897317433,4.40375631554872,5.55516631814948,0.650828143367065,0.823788369720323,17.0640463138947,1.97628625508172,10.0554269617683,16.9807856555467,5.01617264073163,11.5821215724439,17.0640463138947,1.97628625508172
2020-08-11,489680,21501,329404,468802.857142857,20828.4285714286,318244.857142857,7112.85714285716,213.428571428572,3849.57142857142,NA,386915.736429921,3312815.60223079,43749.8408873337,29995.5194805195,644104.759752539,199771.509768271,5594570.06011884,1652491.34757708,32.7623702344358,9.60701082062403,74038.1922708731,21710.4473576243,4.39082666231008,5.54005031676918,0.649024955856934,0.821710329569787,16.2580183118253,1.90493882270596,10.189998537181,17.2085221677835,5.08295252025972,11.7174045434201,16.2580183118253,1.90493882270596
2020-08-12,489680,21501,341938,474810.857142857,21010.2857142857,323317.428571429,6008,181.857142857141,5072.57142857142,NA,394508.528972383,3350951.30819316,38135.7059623753,30361.0562770562,656940.353725496,203549.364928977,5659107.40867055,1671415.83324262,31.7472300499044,9.30933813493436,64537.348551712,18924.4856655395,4.39082666231008,5.58842159540104,0.641638687719201,0.812449978264764,15.7542645360428,1.55273552731256,10.3073014102142,17.4070347221474,5.14116296853185,9.85633365917193,15.7542645360428,1.55273552731256
2020-08-13,498555,21713,341938,480974.571428571,21194.4285714286,327831.857142857,6163.71428571426,184.142857142859,4514.42857142858,NA,398195.303899841,3389397.70649724,38446.3983040815,34575.4805194805,663147.961844491,205401.849372033,5724170.54426207,1690494.49706269,32.3068446713239,9.47343565550099,65063.1355915228,19078.6638200707,4.35518648895307,5.63740083982875,0.640615291571646,0.812730613622745,16.0319680323863,1.5623245186541,10.4255599520463,17.607164562171,5.19984765846357,9.74539090554691,16.0319680323863,1.5623245186541
2020-08-14,516296,25856,354232,488463.285714286,21938.2857142857,333531.857142857,7488.71428571432,743.857142857141,5700,NA,407884.359264251,3434836.14281404,45438.436316791,35005.5238095238,679898.791801844,209952.387050183,5801066.35956741,1713042.89403192,33.2117369404666,9.73878000509924,76895.8153053382,22548.3969692346,5.00797991849637,5.62928630629039,0.752757887857123,0.9550720512377,16.4810123163218,1.88060476303453,10.5653255337129,17.8436909311452,5.26920501477931,11.4110929666363,16.4810123163218,1.88060476303453
2020-08-15,516296,25856,359781,495952,22682.1428571429,339333.285714286,7488.71428571426,743.857142857145,5801.42857142858,NA,417952.021181395,3480653.18568356,45817.042869525,35005.5238095243,697290.340540745,214690.804671794,5878602.8936543,1735779.17094462,32.9372936231808,9.65830414514324,77536.5340868877,22736.2769126964,5.00797991849637,5.74224196077084,0.742849075177887,0.942523190805838,16.3448223994732,1.8359406417452,10.7062556837352,18.0821881081059,5.33914027719637,11.2328511326521,16.3448223994732,1.8359406417452
2020-08-16,525803,26075,365367,502777.571428571,23396.8571428571,345240,6825.57142857142,714.714285714283,5906.71428571426,NA,428345.411288096,3523111.44592013,42458.2602365711,31350.1558441557,715229.758963075,219593.308677483,5950455.33405465,1756848.68354322,32.3954880143986,9.49942881625223,71852.4404003508,21069.5125985995,4.95908163323526,5.83924377696512,0.740112834925947,0.937776996360666,16.075956458273,1.63306331486885,10.8368544437176,18.3032013942301,5.40394868440571,10.1586445536398,16.075956458273,1.63306331486885
2020-08-17,535946,26281,370717,510322.285714286,24111.8571428571,351911,7544.71428571432,715,6671,NA,442742.245893256,3569723.95152096,46612.505600831,31500.6709956708,739943.742800378,226482.844217316,6029338.03584067,1779979.70136017,32.6173035074336,9.564472457067,78882.7017860217,23131.0178169536,4.90366566780982,6.01768908160744,0.736219392785327,0.934184892459817,16.1860303119595,1.76133036776197,10.9802313837341,18.5458392927196,5.47509814336127,10.8819901818629,16.1860303119595,1.76133036776197
2020-08-18,541493,26481,374019,517724.142857143,24823.2857142857,358284.571428571,7401.8571428571,711.428571428572,6373.57142857142,NA,455094.777839635,3614912.145805,45188.1942840409,32124.233766234,761192.796863481,232361.79992003,6105810.36462905,1802403.91807255,33.008319700952,9.67913134088067,76472.3287883773,22424.2167123812,4.89036792719389,6.09172344838321,0.732548923235393,0.929779945999962,16.3800684230288,1.67179787024254,11.1192272376966,18.7810630455791,5.54407352953814,10.2064338118156,16.3800684230288,1.67179787024254
2020-08-19,549321,26658,377453,526244.285714286,25560,363358.142857143,8520.14285714284,736.714285714286,5073.57142857142,NA,479330.794042754,3667257.13170509,52344.9859000891,27372.2554112552,802591.725383046,244109.180678184,6194394.18692151,1828379.62536132,32.8004268081186,9.61817026704231,88583.8222924583,25975.707288766,4.85290021681312,6.27251577945089,0.726919303517868,0.925238369536209,16.2769035288408,1.87215126525064,11.2802369025242,19.0535409399027,5.62397306246008,11.5019966057563,16.2769035288408,1.87215126525064
2020-08-20,558420,26834,380730,534796.428571429,26291.5714285714,368899.857142857,8552.14285714284,731.571428571428,5541.71428571432,NA,504110.939386209,3720485.13852041,53228.0068153166,27716.2900432902,844906.344975266,256130.322620908,6284472.35230127,1854793.5234802,32.3774356161023,9.49413525584954,90078.1653797664,26413.8981188787,4.80534364815014,6.1307150352271,0.721250025223096,0.914996574874737,16.0669981252838,1.78417642473902,11.4439626804455,19.330615333308,5.70522044097743,11.1046499571586,16.0669981252838,1.78417642473902
2020-08-21,567059,27034,380730,542048.285714286,26459.8571428571,372685.285714286,7251.85714285716,168.285714285714,3785.42857142858,NA,437175.153684481,3765679.40909574,45194.2705753273,111961.77056277,731231.927414101,223204.017578804,6360954.96404414,1877220.75549502,32.3350520388061,9.48170698882284,76482.6117428634,22427.2320148244,4.76740515537184,6.10941056173104,0.717904979768093,0.908979761571415,16.0459656733925,1.43854449656014,11.5829772246723,19.5658707158457,5.77420510202231,8.96514378964966,16.0459656733925,1.43854449656014
2020-08-22,576067,27245,380730,550587,26658.2857142857,375678,8538.71428571432,198.428571428572,2992.71428571426,NA,376910.309797174,3817574.76434263,51895.3552468931,111961.770562771,628867.664132286,193572.919967702,6448777.87292349,1902973.33779799,33.1567304018663,9.72265026821643,87822.9088793574,25752.5823029694,4.72948459120206,6.0602163527895,0.713672990886178,0.903231470050278,16.4537158385201,1.95316442442819,11.7426038557761,19.8360080915599,5.85341831745729,11.8706094821544,16.4537158385201,1.95316442442819
2020-08-23,585236,27453,399357,559077.428571429,26855.1428571429,380533.714285714,8490.42857142852,196.857142857145,4855.71428571426,NA,317449.565101297,3865886.20579394,48311.4414513079,107575.329004328,527883.272009591,164326.959656751,6530535.69691802,1926947.4365633,35.4150062304481,10.3848514510337,81757.8239945211,23974.0987653106,4.69092810421779,5.99948681418844,0.710134715265422,0.898128437385116,17.574363994057,2.25266361078003,11.8912066084879,20.0874896730721,5.92716103684809,12.81775536395,17.574363994057,2.25266361078003
2020-08-24,594326,27663,399357,567417.428571429,27052.5714285714,384625.142857143,8340,197.428571428569,4091.42857142858,NA,252580.764000755,3908833.16659816,42946.9608042208,107618.333333333,417746.982235048,132397.158251327,6603215.16904823,1948259.46222555,39.1328357621803,11.4750420656017,72679.4721302195,21312.025662245,4.65451620827627,5.94028036963947,0.707704801432469,0.892796711561363,19.4193019571722,2.62725766018119,12.0233085786297,20.3110468533121,5.99271539797112,13.5287508711869,19.4193019571722,2.62725766018119
2020-08-25,600438,27813,414577,575838.142857143,27242.8571428571,390419.142857143,8420.71428571432,190.285714285714,5794,NA,193594.527196531,3957117.994729,48284.8281308408,107080.779220779,327621.507563364,98641.3240010142,6694986.13393699,1967473.35515032,43.8261747303669,12.8512843194309,91770.9648887552,19213.8929247679,4.63211855345598,5.87288755437502,0.702860011681425,0.885358574570887,21.7483273098061,3.33404965538894,12.1718294705532,20.593328184438,6.05181604355643,19.1165896270297,21.7483273098061,3.33404965538894
2020-08-26,607382,28001,414577,584132.571428571,27434.7142857143,395722.571428571,8294.42857142864,191.857142857145,5303.42857142858,NA,169842.307702216,4044444.2947152,87326.2999862041,110886.662337662,287425.443803754,84282.6489349343,6843146.31193562,2007961.87449884,49.2060268408996,14.4288349383089,148160.177998632,40488.5193485282,4.61011356938467,5.91424721869346,0.692332443213234,0.878656610861196,24.4180283571382,4.2848492585548,12.4404393106293,21.0490589519633,6.17635601271629,45.1078350461598,24.4180283571382,4.2848492585548
2020-08-27,613378,28124,421877,591983.714285714,27619,401600.714285714,7851.14285714284,184.285714285714,5878.14285714284,NA,144457.615503519,4129356.47264638,84912.1779311737,110112.584415584,244466.733929037,71685.7340092652,6987222.73392904,2049823.04442817,54.7608458339039,16.0576916355056,144076.421993415,41861.1699293253,4.5851008676542,5.77774337690158,0.681074646529032,0.871473189073237,27.1745550754711,4.62280154143922,12.7016234732265,21.4922283599939,6.30511816297218,49.9947151448566,27.1745550754711,4.62280154143922
2020-08-28,621997,28277,429662,599832,27796.5714285714,408591,7848.28571428568,177.571428571428,6990.28571428574,NA,145835.291336067,4156241.26969104,26884.7970446683,25329.5497835497,246804.613909391,72364.7149272426,7032720.08277386,2063164.37228492,58.826870897362,17.2499846992265,45497.3488448225,13341.3278567528,4.54616340593283,5.75339946320608,0.680350301273583,0.864987187910815,29.1922817986909,5.43314324999448,12.7843193052472,21.6321751526443,6.34615519239598,18.6108547832242,29.1922817986909,5.43314324999448
2020-08-29,629961,28471,438017,607531.142857143,27971.7142857143,416774.857142857,7699.14285714284,175.142857142859,8183.85714285716,NA,141735.247936128,4182182.87564176,25941.6059507104,29866.5064935065,239849.958045757,70341.8373216873,7076621.26207506,2076037.65042588,59.807166231027,17.5374397218801,43901.1793012023,12873.278140954,4.51948612691897,5.71224356431022,0.680768891428047,0.859420004567359,29.6787441447201,5.2796213788122,12.8641139447411,21.7672122348648,6.38575253229522,17.7882909637626,29.6787441447201,5.2796213788122
2020-08-30,639435,28607,446675,615273.857142857,28136.5714285714,423534.571428571,7742.71428571432,164.857142857141,6759.71428571426,NA,143415.709610028,4213658.1771425,31475.3015007409,29629.9826839832,242693.816263127,71175.7506335478,7129909.31076862,2091640.85267436,59.3763664333481,17.4111149691773,53288.0486935601,15603.2022484879,4.47379327062172,5.7459098653348,0.678911264211752,0.85369787170751,29.4649637939923,5.46322722271699,12.9609298604938,21.9311226975754,6.43374693559988,22.2071093528726,29.4649637939923,5.46322722271699
2020-08-31,647166,28788,455457,622822.428571429,28297.2857142857,431548.857142857,7548.57142857136,160.714285714286,8014.28571428574,NA,139962.16689631,4240081.34005648,26423.1629139865,29715.9913419909,236849.359362989,69461.9625199733,7174650.85020548,2104734.60376595,59.4501944326103,17.432763780991,44741.5394368572,13093.7510915811,4.44831774227942,5.67586037935347,0.678949239205315,0.849354442673262,29.501600244754,5.26421708426552,13.0422057368993,22.0687446711938,6.47402243550382,18.4241761142037,29.501600244754,5.26421708426552
2020-09-01,652037,28944,471599,630193.714285714,28458.8571428571,439694.857142857,7371.2857142858,161.571428571428,8146,NA,138412.449405857,4267334.07711149,27252.7370550027,28640.8831168832,234226.760532993,68692.9297803503,7220790.74588098,2118244.05330344,58.7657965728412,17.232075686773,46139.895675499,13509.4495374984,4.43901189656415,5.51212040047902,0.678268902246151,0.842660284117287,29.1619742391543,5.26801546902434,13.1260333277069,22.2106678947872,6.51557659593839,19.4715026634253,29.1619742391543,5.26801546902434
2020-09-02,657129,29068,480177,637300.428571429,28611.2857142857,449066.285714286,7106.7142857142,152.428571428572,9371.42857142858,NA,139226.798192202,4297178.26139566,29844.1842841795,28877.406926407,235604.889248345,69097.0427119194,7271323.58521904,2133034.08675059,56.2938417702406,16.5072167596946,50532.8393380623,14790.0334471441,4.42348458217489,5.54164388534595,0.676443894849247,0.835130604783061,27.9352899010216,5.13603542531738,13.2178320363324,22.366103518366,6.56106974656524,21.5617774356911,27.9352899010216,5.13603542531738
2020-09-03,657129,29068,480177,643550.571428571,28746.1428571429,457394.857142857,6250.14285714296,134.857142857145,8328.57142857142,NA,134505.170779773,4320329.28333389,23151.0219382206,27737.7922077924,227580.223077861,66778.8795921109,7310502.23772988,2144522.56380264,54.4035804643754,15.9529296098544,39178.6525108349,11488.4770520492,4.42348458217489,5.4670937322805,0.672819086085239,0.825066150934896,26.9972654935998,4.4900772842644,13.2890430266229,22.4866144250115,6.59640753122068,16.6282800716718,26.9972654935998,4.4900772842644
2020-09-04,670145,29405,498523,650428.857142857,28907.2857142857,467232.142857143,6878.28571428568,161.142857142855,9837.28571428568,NA,145457.554638601,4358170.00052605,37840.7171921618,26727.1904761903,246115.026531263,72213.8971461155,7374551.74814298,2163292.38801615,54.6960068834669,16.0386787101896,64049.5104131093,18769.8242135108,4.3878563594446,5.39369371434542,0.674709797838329,0.823733162545281,27.1423793557054,5.1149015670182,13.4054385339896,22.6836264219899,6.65414225124253,28.1332806558932,27.1423793557054,5.1149015670182
2020-09-05,676848,29554,498523,657127,29062,475875.857142857,6698.14285714284,154.714285714286,8643.71428571432,NA,143668.937531045,4382897.75138386,24727.7508578114,26361.6536796535,243073.993184408,71336.6038016565,7416398.71113313,2175563.30197566,54.5855254078192,16.0062818865034,41846.9629901415,12270.9139595153,4.36641609342127,5.36701305464706,0.674302748465182,0.817557904810952,27.0875539617749,4.60532630743082,13.4814994366548,22.812344872654,6.69188675933201,16.9999770168343,27.0875539617749,4.60532630743082
2020-09-06,683702,29687,506422,663450.857142857,29216.2857142857,484411.142857143,6323.85714285716,154.285714285714,8535.28571428568,NA,143293.211313908,4407489.80871651,24592.057332647,24813.4978354983,242430.830135629,71155.478654163,7458016.03892684,2187766.87929863,51.819699875669,15.1952503394819,41617.3277937109,12203.5773229683,4.34209641042442,5.31861802375764,0.673557995330795,0.80951509353796,25.7150390360463,4.40202305631466,13.5571429551401,22.94035698086,6.72942414444505,17.1171707365992,25.7150390360463,4.40202305631466
2020-09-07,689977,29838,522251,669566.714285714,29366.2857142857,493953.142857143,6115.85714285716,150,9542,NA,146028.480869518,4434565.01333705,27075.2046205448,24189.9350649351,247059.747845123,72512.8304637135,7503843.03355941,2201197.29770324,49.0247195629614,14.3756696462819,45826.994632571,13430.4184046099,4.32449197581948,5.25881696828296,0.672850660893719,0.801992183521158,24.3280563244771,4.26827007747984,13.6404244680898,23.0813177418377,6.77073521041701,18.8949667414683,24.3280563244771,4.26827007747984
2020-09-08,691575,29976,522251,675215,29513.7142857143,501189.142857143,5648.28571428568,147.428571428572,7236,NA,145135.159715093,4458138.068806,23573.0554689514,24318.9480519472,245538.182374995,72076.6528339135,7543735.89666071,2212895.20492844,48.2845829219853,14.1586370974243,39892.8631013017,11697.9072251939,4.33445396377833,5.20469903232543,0.672388327533972,0.796031651754397,23.9607704725641,3.86799492799697,13.7129336052068,23.2040255123434,6.80671718823447,16.1427793596065,23.9607704725641,3.86799492799697
2020-09-09,696190,30123,536959,680795.142857143,29664.4285714286,509300.857142857,5580.14285714284,150.714285714286,8111.71428571432,NA,145175.743323109,4481272.17622354,23134.1074175397,22942.8095238097,245605.675513837,72097.6556555065,7582885.92459809,2224375.28830857,48.6071631395972,14.2532282890548,39150.0279373759,11480.0833801324,4.32683606486735,5.1494754206418,0.672197510337015,0.789061167350499,24.1208478737851,3.84469737009006,13.7840925675665,23.3244483717213,6.84202915451822,15.9396988730732,24.1208478737851,3.84469737009006
2020-09-10,702776,30236,536959,687316.142857143,29831.2857142857,517412.571428571,6521,166.857142857141,8111.71428571426,NA,164972.449826709,4521533.78316004,40261.6069365013,20298.0432900442,279107.794212236,81921.5851986459,7650998.79787524,2244370.852653,48.5017731295561,14.222324451524,68112.8732771538,19995.5643444289,4.30236661468235,5.0973087291769,0.668711137636761,0.78212338362894,24.0685490718098,4.49147536338807,13.9079345693704,23.5339590002604,6.90353416894843,27.7330124268029,24.0685490718098,4.49147536338807
2020-09-11,710067,30344,544745,693019.285714286,29965.4285714286,524015.714285714,5703.14285714284,134.142857142859,6603.14285714284,NA,165209.424352944,4546159.34210186,24625.5589418188,24254.4415584411,279490.135718171,82052.7830838454,7692672.82069986,2256591.05483465,46.6697913206768,13.6851267782436,41674.0228246162,12220.2021816545,4.2733995524366,5.04191783153161,0.667464506115855,0.776293044668577,23.1594453170276,3.45653433153248,13.983681136558,23.6621454985778,6.94112269101144,14.9270735614862,23.1594453170276,3.45653433153248
2020-09-12,716670,30470,559321,698708.142857143,30096.2857142857,532701.142857143,5688.85714285716,130.857142857141,8685.42857142858,NA,174136.960038449,4578504.57908607,32345.2369842064,23286.8441558443,294598.273032103,86482.9887623666,7747427.43054126,2272630.05643154,43.4057037177279,12.7279883082059,54754.6098414045,16039.0015968885,4.2516081320552,5.01238857538759,0.665501136313862,0.770004837879158,21.5396725215793,3.4427336200955,14.0831729154943,23.8305670049883,6.9904575838742,19.5783243667176,21.5396725215793,3.4427336200955
2020-09-13,722832,30526,559321,704298.142857143,30216.1428571429,540258.142857143,5590,119.857142857145,7557,NA,177251.201874177,4604961.01572699,26456.4366409229,23222.3376623373,299844.693281577,88045.7457205909,7792199.86177974,2285758.81446388,42.5782849088328,12.4853617401841,44772.4312384846,13128.7580323378,4.22311131770591,4.9748169779715,0.662893776858192,0.75476376420582,21.1290737141577,3.20945511020612,14.1645511396516,23.968283999716,7.03084076277931,15.1928899155478,21.1290737141577,3.20945511020612
