"date","positive","death","recovered","positive7","death7","recovered7","dif_pos7","dif_dea7","dif_rec7","testPosRate7","Einfected","Epositive","dif_Epositive","dif_Erecovered","Einfected_U","Einfected_L","Epositive_U","Epositive_L","confirmRate_k_U","confirmRate_k_L","dif_Epositive_U","dif_Epositive_L","CFR","CFRadj","ECFR_k","EIFRadj_k","confirmRate_k","NCC7PerEinfected_k","cumIncidence","cumIncidence_U","cumIncidence_L","difEposPerEinfected_k","ascertainmentRate","docuTransmissionRate"
2020-03-13,9,0,0,9,0,0,NA,NA,NA,NA,2229.43722943723,2229.43722943723,NA,NA,3772.89377289377,1106.33727175081,3772.89377289377,1106.33727175081,NA,NA,NA,NA,NA,NA,NA,NA,NA,NA,0.0306295358019446,0.0518345990494447,0.0151996192701379,NA,NA,NA
2020-03-14,12,0,0,10.5,0,0,1.5,0,0,NA,2727.27272727273,2727.27272727273,497.835497835498,0,4615.38461538462,1353.38345864662,4615.38461538462,1353.38345864662,2.35206322781913,0.689813676263588,842.490842490843,247.046186895811,NA,NA,NA,NA,1.16718927094784,0.0672815533980582,0.0374691408839323,0.0634093153420392,0.0185937090100716,22.3300970873786,1.16718927094784,0.0672815533980582
2020-03-15,12,0,0,11,0,0,0.5,0,0,NA,2762.74322920975,2762.74322920975,35.4705019370226,0,4675.40196604121,1370.98536186348,4675.40196604121,1370.98536186348,2.84060191582487,0.833092421657989,60.0173506565961,17.6019032168683,NA,NA,NA,NA,1.40962200334166,0.0183333333333333,0.0379564589365097,0.0642338748166911,0.0188355360136063,1.30058507102416,1.40962200334166,0.0183333333333333
2020-03-16,18,0,0,12.75,0,0,1.75,0,0,NA,2868.63574749507,2868.63574749507,105.892518285323,0,4854.57587266154,1423.53352883214,4854.57587266154,1423.53352883214,3.33027791634259,0.976704718342878,179.173906620327,52.5481669686567,NA,NA,NA,NA,1.65261911638053,0.0633423384596646,0.0394112828881116,0.0666954886783143,0.0195574787264313,3.83287585924561,1.65261911638053,0.0633423384596646
2020-03-17,20,0,0,14.2,0,0,1.45,0,0,NA,2945.105734199,2945.105734199,76.4699867039249,0,4983.96580954101,1461.48104103108,4983.96580954101,1461.48104103108,3.82106735323877,1.12064356392,129.389936879475,37.9475121989401,NA,NA,NA,NA,1.89616876175759,0.05054543164418,0.0404618799466856,0.0684731362620777,0.0200788276427162,2.66572661833066,1.89616876175759,0.05054543164418
2020-03-18,28,0,0,16.5,0,0,2.3,0,0,NA,3052.56949867915,3052.56949867915,107.46376448015,0,5165.79832059863,1514.80892415657,5165.79832059863,1514.80892415657,4.31294074544041,1.26490031217309,181.83251105762,53.3278831254879,NA,NA,NA,NA,2.14025630976742,0.078093093868902,0.0419382907548013,0.07097127585258,0.0208114826302021,3.64889325474005,2.14025630976742,0.078093093868902
2020-03-19,44,0,0,20.4285714285714,0,0,3.92857142857143,0,0,NA,3217.29877184716,3217.29877184716,164.729273168012,0,5444.52610879527,1596.55427775874,5444.52610879527,1596.55427775874,4.80586511092794,1.40946529012742,278.727788196635,81.7453536021712,NA,NA,NA,NA,2.38486539339281,0.128691928208497,0.0442014543476159,0.074800629132789,0.0219345562928019,5.39641352111036,2.38486539339281,0.128691928208497
2020-03-20,65,0,0,28.4285714285714,0,0,8,0,0,32.3699421965318,3521.484057816,3521.484057816,304.18528596884,0,5959.21842989585,1747.50336703651,5959.21842989585,1747.50336703651,5.29980011027343,1.55432666702573,514.69232110058,150.94908927777,NA,NA,NA,NA,2.62997599457178,0.248643689769394,0.0483805601703707,0.0818718247995608,0.0240083982800336,9.45467945441065,2.62997599457178,0.248643689769394
2020-03-21,104,1,0,41.5714285714286,0.142857142857143,0,13.1428571428571,0.142857142857143,0,43.6018957345972,3978.39392682572,3978.53678396858,457.052726152582,0,6732.42503881795,1974.16862963854,6732.56789596081,1974.3114867814,5.79470309865449,1.69947193598413,773.34946606496,226.80811974489,NA,NA,NA,NA,2.875566951212,0.373198198024468,0.054659863599156,0.0924966295016115,0.0271244435905586,12.9789804141849,2.875566951212,0.373198198024468
2020-03-22,152,2,0,61.5714285714286,0.428571428571429,0,20,0.285714285714286,0,46.5116279069767,4618.80191022059,4619.23048164916,640.693697680576,0,7816.21584494456,2291.82114126951,7816.64441637313,2292.24971269808,6.29053016268685,1.84488821807459,1084.07652041233,317.938225916676,NA,NA,NA,NA,3.12161647170926,0.50268481341492,0.0634621524871644,0.107390415321452,0.0314924967229538,16.1043302766092,3.12161647170926,0.50268481341492
2020-03-23,265,2,0,96.8571428571429,0.714285714285714,0,35.2857142857143,0.285714285714286,0,57.3085846867749,5666.16033491151,5666.8746206258,1047.64413897664,0,9588.58126945371,2811.41898467145,9589.295555168,2812.13327038573,6.78723413424701,1.99056167981836,1772.65113879486,519.883557687656,NA,NA,NA,NA,3.36810114932558,0.763911802277302,0.0778554052949963,0.131744310915893,0.0386350131539079,22.682162156779,3.36810114932558,0.763911802277302
2020-03-24,357,5,0,145,1.42857142857143,0,48.1428571428571,0.714285714285714,0,66.3385826771653,6997.19973667954,6998.62830810811,1331.75368748231,0,11841.2415819267,3471.57494988824,11842.6701533553,3473.00352131681,7.28476687746659,2.13647820391624,2253.37459818731,660.870250931073,NA,NA,NA,NA,3.61499709708869,0.849609028573586,0.0961519496926191,0.162702714686604,0.0477145013512245,23.5036357738915,3.61499709708869,0.849609028573586
2020-03-25,450,6,0,205.285714285714,2.28571428571429,0,60.2857142857143,0.857142857142857,0,70.6867671691793,8557.22638365488,8559.51209794059,1560.88378983248,0,14481.4553186106,4245.29171777503,14483.7410328963,4247.57743206075,7.78308092352515,2.28262386870101,2641.07087954099,774.573910743939,NA,NA,NA,NA,3.86228075904256,0.861529921127951,0.117596440388335,0.198987555538927,0.0583561283130083,22.3072635993265,3.86228075904256,0.861529921127951
2020-03-26,577,8,0,281.428571428571,3.42857142857143,0,76.1428571428572,1.14285714285714,0,75.6028368794326,10408.7399253483,10412.1684967769,1852.65639883626,0,17615.0729712728,5163.51218637047,17618.5015427013,5166.94075779904,8.28212905727022,2.42898482690126,3134.76050980505,919.363325738294,NA,NA,NA,NA,4.10992870511154,0.889777037679847,0.14304950304809,0.24205504270466,0.0709869714373981,21.6501973393506,4.10992870511154,0.889777037679847
2020-03-27,736,13,0,377.285714285714,5.28571428571429,0,95.8571428571428,1.85714285714286,0,8.47757422615287,12606.4913265886,12611.7770408743,2199.60854409743,0,21335.0317060914,6253.19011050904,21340.3174203771,6258.47582479476,8.78186562718272,2.57554768982834,3721.81587767577,1091.53506699572,1.76630434782609,NA,0.103078257392812,NA,4.35791828115834,0.920908659110869,0.173269231938462,0.293187898641713,0.0859832278792369,21.1323230273124,4.35791828115834,0.920908659110869
2020-03-28,873,15,0,487.142857142857,7.28571428571429,0,109.857142857143,2,0,9.63176352705411,14967.9594911337,14996.7473699216,2384.97032904728,21.5021645021645,25331.9991361316,7424.11093974625,25375.7720299045,7441.9949354498,9.28224494797896,2.72229905889115,4035.45460952737,1183.51911065504,1.71821305841924,NA,0.100021688903588,NA,4.60622681629031,0.871424153563665,0.206035588001588,0.348629738316581,0.102243224121089,18.9185893779746,4.60622681629031,0.871424153563665
2020-03-29,919,17,0,596.714285714286,9.42857142857143,0,109.571428571428,2.14285714285714,0,5.70769459741033,17179.7686104706,17253.7036754057,2256.95630548413,43.004329004329,29075.7322493206,8520.76487436889,29194.6223592107,8561.98829005095,9.78322131299153,2.86922552922712,3818.85032930624,1119.99335460115,1.84983677910773,NA,0.0985295697655493,NA,4.85483162900331,0.732040458105997,0.237043199720578,0.401095720017837,0.117630460011716,15.0785837362872,4.85483162900331,0.732040458105997
2020-03-30,1157,20,0,724.142857142857,12,0,127.428571428571,2.57142857142857,0,5.51127587272166,19630.9755926224,19750.4864151333,2496.78273972758,43.004329004329,33224.8316463742,9736.00185154841,33419.2675438101,9800.99325863757,10.2847506393727,3.01631417220793,4224.64518459939,1239.00496858661,1.7286084701815,NA,0.101263328809338,NA,5.10371084359848,0.741743616233252,0.2713457112721,0.459136789406843,0.134652758977132,14.533273388827,5.10371084359848,0.741743616233252
2020-03-31,1289,24,0,857.285714285714,14.7142857142857,0,133.142857142857,2.71428571428571,0,4.98369071172665,22008.0803994026,22237.8163301385,2487.32991500526,107.510822510823,37248.332132238,10914.6102519055,37627.9182128241,11035.3073517981,10.7867890256313,3.16355211239356,4208.65066901397,1234.3140931605,1.86190845616757,163.492063492063,0.107924265780868,1.07650485436893,5.3528426743734,0.678241127181429,0.305518353442489,0.516958115184642,0.151610611482739,12.6704345551732,5.3528426743734,0.678241127181429
2020-04-01,1413,29,0,994.857142857143,18,0,137.571428571429,3.28571428571429,0,4.74735025881193,24331.4472509732,24693.4818830078,2455.66555286929,129.012987012987,41181.1967832815,12066.3358001607,41782.9916550763,12253.908302846,11.2892927297592,3.31092652111723,4155.07344225225,1218.60095104792,2.05237084217976,150,0.117439898258964,1.06333333333333,5.6022054147677,0.625111616648887,0.339255968916058,0.574043360321281,0.168352586078645,11.1580179111666,5.6022054147677,0.625111616648887
2020-04-02,1598,32,0,1140.71428571429,21.4285714285714,0,145.857142857143,3.42857142857143,0,4.68671103970622,26648.5286204005,27186.0091398811,2492.52725687324,172.017316017316,45103.3155322346,13215.0142026048,46000.4364113555,13490.8015280613,11.7922177827238,3.45842450313035,4217.44475627912,1236.89322521529,2.00250312891114,178.571428571429,0.117707604067038,1.15826905887136,5.85177724556217,0.59947930980019,0.37350001572916,0.631985505293796,0.185345872467102,10.2440567187122,5.85177724556217,0.59947930980019
2020-04-03,1769,41,0,1288.28571428571,25.4285714285714,0,147.571428571428,4,0,6.26744327144763,28783.5950886686,29604.6037466773,2418.59460679622,279.528138528139,48717.3302821047,14273.4413866433,50092.784494559,14691.0063705316,12.2955201770134,3.60603315189916,4092.34808320351,1200.20484247031,2.31769361221029,141.269841269841,0.138491973582324,1.42925082195611,6.10153632844273,0.553791374946548,0.406728325152321,0.688208986481532,0.201835108722205,9.07590299355099,6.10153632844273,0.553791374946548
2020-04-04,2019,52,0,1452,30.7142857142857,0,163.714285714286,5.28571428571429,0,6.08538657604079,31054.8638998023,32182.188575127,2577.58482844969,301.030303030303,52562.5892471476,15398.8819782048,54454.149686708,15970.1086162284,12.7991555221683,3.75373944857883,4361.36519214907,1279.10224569684,2.57553244180287,153.571428571429,0.161580061214947,1.76564119230656,6.35146063506096,0.568802002204958,0.442140951147393,0.7481284089862,0.219408291546827,8.95504825060725,6.35146063506096,0.568802002204958
2020-04-05,2269,64,0,1644.85714285714,37.4285714285714,0,192.857142857143,6.71428571428572,0,9.97193086127938,33647.0187613456,35103.590189917,2921.40161479007,322.532467532468,56951.6826903538,16682.9115657805,59397.2651079362,17419.8267107859,13.3030789628112,3.90153023797338,4943.11542122819,1449.71809455748,2.82062582635522,133.673469387755,0.182317534057764,2.09659436182183,6.60152790635743,0.62105208198697,0.482277167664536,0.816040314631497,0.239325511773379,9.40722723569452,6.60152790635743,0.62105208198697
2020-04-06,2456,65,0,1830.42857142857,43.8571428571429,0,185.571428571428,6.42857142857142,0,8.23454833597464,35961.9448153202,37811.9837763591,2708.39358644206,387.038961038961,60871.183150565,17829.728791276,63979.9633703452,18763.8415732308,13.8072452736014,4.04939225638388,4582.69826240899,1344.01486244494,2.64657980456026,99.6753246753247,0.171903173302003,2.02032837511952,6.85171569968191,0.551554975945372,0.519486933979699,0.879000562466506,0.25779050859143,8.04943108229702,6.85171569968191,0.551554975945372
2020-04-07,2575,73,0,2014.14285714286,50.8571428571429,0,183.714285714286,7,0,9.1830905455584,38133.1996734198,40398.7797599999,2586.79598364075,408.541125541125,64547.8775346021,18905.0346392266,68356.9141646387,20047.5147681202,14.3116087837384,4.19731210946682,4376.95079429351,1283.67319488939,2.83495145631068,78.2417582417582,0.180698527118088,2.07298964872424,7.10200135132883,0.51088841995922,0.555026109134341,0.939134110649428,0.275426490247117,7.19314819297188,7.10200135132883,0.51088841995922
2020-04-08,2726,80,0,2201.71428571429,58.1428571428571,0,187.571428571429,7.28571428571429,0,9.72160521249813,40182.5365635844,42949.952148,2551.17238800012,494.549783549784,68018.0610957575,19919.9837726917,72673.5885682849,21313.5100884812,14.8161233738169,4.34527627131182,4316.67440364619,1265.99532036096,2.93470286133529,55.9065934065934,0.186263304146022,2.01078950237077,7.35236197497682,0.491916629456773,0.590075862930239,0.998439540488865,0.292819601153352,6.69016083058559,7.35236197497682,0.491916629456773
2020-04-09,3018,89,0,2404.57142857143,66.2857142857143,0,202.857142857143,8.14285714285715,0,9.81408528578341,42326.5406707033,45618.1510603137,2668.19891231375,516.051948051948,71648.9133753291,20981.5507946992,77188.2760126917,22637.5787216595,15.3207422767965,4.49327102606984,4514.68744440678,1324.06863317826,2.94897282968854,43.609022556391,0.195097780009385,1.92672784684745,7.60277436292159,0.504873606537778,0.626733407279246,1.06046540911938,0.311010563010754,6.64019531990376,7.60277436292159,0.504873606537778
2020-04-10,3112,97,0,2596.42857142857,74.2857142857143,0,191.857142857143,8,0,10.2825204808207,44159.5196347481,48061.1906304191,2443.03957010536,602.060606060606,74752.9821801066,21889.1343407665,81321.9858431103,23849.914147426,15.8254175189042,4.64128230398106,4133.70983041859,1212.33542576656,3.11696658097686,28.0323450134771,0.20182604452293,1.71170189026148,7.85321470862914,0.453311222216712,0.660297558352922,1.11725714632277,0.327666457528518,5.7718857515713,7.85321470862914,0.453311222216712
2020-04-11,3393,108,0,2792.71428571429,82.2857142857143,0,196.285714285714,8,0,10.2767389678385,45778.1258352613,50483.3769175124,2422.18628709328,795.580086580088,77493.3818730721,22690.9851083681,85420.4111771014,25051.9013274873,16.3301004820783,4.78929584632853,4098.42533399114,1201.98718006133,3.18302387267904,23.0492196878752,0.213931806060572,1.54315953420299,8.10365888584337,0.444525847297909,0.693575212740272,1.17356412094469,0.344180180758331,5.48508296088284,8.10365888584337,0.444525847297909
2020-04-12,3539,115,0,2974.14285714286,89.5714285714286,0,181.428571428572,7.28571428571428,0,8.64004354037692,46931.9738707883,52655.1123989268,2171.73548141445,1010.60173160173,79445.8523873012,23263.2834890485,89095.0648415137,26129.6046490915,16.8347417876114,4.93729717131289,3674.65366441225,1077.70332160416,3.24950551003108,19.9047619047619,0.218402344541086,1.34353452257716,8.35408239084473,0.396352634210744,0.723412002402715,1.22404903009024,0.358986407207362,4.74404629239242,8.35408239084473,0.396352634210744
2020-04-13,3702,122,0,3152.14285714286,97.7142857142857,0,178,8.14285714285714,0,11.5231665587718,48024.9282461977,54723.8070340765,2068.69463514972,967.597402597402,81296.0913414954,23804.7882381776,92595.3697297738,27156.1749191658,17.3392903719215,5.08527130299442,3500.30488826009,1026.57027007429,3.29551593733117,16.9348848724932,0.222937705931224,1.17170597112183,8.60445988381069,0.379303325602786,0.751833146337143,1.27213861632172,0.373090132768808,4.40785772370279,8.60445988381069,0.379303325602786
2020-04-14,3806,131,249,3328,106,35.5714285714286,175.857142857143,8.28571428571429,35.5714285714286,11.4821378602742,48949.0534124761,56709.8239752466,1986.0169411701,1053.60606060606,82860.3451222535,24262.7289759011,95955.7810196894,28141.7171606487,17.8436941061539,5.23320295300986,3360.41128991566,985.542241482908,3.4419337887546,14.4021739130435,0.231000540677362,1.03871167065065,8.85476549628691,0.366209837311385,0.779118407478222,1.31830624847332,0.386630187169644,4.13538762825187,8.85476549628691,0.366209837311385
2020-04-15,3962,142,385,3504.57142857143,114.857142857143,90.5714285714286,176.571428571428,8.85714285714286,55,11.5019542155221,49782.8715639401,58649.1096591782,1939.28568393159,1096.61038961039,84271.9821663914,24675.7117750165,99237.1213605306,29104.0694549305,18.347899165471,5.38107633559774,3281.34034084121,962.352294281838,3.58404846037355,13.1566028473245,0.242117912488682,0.946871988287302,9.10497251820363,0.360756423887139,0.805761642596878,1.36338754976366,0.399851642190932,3.96184512004743,9.10497251820363,0.360756423887139
2020-04-16,4234,150,460,3678.28571428571,123.571428571429,156.285714285714,173.714285714286,8.71428571428571,65.7142857142857,11.8982387475538,50405.4370636267,60506.0128212025,1856.90316202427,1225.62337662338,85325.4448340477,24984.366190543,102379.06754467,30025.5401969877,18.851850393695,5.52887527454084,3141.94618413982,921.470742057161,3.54274917335853,13.4462925540183,0.247909245719521,0.869378556754847,9.35505357882607,0.348975316183717,0.831273050198304,1.40655375864552,0.412511438444271,3.73000412328425,9.35505357882607,0.348975316183717
2020-04-17,4507,169,539,3877.57142857143,133.857142857143,233.285714285714,199.285714285714,10.2857142857143,77,12.1346555323591,51265.8466990103,62580.829382993,2074.81656179047,1204.12121212121,86782.5404743202,25410.1849354917,105889.730950511,31055.1484156206,19.3554898532502,5.67658277789283,3510.66340584026,1029.60821863287,3.74972265364988,11.5693295468576,0.270050751430162,0.855675128438904,9.60497992717677,0.395402222167733,0.859778301354387,1.454785657287,0.426656901423981,4.11625547293923,9.60497992717677,0.395402222167733
2020-04-18,4719,177,539,4067,143.714285714286,310.285714285714,189.428571428572,9.85714285714286,77,12.6105563480742,51974.0794966549,64503.040535616,1922.21115262299,1204.12121212121,87981.8509068546,25760.7032518309,109142.180577184,32009.0276342154,19.8587586075745,5.82418156072443,3252.44962667357,953.879218594862,3.75079465988557,11.1492851601463,0.274405669144027,0.795941460133902,9.85472231654073,0.369537755352662,0.886186954866029,1.49947003815623,0.439761947527503,3.74949654866443,9.85472231654073,0.369537755352662
2020-04-19,4929,184,994,4265.57142857143,153.571428571429,452.285714285714,198.571428571428,9.85714285714286,142,12.7745611616579,52832.8385594098,66468.2671308384,1965.22659522242,1096.61038961039,89436.3808953906,26185.5589843688,112467.413862424,32984.2528619198,20.3615967809669,5.97165406267544,3325.2332852393,975.225227704363,3.73300872387908,10.868466282479,0.276823825778109,0.745135906194804,10.104251034164,0.382095995542837,0.913186583993283,1.54515437078298,0.45316025972599,3.78116671666865,10.104251034164,0.382095995542837
2020-04-20,5064,187,1155,4460.14285714286,162.857142857143,617.285714285714,194.571428571428,9.28571428571428,165,12.2119609073791,53477.2047767952,68347.5424391329,1879.27530829448,1225.62337662338,90527.1266015485,26504.743938646,115647.214513636,33916.825571299,20.86394193338,6.1189819713136,3179.80065121288,932.572709379216,3.69273301737757,10.1913105667799,0.273601644370072,0.687853811266754,10.35353509476,0.368314288660829,0.939005355464883,1.58884065026345,0.465972582411145,3.55702127604078,10.35353509476,0.368314288660829
2020-04-21,5251,208,1155,4666.57142857143,173.857142857143,746.714285714286,206.428571428572,11,129.428571428571,13.0698263386397,54166.0515173813,70294.5147208445,1946.97228171167,1247.12554112554,91694.2165289231,26845.2103125995,118941.560851267,34882.9922674868,21.3657303903236,6.26614661216887,3294.34633763097,966.166696187756,3.96115025709389,9.8279899862715,0.295897910137107,0.702593426954229,10.6025429004613,0.386051734687359,0.96575419432909,1.63410063684668,0.479246442298646,3.64075177421483,10.6025429004613,0.386051734687359
2020-04-22,5459,229,1265,4880.42857142857,186.285714285714,872.428571428571,213.857142857143,12.4285714285714,125.714285714286,13.2583473563015,54791.296715662,72265.322689688,1970.80796884345,1333.1341991342,92754.2599971766,27153.6832251728,122276.238019155,35860.987199394,21.8668968396476,6.41312883047798,3334.67716788723,977.994931907262,4.19490749221469,9.2266327036015,0.316887812129949,0.711573731119672,10.8512420407274,0.394858863142063,0.99283050419034,1.67991471600221,0.492682806590695,3.63845603220874,10.8512420407274,0.394858863142063
2020-04-23,5769,249,1282,5099.71428571429,200.428571428571,989.857142857143,219.285714285714,14.1428571428571,117.428571428571,13.5852730330118,55441.1400786047,74240.9409444056,1975.61825471758,1311.63203463203,93857.2155339624,27473.4271926051,125619.054361801,36841.3691904569,22.3673747870439,6.55990912477408,3342.81634264661,980.381991062859,4.31617264690588,8.83334382673298,0.33539445598684,0.709329155943489,11.0995995183827,0.400262576484313,1.01997290105393,1.72584061671585,0.506151965936536,3.60571545690916,11.0995995183827,0.400262576484313
2020-04-24,6045,266,1313,5319.42857142857,214.285714285714,1100.42857142857,219.714285714286,13.8571428571429,110.571428571428,13.3925461511669,55815.3484165214,76177.1622693353,1936.22132492969,1548.15584415584,94492.4368044656,27657.3254225917,128895.209698239,37802.2008253844,22.8670953086241,6.70646728104236,3276.15533643725,960.831634927526,4.40033085194375,8.72498836668218,0.349186018585884,0.703480678435891,11.3475811305954,0.396344836848722,1.04657403590956,1.77085068286401,0.519352529097977,3.49239088912044,11.3475811305954,0.396344836848722
2020-04-25,6280,266,1345,5542.42857142857,227,1215.57142857143,223,12.7142857142857,115.142857142857,13.6177265986216,56242.2023010677,78100.3797902452,1923.21752090997,1483.64935064935,95216.2595717389,27867.7083384461,132149.362135841,38756.5794447833,23.3659886618631,6.85278284517808,3254.15243760297,954.378619398929,4.23566878980892,8.81553398058252,0.340587332243964,0.658435728950841,11.595152268293,0.399575884001093,1.07299651559808,1.8155584581162,0.53246443631183,3.44567860896966,11.595152268293,0.399575884001093
2020-04-26,6526,275,1383,5770.57142857143,240,1271.14285714286,228.142857142857,13,55.5714285714284,13.5098553421876,56672.0645409172,80026.891380744,1926.51159049882,1483.64935064935,95945.3703076124,28079.4401910889,135409.08825633,39712.5927152564,23.8639843388321,6.99883513859874,3259.72612048889,956.0132704731,4.21391357646338,8.80410858400587,0.343634489926183,0.64028010800195,11.8422779425783,0.405689228956546,1.09946425147102,1.8603428084418,0.545598801481861,3.42538434072352,11.8422779425783,0.405689228956546
2020-04-27,6716,275,1418,6006.57142857143,252.571428571429,1308.71428571429,236,12.5714285714286,37.5714285714287,13.7175122477788,57214.0529468145,81979.0919078535,1952.20052710945,1397.64069264069,96864.3249271418,28346.7416341872,138712.280971098,40681.3538790852,24.3610095874692,7.14460282456188,3303.1927147675,968.761163828756,4.0946992257296,8.36883461137934,0.335451385957174,0.602830219130123,12.0889220509246,0.416478612989831,1.1262849195518,1.90572433261381,0.558908305943001,3.44473162028527,12.0889220509246,0.416478612989831
2020-04-28,6948,293,1450,6249,264.714285714286,1350.85714285714,242.428571428572,12.1428571428571,42.1428571428571,13.812469477454,57511.6072501556,83944.4557350041,1965.36382715064,1655.66666666667,97368.1347360281,28493.8244356304,142037.74645764,41656.6472068442,24.8569906640935,7.29006427550279,3325.46548654197,975.293327758962,4.21704087507196,8.50624311421227,0.34904032366943,0.609639495311532,12.3350479987231,0.423771260411404,1.15328643406529,1.9514118553811,0.572307553746686,3.43510680667495,12.3350479987231,0.423771260411404
2020-04-29,7202,304,1475,6498,275.428571428571,1380.85714285714,249,10.7142857142857,30,14.2728463806093,57609.4396088456,85923.6906910966,1979.23495609251,1870.68831168831,97531.971764917,28543.2364116935,145386.682387628,42638.8239519728,25.3518525290879,7.43519748378436,3348.93592998775,982.176745128607,4.22104970841433,8.11755294513915,0.353802307087701,0.602178417059387,12.5806185482692,0.433007178270135,1.18047851964978,1.99742183117749,0.585801370653273,3.44145304005071,12.5806185482692,0.433007178270135
2020-04-30,7648,320,1499,6766.42857142857,285.571428571429,1411.85714285714,268.428571428572,10.1428571428571,31,14.3555657422263,57563.4955013596,88016.6037264678,2092.91303537117,2128.71428571429,97450.8814212173,28522.4521177531,148927.965670302,43677.4123755404,25.8455192969027,7.579980193674,3541.28328267395,1038.58842356763,4.18410041841004,8.06926896217656,0.363567766139301,0.607728263070847,12.825596042072,0.466001504425545,1.20923239255583,2.04607440666125,0.600070209839734,3.63293420241813,12.825596042072,0.466001504425545
2020-05-01,7962,330,1528,7040.28571428571,294.714285714286,1442.57142857143,273.857142857143,9.14285714285717,30.7142857142858,13.5333568655136,57563.962958546,90111.9239975071,2095.32027103928,2085.70995670996,97447.838564847,28525.0589547243,152473.322081331,44717.195367184,26.3379133009537,7.72438962709708,3545.35641102897,1039.78299164357,4.14468726450641,7.96094775025083,0.366211246370824,0.603028220961508,13.0699419388191,0.475806379340835,1.23801933771442,2.0947829415724,0.614355460820691,3.640015695346,13.0699419388191,0.475806379340835
2020-05-02,8364,348,1565,7338,306.428571428571,1474,297.714285714285,11.7142857142857,31.4285714285713,13.4547097940473,57874.7197710067,92348.0877363747,2236.1637388676,1913.69264069264,97972.4338719529,28679.7728616596,156256.99064851,45826.8706060205,26.8289563734367,7.86840285898086,3783.66856717915,1109.67523883654,4.16068866571019,8.05119735755574,0.376835090503912,0.613650291265053,13.3136174484723,0.51725340819299,1.26874128691052,2.14676557212637,0.629600939369129,3.88465912341363,13.3136174484723,0.51725340819299
2020-05-03,8640,362,1597,7640,318.857142857143,1504.57142857143,302,12.4285714285714,30.5714285714287,12.9629629629629,58133.2941312043,94575.7876376978,2227.69990132308,1956.69696969697,98409.0194202594,28808.3758202109,160026.338101578,46932.3457450229,27.3185700288585,8.01199687108084,3769.34745306836,1105.47513900243,4.18981481481481,8.0478834643398,0.382761813612121,0.617230171273963,13.5565836233433,0.521883007383243,1.29934695410878,2.19855144940486,0.644788714069017,3.84917613448054,13.5565836233433,0.521883007383243
2020-05-04,8919,362,1632,7954.71428571429,331.285714285714,1535.14285714286,314.714285714285,12.4285714285714,30.5714285714284,11.7744521646179,58509.4115489125,96856.524103025,2280.73646532728,1892.19047619048,99044.8062593746,28995.0925194388,163885.425306994,48064.1397804485,27.806674700839,8.15514832814966,3859.08720541559,1131.79403542557,4.05875098105169,7.82441460287469,0.373748700309486,0.598287646336445,13.7988009793637,0.541436296800373,1.33068127395288,2.251570232872,0.660338075796167,3.92328784978151,13.7988009793637,0.541436296800373
2020-05-05,9305,395,1671,8291.42857142857,345.857142857143,1566.71428571429,336.714285714285,14.5714285714286,31.5714285714287,11.3197579483239,59065.3667712556,99254.7347366236,2398.21063359853,1827.68398268399,99986.6822500642,29269.7566577015,167943.282982665,49254.2292677982,28.2931904947883,8.29783379868255,4057.85767567126,1190.08948734964,4.24502955400322,7.67377729880503,0.397965901624893,0.631183708963988,14.0402298695942,0.575562156155297,1.36362953438942,2.30731986121544,0.676688340373697,4.09884592941715,14.0402298695942,0.575562156155297
2020-05-06,9707,426,1693,8649.28571428571,363.285714285714,1597.85714285714,357.857142857143,17.4285714285714,31.1428571428571,10.927412318967,59941.1325252765,101760.591399735,2505.85666311177,1612.66233766233,101472.713802744,29700.9647977204,172183.281568311,50497.737085583,28.7780372378066,8.44002976955192,4239.99858564651,1243.50781778479,4.38858555681467,7.69836224381679,0.418629642517101,0.660433983363591,14.2808305089867,0.605945534797087,1.39805670971595,2.36557186614497,0.693772502565809,4.24251435332026,14.2808305089867,0.605945534797087
2020-05-07,9945,450,1722,8977.42857142857,381.857142857143,1629.71428571429,328.142857142857,18.5714285714286,31.8571428571429,9.31921454073353,60655.7568170606,104020.440799745,2259.84940000919,1526.65367965367,102687.298178707,30051.3444140515,176007.027116436,51619.1661111514,29.2611346470648,8.58171269539011,3823.74554812498,1121.42902556847,4.52488687782805,7.74715242152856,0.432607280396283,0.677014791305158,14.520563057942,0.547513548562023,1.42910406874927,2.41810510171554,0.709179462687606,3.7701146187991,14.520563057942,0.547513548562023
2020-05-08,10526,517,1747,9343.71428571429,408.571428571429,1661,366.285714285716,26.7142857142857,31.2857142857142,9.76910767355034,61734.617518521,106502.154315058,2481.71351531328,1376.13852813854,104524.551926822,30577.8671251952,180206.174637445,52850.6931187505,29.7424020768987,8.72285892441706,4199.14752100836,1231.52700759908,4.91164734942048,8.06815617242158,0.485436189835743,0.756428075611374,14.7593874968069,0.603955417124979,1.4631995489735,2.47579586673647,0.726099024302642,4.0914723441638,14.7593874968069,0.603955417124979
2020-05-09,10960,532,2684,9714.57142857143,434.857142857143,1820.85714285714,370.857142857143,26.2857142857143,159.857142857143,9.33376478625101,62417.9863393263,108974.986339326,2472.8320242685,1763.17748917748,105690.43721691,30909.6419857881,184390.294359767,54077.8127698913,30.2217589386973,8.86344482158535,4184.11972232274,1227.11965114075,4.85401459854015,8.28141578474848,0.488185424812496,0.756815808619908,14.9972638342408,0.600806407387955,1.49717300919003,2.53328016956515,0.742958034635654,4.00558410121619,14.9972638342408,0.600806407387955
2020-05-10,11119,536,2775,10068.7142857143,459.714285714286,1989.14285714286,354.142857142857,24.8571428571429,168.285714285714,8.47289630186617,62847.1049275425,111299.650382088,2324.66404276165,1870.68831168831,106424.609687227,31116.327042454,188323.708588326,55231.4054527655,30.6991247777771,9.00344679112575,3933.41422855874,1153.59268287421,4.82057739005306,8.42121791013529,0.481582824528136,0.741711210924248,15.2341521453631,0.567447195240072,1.52911083618291,2.58732010858955,0.758806881113326,3.72434962916611,15.2341521453631,0.567447195240072
2020-05-11,11380,542,2852,10420.2857142857,485.428571428571,2163.42857142857,351.571428571428,25.7142857142857,174.285714285714,7.88504053058214,63223.3018482538,113572.249900202,2272.59951811384,1870.68831168831,107069.829987498,31296.3184252344,192169.027789696,56359.1616046114,31.1744190440424,9.14284120928667,3845.31920136957,1127.75615184596,4.76274165202109,8.41443181536785,0.477229253163749,0.730055402188222,15.4700124579459,0.559480824854561,1.56033336507247,2.64014973778615,0.774300767629947,3.61607670032527,15.4700124579459,0.559480824854561
2020-05-12,11736,562,2909,10767.5714285714,509.285714285714,2340.28571428571,347.285714285716,23.8571428571428,176.857142857143,7.02966861372972,63217.5580854568,115783.584059483,2211.33415928097,2193.22077922078,107065.936572494,31288.790371086,195910.683825241,57456.5153979388,31.6475612876568,9.2816044817204,3741.65603554508,1097.3537933274,4.78868438991138,8.42490842490842,0.485388325612098,0.737753918967168,15.7048048495139,0.549372386285657,1.59071418849617,2.69155517140233,0.789376965719904,3.49765686801448,15.7048048495139,0.549372386285657
2020-05-13,12176,594,2979,11120.2857142857,533.285714285714,2524,352.714285714284,24.0000000000001,183.714285714286,6.85585760697521,62783.2658874745,117996.555930765,2212.97187128173,2623.26406926407,106334.927777547,31069.9665306264,199655.11092773,58554.6818904546,32.1184709347912,9.41971297771478,3744.42710248963,1098.16649251574,4.8784494086728,8.49181073703367,0.503404523390102,0.760559681777874,15.9384893360618,0.558011137809562,1.62111751192916,2.74299867583436,0.804464329228002,3.5005652516509,15.9384893360618,0.558011137809562
2020-05-14,12674,624,3074,11510.1428571429,558.142857142857,2717.14285714286,389.857142857143,24.8571428571428,193.142857142857,7.19976783452934,62373.964760524,120407.393331953,2410.83740118802,2795.28138528139,105645.959916815,30863.6882055447,203734.333543188,59751.0372925479,32.5870675365361,9.557143103194,4079.22261545769,1196.35540209332,4.92346536215875,8.55260277571035,0.518240601953476,0.779737897141593,16.1710259955743,0.621040506872383,1.65423924754806,2.79904183035538,0.820900679234374,3.83993627459414,16.1710259955743,0.621040506872383
2020-05-15,13169,651,3145,11887.7142857143,577.285714285714,2916.85714285714,377.571428571429,19.1428571428572,199.714285714285,6.46589685879245,60635.8486163532,122709.324806829,2301.9314748769,4020.90476190476,102698.664410866,30004.9785829809,207629.283458485,60893.3491522612,33.0532704673291,9.69387121227351,3894.94991529683,1142.31185971334,4.94342774698155,8.59567769931082,0.530522029214008,0.794104917302256,16.4023748183738,0.605417375007389,1.68586475895174,2.85255332029649,0.836594542036203,3.69053255427138,16.4023748183738,0.605417375007389
2020-05-16,13631,679,3357,12269.2857142857,598.285714285714,3013,381.571428571428,21,96.1428571428573,6.51813168041386,58952.582445884,125003.456904758,2294.13209792899,3956.39826839827,99845.7764773695,29172.3362943055,211511.03655063,62031.7906444666,33.5169994403715,9.82987375842144,3881.75309214453,1138.44149220536,4.98129264177243,8.61090550209721,0.543184978090116,0.808868190346564,16.6324959628911,0.629372152472193,1.71738311717241,2.90588350324143,0.85223523107804,3.78345838357785,16.6324959628911,0.629372152472193
2020-05-17,13937,680,3450,12671.8571428571,618.857142857143,3109.42857142857,402.571428571429,20.5714285714286,96.4285714285716,6.80939493524069,57578.1741370432,127390.996647866,2387.53974310728,3741.37662337662,97516.2379675176,28492.4580572653,215550.838700118,63216.5848027003,33.9781746705765,9.96512734224809,4039.80214948879,1184.79415823369,4.87909880175074,8.59285119212917,0.533789685215869,0.791399897433015,16.8613498365267,0.682972605831427,1.75018477360592,2.96138507239831,0.868512744796923,4.0499324101687,16.8613498365267,0.682972605831427
2020-05-18,14170,686,3570,13070.4285714286,639.428571428571,3212,398.571428571428,20.5714285714286,102.571428571428,6.97343097802993,56019.5545426946,129723.338092478,2332.34144461247,3870.38961038963,94874.378896763,27721.598494871,219497.243365627,64373.9873240869,34.4367168039274,10.0996086907881,3946.40466550912,1157.40252138663,4.84121383203952,8.36072922893007,0.528817720918467,0.779398398661127,17.0888970605955,0.692330088594388,1.78222807800438,3.01560348294387,0.884413933445783,4.05073880783577,17.0888970605955,0.692330088594388
2020-05-19,14566,704,3693,13474.7142857143,659.714285714286,3324,404.285714285716,20.2857142857142,112,7.30718582974001,54743.2812381917,132058.211974122,2334.87388164431,3590.86147186147,92711.4238471422,27090.0590032702,223447.933004651,65532.6465435495,34.8925471350614,10.2332947213136,3950.68963902391,1158.65921946258,4.8331731429356,8.28578605519073,0.533098237115275,0.781250658924424,17.3150985783011,0.72179801695636,1.81430617475748,3.06988076339074,0.900332387473637,4.16796224230025,17.3150985783011,0.72179801695636
2020-05-20,14897,747,3773,13863.4285714286,681.571428571429,3437.42857142857,388.714285714284,21.8571428571429,113.428571428572,7.22037946132416,53325.2300841398,134274.381599291,2216.16962516884,3612.36363636363,90309.558366222,26387.4439300457,227197.770820434,66632.3998913776,35.3455878522166,10.3661626131719,3749.83781578304,1099.75334782813,5.01443243606095,8.14886930381909,0.55632354519363,0.808896013236846,17.5399157762879,0.710179823869815,1.8447534311238,3.12139860390828,0.915441552286998,4.04829519722455,17.5399157762879,0.710179823869815
2020-05-21,15315,763,3872,14240.7142857143,701.428571428571,3551.42857142857,377.285714285716,19.8571428571429,114,7.08251763254582,51687.9569125921,136398.342193977,2123.96059468613,3741.37662337662,87534.7488497238,25577.4813035634,230791.587677563,67686.395374455,35.7957619689375,10.4981897877568,3593.8168571282,1053.99548307733,4.98204374795952,8.11838624338624,0.559390963062372,0.806760397199028,17.7633104507509,0.707633196315155,1.87393385666701,3.1707729216229,0.929922064210697,3.98303128056796,17.7633104507509,0.707633196315155
2020-05-22,15608,775,3949,14589.1428571429,719.142857142857,3666.28571428571,348.428571428571,17.7142857142857,114.857142857143,7.17310746426674,50726.2549327841,138335.644543174,1937.30234919634,2881.29004329005,85905.7369806665,25100.9653909197,234069.572145502,68647.7634575148,36.2429934557006,10.629353947111,3277.9844679391,961.368083059831,4.96540235776525,8.06304358272068,0.560231603762924,0.800152604253733,17.9852448727537,0.674213197799778,1.90054984337451,3.21580811763257,0.943129997464042,3.74807298433647,17.9852448727537,0.674213197799778
2020-05-23,16039,799,4033,14933.1428571429,736.285714285714,3762.85714285714,344,17.1428571428572,96.5714285714284,7.15580517666638,49437.8139067907,140225.164556141,1889.52001296758,3160.81818181819,83722.1137947436,24463.5317131442,237266.707201337,69585.4200053032,36.6872071454494,10.759633046222,3197.1350558353,937.656547788414,4.98160733212794,7.9127964995778,0.569797869397477,0.804999380755164,18.2056817413508,0.67826573004083,1.92650936361644,3.25973254903765,0.956012165403645,3.72493497789523,18.2056817413508,0.67826573004083
2020-05-24,16339,800,4132,15276.2857142857,753.428571428571,3860.28571428571,343.142857142857,17.1428571428571,97.4285714285716,7.53450439146805,48186.7778202981,142087.583015103,1862.418458962,3096.31168831167,81602.0953541368,23844.4439881608,240417.985464027,70509.6276616302,37.1283287682957,10.8890053031987,3151.27826268994,924.207656327009,4.89626048105759,7.76170363066418,0.563033013176783,0.786158953083758,18.4245842008084,0.694211527972096,1.95209654414512,3.30302696840703,0.968709563259984,3.7671942017367,18.4245842008084,0.694211527972096
2020-05-25,16561,806,4204,15617.8571428571,770.571428571429,3950.85714285714,341.571428571429,17.1428571428571,90.5714285714284,7.6367817560446,46905.5996895436,143919.859429803,1832.2764147,3096.31168831169,79431.0755027468,23210.3985570023,243518.262315934,71418.8776117821,37.5662851028341,11.0174492436497,3100.27685190662,909.249950151876,4.86685586619165,7.74833010127128,0.560033898861001,0.774847706665342,18.6419159156921,0.708976184222256,1.97726961262271,3.34562069545956,0.981201461902999,3.80244643361103,18.6419159156921,0.708976184222256
2020-05-26,16783,807,4297,15934.5714285714,785.285714285714,4037.14285714286,316.714285714286,14.7142857142858,86.2857142857147,7.60288065843622,45517.0791290983,145599.36051438,1679.5010845763,3053.30735930735,77076.9572902924,22524.1649383925,246360.037876373,72252.3142402185,38.001003904578,11.1449436796942,2841.77556043942,833.436628436379,4.80843710897932,7.46043809885725,0.554260676110799,0.757731151252311,18.8576410353545,0.67534073614278,2.00034374896537,3.38466295469893,0.99265178520086,3.58059825626897,18.8576410353545,0.67534073614278
2020-05-27,17262,831,4361,16272.4285714286,797.285714285714,4121.14285714286,337.857142857141,12,83.9999999999995,7.67085076708503,43986.756081912,147370.868636025,1771.5081216449,3289.83116883117,74479.8735678084,21769.7221373183,249357.492615427,73131.4084960723,38.4324138859245,11.2714677040868,2997.45473905446,879.094255853852,4.81404240528328,7.2745046923879,0.563883491826595,0.762560315825535,19.0717241839926,0.742405143550162,2.02468194100725,3.4258440411329,1.00472938425924,3.89196353443604,19.0717241839926,0.742405143550162
2020-05-28,17763,857,4452,16622.1428571429,810.714285714286,4204,349.714285714288,13.4285714285713,82.8571428571431,7.82433598619236,42798.008900076,149184.350891418,1813.48225539344,2988.80086580088,72463.203513676,21183.0559740441,252425.969081442,74031.3320213051,38.8604449054504,11.3970007457337,3068.47646601411,899.923525232822,4.82463547824129,7.29125178266288,0.574457035794429,0.769993433993681,19.2841305545844,0.795199902597147,2.04959680245046,3.46800087270108,1.0170931500882,4.12279153301592,19.2841305545844,0.795199902597147
2020-05-29,18465,885,4551,17030.2857142857,826.428571428571,4290,408.142857142855,15.7142857142858,86,8.45016267376512,42209.621998613,151277.946673938,2093.5957825197,2666.2683982684,71465.5174866801,20892.0820229422,255968.40759657,75070.2592517285,39.2850283630125,11.5215226855683,3542.43851512866,1038.92723042333,4.79285134037368,7.26211398443384,0.585015872741528,0.779239647693576,19.4948261049536,0.953840110937996,2.07836005540451,3.51666931955962,1.03136664403532,4.89180650297958,19.4948261049536,0.953840110937996
2020-05-30,19255,903,4657,17489.7142857143,841.285714285714,4379.14285714286,459.428571428572,14.8571428571429,89.1428571428569,8.78496503496505,41946.1827523839,153609.624310825,2331.67763688776,2580.25974025976,71017.4802845945,20762.5042229875,259913.689075803,76227.3323647705,39.7060968965644,11.6450137676331,3945.28147923306,1157.07311304205,4.68969098935341,7.16841951504528,0.587853791096319,0.779903306099155,19.7037774073177,1.08866510361846,2.11039423995775,3.57087229900274,1.0472633070467,5.5240429231145,19.7037774073177,1.08866510361846
2020-05-31,19936,906,4761,18003.5714285714,856.428571428571,4469,513.857142857141,15.1428571428571,89.8571428571431,8.65391555395163,41931.5565373871,156190.400693231,2580.77638240586,2580.25974025973,70990.641303929,20756.2536200568,264280.454490742,77508.0183891223,40.1235847886472,11.7674547182959,4366.76541493891,1280.6860243518,4.54454253611557,7.03374319504411,0.580061255991939,0.767819020524297,19.9109518500054,1.22528685094157,2.14585071370726,3.6308659134672,1.06485824890736,6.15258937300843,19.9109518500054,1.22528685094157
2020-06-01,20123,917,4869,18512.4285714286,872.285714285714,4564,508.857142857145,15.8571428571429,95,8.84134233518672,41865.0135733581,158719.974612319,2529.57391908779,2580.25974025973,70876.451648786,20723.8799902163,268560.583516918,78763.2956722786,40.5374294337301,11.8888271765913,4280.12902617571,1255.27728315633,4.55697460617204,6.8824815708199,0.577747068218613,0.761581141011758,20.1163183656104,1.21378602075145,2.18060373294248,3.6896692578777,1.08210410807672,6.03262585025282,20.1163183656104,1.21378602075145
2020-06-02,21250,941,4967,19150.5714285714,891.428571428571,4659.71428571429,638.142857142855,19.1428571428571,95.7142857142853,9.48367372935326,42771.6382453263,161860.465085153,3140.49047283409,2214.72294372295,72412.9508645992,21171.553028293,273874.405077053,80321.7345535347,40.9475703422229,12.0091134021176,5313.82156013558,1558.43888125601,4.42823529411765,6.76914398533352,0.581364942640533,0.766852887082,20.3198469367422,1.52459116511314,2.22374994226528,3.76267417838959,1.10351500894367,7.50146770484419,20.3198469367422,1.52459116511314
2020-06-03,22233,981,5076,19860.7142857143,912.857142857143,4761.85714285714,710.142857142859,21.4285714285714,102.142857142858,10.3006693052073,44404.5085513205,165320.945780758,3460.48069560452,1806.18181818182,75181.855612597,21977.0998396456,279729.661473403,82038.9655754136,41.3539499400524,12.1282965095365,5855.2563963494,1717.23102187892,4.41236000539738,6.69691983608791,0.593391233861536,0.784778296769373,20.5215089928079,1.66063373787939,2.27129239645885,3.84311770155926,1.12710750500965,8.09059656718351,20.5215089928079,1.66063373787939
2020-06-04,22753,996,5172,20573.5714285714,932.714285714286,4864.71428571429,712.857142857141,19.8571428571428,102.857142857142,10.6530603531094,45803.666100924,168761.163936422,3440.21815566407,2021.20346320343,77553.1750561519,22668.1801703833,285550.63293161,83746.1415022845,41.7565132940775,12.2463603880431,5820.97145820688,1707.17592687091,4.37744473256274,6.69236052030054,0.590183177674235,0.781844891875007,20.7212772737528,1.6056666185284,2.31855646999906,3.92309019476385,1.15056185729277,7.74745238242653,20.7212772737528,1.6056666185284
2020-06-05,24332,1012,5298,21411.7142857143,950.857142857143,4971.42857142857,838.142857142859,18.1428571428572,106.714285714286,10.8543624657737,47426.8713461442,172767.750134023,4006.58619760117,2365.23809523812,80300.7287813993,23472.4571019534,292329.91925759,85734.3722469587,42.1552105754293,12.3632904238146,6779.28632598004,1988.23074467425,4.15913200723327,6.71035386631717,0.585757468749203,0.780121769051732,20.9191270524687,1.83018204231544,2.37360169565629,4.01622867405876,1.17787753318282,8.74730461263306,20.9191270524687,1.83018204231544
2020-06-06,25451,1042,5399,22296.8571428571,970.714285714286,5077.42857142857,885.142857142855,19.8571428571428,106,11.3481931903515,49362.7919474759,176959.752986437,4192.00285241398,2236.2251082251,83579.2228714666,24430.6207086292,299422.937157181,87814.6142639461,42.5499941792698,12.4790726552924,7093.01789959107,2080.24201698738,4.09414168402027,6.66424746474177,0.588834456657421,0.789045970275734,21.1150347055023,1.86664418930409,2.43119430232604,4.11367741261517,1.20645732295879,8.83887706152641,21.1150347055023,1.86664418930409
2020-06-07,26889,1044,5517,23290.1428571429,990.428571428571,5185.42857142857,993.285714285717,19.7142857142858,108,12.3247363289906,51725.1967109072,181621.101472812,4661.34848637501,2279.22943722944,87579.0349629316,25600.6389693223,307310.104560001,90127.7646406435,42.9408189062008,12.593693826386,7887.16740282031,2313.15037669738,3.8826285841794,6.64851024655012,0.574823074815612,0.777512424607964,21.3089778030771,2.01253288760083,2.49523510081257,4.22203672103203,1.23823696732052,9.4430406030009,21.3089778030771,2.01253288760083
2020-06-08,27678,1047,5639,24369.4285714286,1009,5295.42857142857,1079.28571428571,18.5714285714286,110,12.5893586175868,54339.5998652373,186640.816315454,5019.71484264181,2386.74025974027,92003.9226329007,26896.6446162617,315803.640581619,92618.7509535334,43.3276453066327,12.7071423673103,8493.53602161747,2490.98631288993,3.78278777368307,6.58831211230819,0.560970542601141,0.767604637387029,21.5009367687049,2.08688359069631,2.56419938177915,4.33872673689084,1.27245984358965,9.70458337876813,21.5009367687049,2.08688359069631
2020-06-09,28296,1070,5764,25376,1027.42857142857,5409.28571428571,1006.57142857143,18.4285714285713,113.857142857143,12.7230046948357,56080.4066717012,191281.341736636,4640.52542118254,2881.29004329004,94948.1460462084,27760.863461145,323655.574617637,94921.5680798345,43.7104369719634,12.8194076001415,7851.93403601833,2302.81712630112,3.78145320893412,6.58270484000879,0.559385453011522,0.773481052937198,21.6908935349593,1.85262488080843,2.62795409873246,4.44660198518004,1.30409752267927,8.53985938926876,21.6908935349593,1.85262488080843
2020-06-10,29852,1095,5851,26464.4285714286,1043.71428571429,5520,1088.42857142857,16.2857142857144,110.714285714285,13.8120445234038,57813.5982852013,196256.143739747,4974.80200311047,3225.32467532469,97876.3253088146,28623.5342725703,332073.116517606,97390.2668182202,44.0891614073709,12.9304799947903,8417.54189996887,2468.69873838565,3.66809593997052,6.50735261371835,0.557944316613124,0.780886942415817,21.8788319765901,1.94108623386335,2.69630133634467,4.56224794174036,1.33801419698307,8.87083795991945,21.8788319765901,1.94108623386335
2020-06-11,31264,1127,5980,27680.2857142857,1062.42857142857,5635.42857142857,1215.85714285714,18.7142857142856,115.428571428572,14.2998756678653,60316.491512083,201766.552118144,5510.40837839679,2988.80086580082,102109.700008225,29866.1472380046,341396.923451448,100124.755186447,44.4637891674594,13.0403509155039,9323.80693384248,2734.48836822697,3.60478505629478,6.50240878529023,0.558566317443978,0.793172757312794,22.0647374815964,2.10332007818342,2.77200710122599,4.69034478811923,1.37558247128508,9.53133612478729,22.0647374815964,2.10332007818342
2020-06-12,32918,1144,5980,28906.8571428571,1081.28571428571,5732.85714285714,1226.57142857143,18.8571428571429,97.4285714285716,15.0761180664079,63079.8873609862,207279.580001679,5513.02788353528,2730.77489177493,106785.210300186,31237.0966281156,350725.162681138,102860.54345948,44.8342965960522,13.149013424393,9328.23922968993,2735.78827303255,3.47530226623732,6.52910883573283,0.551911577585565,0.794886824189808,22.2485983108229,2.03378805477039,2.84774885466324,4.81850252841453,1.41316860456973,9.14016671946325,22.2485983108229,2.03378805477039
2020-06-13,34458,1183,6209,30193.5714285714,1101.42857142857,5848.57142857143,1286.71428571429,20.1428571428571,115.714285714285,15.958822799837,65807.417634856,213016.053998492,5736.47399681353,2988.80086580085,111399.667493729,32590.4639605837,360431.480680542,105707.214766169,45.2006623557355,13.2564612636157,9706.31799940357,2846.67130668942,3.43316501247896,6.56276334045505,0.555357203268995,0.812503568573823,22.4304038757785,2.04002883249551,2.92656046386324,4.95185457382863,1.45227812492461,9.09398262553245,22.4304038757785,2.04002883249551
2020-06-14,35691,1186,6333,31451,1121.71428571429,5965.14285714286,1257.42857142857,20.2857142857144,116.571428571428,15.6878820824496,68381.1800638397,218577.400843061,5561.34684456815,2967.29870129871,115754.147640258,33867.381513957,369841.477310587,108466.980869489,45.5628674443133,13.3626888602032,9409.99663004547,2759.76610331955,3.32296657420638,6.49817104457355,0.54259955303044,0.804772348142409,22.6101447468021,1.91095283751115,3.0029660562852,5.08113555329308,1.49019368206634,8.45094222573245,22.6101447468021,1.91095283751115
2020-06-15,36705,1194,6462,32740.5714285714,1142.71428571429,6082.71428571429,1289.57142857143,21,117.571428571428,15.8791866028708,71223.9382342075,224236.44039871,5659.03955564919,2795.28138528139,120565.110478204,35276.850122668,379416.773481867,111275.226062518,45.9208986370782,13.4676923356103,9575.29617127968,2808.24519302891,3.25296281160605,6.43311538430606,0.532473668364061,0.800352042868785,22.7878143612569,1.88602344032316,3.0807138180906,5.21268753108366,1.52877527815022,8.27572666977374,22.7878143612569,1.88602344032316
2020-06-16,39097,1219,6598,34283.5714285714,1164,6201.85714285714,1543,21.2857142857142,119.142857142858,17.771233011945,75148.2593295962,230955.826429163,6719.38603045355,2773.77922077919,127206.41872408,37222.8182709704,390786.213595874,114609.658228006,46.2747455464903,13.5714686433767,11369.4401140074,3334.43216548822,3.117886282835,6.3038180341186,0.527806558876262,0.805801524149065,22.9634075644238,2.16658150412975,3.17302934609442,5.36888868733149,1.57458599129497,9.43416805787686,22.9634075644238,2.16658150412975
2020-06-17,40924,1239,6715,35865.2857142857,1184.57142857143,6325.28571428571,1581.71428571429,20.5714285714287,123.428571428572,16.7354403784822,79512.7625963148,237792.1478777,6836.32144853682,2451.24675324679,134593.607833756,39386.5030284612,402353.512595661,118002.118495701,46.6244011986321,13.6740157381901,11567.2989997864,3392.46026769497,3.02756328804613,6.1520198835182,0.521043277104859,0.80659008545774,23.1369208955618,2.10494358617538,3.26695141297155,5.52780816448367,1.62119393425656,9.09711217468537,23.1369208955618,2.10494358617538
2020-06-18,43443,1271,6863,37605.1428571429,1205.14285714286,6451.42857142857,1739.85714285714,20.5714285714284,126.142857142857,17.3735039443089,84139.9298669604,245256.670126701,7464.52224900055,2816.78354978352,142423.452986208,41681.7557449363,414983.749689504,121706.317506483,46.9698614408334,13.7753324021544,12630.2370938435,3704.19901078223,2.92567272057639,6.04505847282733,0.518232592550244,0.813750393339685,23.3083522939474,2.18828813387473,3.3695041327572,5.70133101327479,1.67208475760883,9.38782907958793,23.3083522939474,2.18828813387473
2020-06-19,46689,1312,7018,39572.4285714286,1229.14285714286,6599.71428571429,1967.28571428572,24,148.285714285714,19.3864909761523,89657.0233043282,253636.049278354,8379.37915165356,2838.28571428574,151761.352800584,44416.9707482273,429161.957196189,125864.505656928,47.3111279025544,13.8754191131581,14178.2075066845,4158.18815044462,2.81008374563602,6.10814916832906,0.517276626777978,0.826613035444733,23.4777025681849,2.3382425476276,3.48462578334003,5.89612093994297,1.72921279474017,9.95886158320169,23.4777025681849,2.3382425476276
2020-06-20,49798,1338,7196,41763.8571428571,1251.28571428571,6740.71428571429,2191.42857142857,22.1428571428571,141,19.9679783398201,95871.1277809373,262904.101806911,9268.05252855711,3031.80519480517,162276.392098585,47499.65417271,444843.831659024,130463.689618467,47.6482043282951,13.9742769693891,15681.8744628358,4599.18396153962,2.68685489377083,5.88840336134454,0.508930819566554,0.826637931193446,23.6449735764472,2.44435158643909,3.61195663750784,6.11156927325275,1.79239953440238,10.3372297974895,23.6449735764472,2.44435158643909
2020-06-21,52390,1339,7387,44149.4285714286,1273.14285714286,6891.28571428571,2385.57142857143,21.8571428571429,150.571428571429,20.4534319729558,102815.092094963,272923.230623102,10019.1288161906,3053.30735930739,174026.077719351,50944.739578811,461796.553909827,135435.588128757,47.9810966300729,14.0719077047253,16952.722250803,4971.89851029006,2.55583126550868,5.72636556984148,0.490614154369701,0.809939716759019,23.8101682525174,2.4884087022522,3.74960629219548,6.34447738399264,1.86070688184136,10.4506216293648,23.8101682525174,2.4884087022522
2020-06-22,54586,1342,7581,46703.8571428571,1294.28571428571,7051.14285714286,2554.42857142857,21.1428571428571,159.857142857142,21.1637017836642,110288.440814392,283578.540381491,10655.3097583895,3160.81818181818,186670.482506054,54653.2466769592,479825.716938288,140723.185452469,48.3098166339802,14.1683147875259,18029.1630284608,5287.59732371214,2.4585058439893,5.68841785384659,0.473237501749829,0.795206651042996,23.9732924649827,2.48456640344917,3.89599623644512,6.59217437548799,1.93335151582991,10.3635658357899,23.9732924649827,2.48456640344917
2020-06-23,58179,1384,7746,49429.8571428571,1317.85714285714,7215.14285714286,2726,23.5714285714287,164,22.1505101744692,118356.14953612,294873.643042614,11295.1026611221,3203.8225108225,200322.03670568,58655.619855733,498937.432310076,146328.273991071,48.6343789438149,14.2635025007964,19111.7153717875,5605.08853860194,2.3788652262844,5.41614804725112,0.469353579967129,0.801075431570056,24.1343534608405,2.47176046631574,4.05117609384475,6.85474421261434,2.01035806160717,10.2414202047983,24.1343534608405,2.47176046631574
2020-06-24,59974,1463,7936,52151.2857142857,1349.85714285714,7389.57142857143,2721.42857142857,32,174.428571428572,22.9645345613229,126430.193283478,306075.998478283,11202.3554356697,3096.31168831172,213990.666627631,62656.5309312211,517892.216078181,151887.337590727,48.9548018770135,14.357476216679,18954.7837681048,5559.06359965561,2.43939040250775,5.30374894054121,0.477985862097515,0.826741660354901,24.2933603299466,2.29939546896443,4.20508172633011,7.11515801587259,2.08673228524652,9.46495427535932,24.2933603299466,2.29939546896443
2020-06-25,63030,1490,8139,54949.4285714286,1381.14285714286,7571.85714285714,2798.14285714286,31.2857142857142,182.285714285715,23.2001989908323,134746.791551029,317520.194148432,11444.1956701488,3096.31168831166,228069.213112202,66778.1672358492,537256.202123191,157566.412133808,49.2711063381225,14.4502420660641,19363.9860450103,5679.07454308137,2.3639536728542,5.13646047507478,0.469261491854426,0.820389254286649,24.4503234459856,2.21321727878781,4.36230992561508,7.38119372031075,2.16475530143305,9.05179006132573,24.4503234459856,2.21321727878781
2020-06-26,66548,1535,8389,57786.4285714286,1413,7767.71428571429,2837,31.8571428571429,195.857142857142,22.7011888431643,142632.627681401,329050.251058024,11530.0569095921,3612.36363636362,241416.776130989,70687.4811909851,556765.468438681,163288.094509997,49.5833185673938,14.5418077446993,19509.2663154905,5721.68237618858,2.30660575824968,5.1051376544548,0.466494097805542,0.822435322724691,24.605255830436,2.10544322982996,4.52071774542167,7.64922538462041,2.24336369321677,8.55683224577977,24.605255830436,2.10544322982996
2020-06-27,70051,1579,8659,60679.7142857143,1447.42857142857,7976.71428571429,2893.28571428571,34.4285714285713,209,22.647016068613,150951.548650827,340736.436096715,11686.1850386905,3332.83549783551,255500.275401101,74809.4784926768,576538.909100734,169087.254002881,49.8914664760642,14.6321814383988,19773.4406620531,5799.15949288398,2.25407203323293,5.11531160386122,0.463408028236762,0.825485635799246,24.7581713339867,2.02849053145347,4.68127056041215,7.92088645706014,2.32303651870077,8.19320602071074,24.7581713339867,2.02849053145347
2020-06-28,73908,1588,8926,63753.7142857143,1483,8196.57142857143,3074,35.5714285714287,219.857142857144,23.8789075937988,159967.025112651,353077.315155941,12340.8790592264,3289.83116883118,270763.371737598,79276.415254613,597420.115327341,175211.299250317,50.1955794870588,14.7213717763254,20881.2062266069,6124.04524743566,2.14861719976187,4.96784135066327,0.449759849142005,0.809146643636201,24.9090845574878,2.03640867981835,4.85081801031612,8.20776677163491,2.40717284722454,8.17539082541818,24.9090845574878,2.03640867981835
2020-06-29,74533,1588,9179,66603.2857142857,1518.14285714286,8424.85714285714,2849.57142857143,35.1428571428571,228.285714285714,24.4475493620621,168121.459181463,364449.212428216,11371.8972722755,3182.32034632034,284569.780901132,83315.9238902642,616661.769912121,180854.49639295,50.4956916540029,14.8093887457344,19241.6545847795,5643.19714263294,2.13059986851462,4.85588170785203,0.435726006765011,0.787048191748924,25.0580123997307,1.78133639689356,5.00705292468736,8.4721218026765,2.48470295510802,7.10890089020986,25.0580123997307,1.78133639689356
2020-06-30,79215,1632,9411,69608.4285714286,1553.57142857143,8662.71428571429,3005.14285714286,35.4285714285716,237.857142857143,22.9190272814434,176460.990824382,376372.029785421,11922.8173572042,3547.85714285716,298687.798674263,87448.3649418521,636835.600872065,186771.082449908,50.7918388782415,14.8962428757812,20173.8309599444,5916.58605695848,2.06021586820678,4.71951949866769,0.43361351823366,0.787342390401786,25.2049726764206,1.78746419735737,5.17085675656054,8.74928371129232,2.56598906716538,7.09178793430245,25.2049726764206,1.78746419735737
2020-07-01,84092,1720,9715,73053.8571428571,1590.28571428571,8916.85714285714,3445.42857142858,36.7142857142856,254.142857142857,24.0341209179963,185199.234312997,389963.472408235,13591.4426228149,4816.48484848486,313475.160431356,91782.2612809933,659832.80512,193515.708112357,51.084059277165,14.9819453455433,22997.2042479351,6744.62566244949,2.0453788707606,4.61514224355945,0.4410669515732,0.80745087880192,25.3499843029541,1.95248859193745,5.35758530532559,9.06523505612322,2.65865135452247,7.70223637491725,25.3499843029541,1.95248859193745
2020-07-02,87425,1757,10137,76538.8571428571,1628.42857142857,9202.28571428571,3485,38.1428571428571,285.428571428571,25.2578066760539,194122.500832995,403633.85581135,13670.3834031149,4708.97402597399,328577.100121964,96206.8940760944,682963.579975444,200299.507395106,51.3723925892441,15.066507809529,23130.7748554439,6783.79928274875,2.00972261938805,4.5625747987688,0.435295497318536,0.803834245088097,25.4930669991738,1.8817246777273,5.5453983966041,9.38302148545471,2.7518518359088,7.38144704206019,25.4930669991738,1.8817246777273
2020-07-03,91858,1788,10478,80154.5714285714,1664.57142857143,9500.71428571429,3615.71428571429,36.1428571428573,298.428571428572,25.6722352392254,203396.392427193,417738.872946673,14105.017135323,4794.9826839827,344270.506825685,100806.816650229,706829.770561949,207298.98958256,51.6568824504676,15.1499430653117,23866.190586505,6999.48218745354,1.94648261447016,4.53499912429214,0.428018581892485,0.797372629007488,25.634242419029,1.86255612329378,5.73918278381579,9.7109115598525,2.84801551678077,7.26603926633814,25.634242419029,1.86255612329378
2020-07-04,94553,1805,10903,83654.8571428571,1696.85714285714,9821.28571428571,3500.28571428571,32.2857142857142,320.571428571428,25.8724644414641,211763.016156905,431319.804035693,13580.9310890195,5182.02164502162,358424.229213938,104959.754526842,729809.188920898,214038.398995156,51.937573457751,15.2322641922858,22979.4183589489,6739.40941259617,1.90898226391548,4.34012109076692,0.418482987127257,0.781534732380356,25.77353269332,1.72087822096395,5.92576691792926,10.0266185499573,2.94060613972429,6.67707569783024,25.77353269332,1.72087822096395
2020-07-05,98089,1809,11361,87109.2857142857,1728.42857142857,10169.1428571429,3454.42857142857,31.5714285714284,347.857142857143,25.615737454846,219709.326020319,444651.724288718,13331.9202530247,5354.03896103898,371865.433262342,108905.051150792,752367.272090181,220654.239120717,52.214511020028,15.3134845079943,22558.0831692828,6615.84012556114,1.84424349315418,4.22350838488068,0.406835260313844,0.76074841669305,25.9109603558034,1.63122875810514,6.1089299706077,10.3365369486158,3.03149908315871,6.29567924322843,25.9109603558034,1.63122875810514
2020-07-06,101441,1810,11836,90953.2857142857,1760.14285714286,10548.7142857143,3844,31.7142857142858,379.571428571429,25.3051705004985,229146.272063904,459409.917085549,14758.1927968312,5289.53246753247,387829.25985637,113589.7741069,777338.65912377,227977.853591325,52.4877437968265,15.3936182833153,24971.387033589,7323.61447060795,1.78428840409696,4.0516144307319,0.393983658751309,0.738002354457861,26.0465495533124,1.74953498361356,6.31168813247649,10.679610968853,3.13211591536427,6.71714444905553,26.0465495533124,1.74953498361356
2020-07-07,105094,1927,12260,94650.2857142857,1802.28571428571,10955.7142857143,3697,42.1428571428571,407,26.8585306113976,237892.883889904,473531.208565229,14121.2914796802,5332.53679653682,402632.023842302,117926.815636021,801232.386479665,234985.411769211,52.7573215398561,15.4726801094426,23893.7273558951,7007.55817788641,1.83359658971968,3.86019343803833,0.406942555241226,0.759750045580155,26.1803249746654,1.61333070815431,6.50569610777873,11.0078793622511,3.22839054972479,6.16256653555422,26.1803249746654,1.61333070815431
2020-07-08,108614,1963,12803,98153.4285714286,1837,11396.8571428571,3503.14285714286,34.7142857142858,441.142857142857,26.8475333377127,245645.815480881,486844.910718976,13313.702153747,5526.05627705625,415747.361925827,121775.142590942,823759.643977109,241592.211334229,53.023295510459,15.5506850203149,22527.2574974444,6606.79956501731,1.80731765702396,3.68890316880196,0.403208487298558,0.746660088796072,26.3123120578218,1.47252358487301,6.68860886773007,11.3173742567146,3.31915928774575,5.59651131048903,26.3123120578218,1.47252358487301
2020-07-09,112671,2038,13341,101760,1877.14285714286,11854.5714285714,3606.57142857143,40.1428571428571,457.714285714286,27.4311667427257,253503.874010774,500484.19002809,13639.2793091136,5741.07792207791,429043.287767897,125673.622763671,846837.789599399,248360.575502661,53.2857177719914,15.627648285086,23078.14562229,6768.36416843231,1.80880617017689,3.58301747879912,0.407205670150263,0.74673013189354,26.4425366387326,1.46814935747638,6.87599462965918,11.6344376295905,3.41214771095869,5.55241671119578,26.4425366387326,1.46814935747638
2020-07-10,116892,2082,13853,105336.285714286,1919.14285714286,12336.7142857143,3576.28571428571,42,482.142857142857,27.6286020152524,261481.170249007,513943.53388537,13459.3438572809,5440.04761904766,442543.719796681,129629.330456543,869611.478038439,255039.648394244,53.5446426822587,15.7035858458264,22773.6884390402,6679.072891583,1.78113130068781,3.5158151488346,0.405102868842469,0.734188136097723,26.5710256919479,1.41069111318669,7.06090831509688,11.9473181611325,3.50390938944658,5.30932472326196,26.5710256919479,1.41069111318669
2020-07-11,119930,2151,14394,108961.571428571,1968.57142857143,12835.4285714286,3625.28571428572,49.4285714285716,498.714285714284,26.9243419307608,270151.217279695,527522.498664977,13578.9647796061,4859.48917748916,457224.279954647,133923.123934715,892587.569331936,261778.082044274,53.8001248149047,15.7785137079075,22976.0912934967,6738.43365003011,1.79354623530393,3.38364603821212,0.407755120481804,0.729464993142554,26.6978062991257,1.38639019717294,7.24746543470472,12.2629794417332,3.59648660669558,5.19309469461032,26.6978062991257,1.38639019717294
2020-07-12,122467,2237,14829,112444.142857143,2029.71428571429,13330.8571428571,3482.57142857142,61.1428571428571,495.428571428572,26.6196398737701,278321.668707048,540506.071304451,12983.5726394742,4751.97835497832,471068.137050279,137962.736780512,914556.235951378,268221.057940555,54.0522187981785,15.8524478927157,21968.6666194417,6442.97589628046,1.82661451656365,3.38432368311983,0.413871391786822,0.73086423343277,26.8229055690209,1.28906907626593,7.42584264925331,12.564800032085,3.68500462293773,4.80603891783761,26.8229055690209,1.28906907626593
2020-07-13,123824,2245,15254,115641.714285714,2091.85714285714,13819.1428571429,3197.57142857143,62.1428571428569,488.285714285714,26.5327169274537,285352.480898504,552372.50687253,11866.4355680796,4773.48051948054,482984.271314715,141436.38257262,934634.66691911,274109.665064564,54.3009808811005,15.9254048969772,20078.4309677323,5888.60712400929,1.8130572425378,3.31882776908955,0.406428627795205,0.707041643767238,26.9463514146815,1.14883013020579,7.58887186948648,12.8406512702597,3.76590634124893,4.26356870566545,26.9463514146815,1.14883013020579
2020-07-14,128097,2337,15678,118927.857142857,2150.42857142857,14307.4285714286,3286.14285714286,58.5714285714289,488.285714285714,24.7567695552974,291091.017720961,564512.753651697,12140.2467791669,6343.13852813852,492703.711211416,144275.801489886,955176.396193101,280134.148428662,54.5464674485818,15.9974012572726,20541.7292739905,6024.48336409789,1.82439869786178,3.23139473977967,0.41398533246282,0.710225867473323,27.0681718165894,1.15156093336037,7.75566289569573,13.1228676179209,3.84867482042044,4.25447388469875,27.0681718165894,1.15156093336037
2020-07-15,131354,2434,16155,122176.428571429,2217.71428571429,14786.2857142857,3248.57142857142,67.2857142857142,478.857142857143,24.0134323157016,297747.081236294,576461.128855342,11948.3752036444,5225.02597402601,503987.116626738,147562.402289117,975393.471938093,286063.417326711,54.7887350772759,16.0684535664166,20217.0757449927,5929.26889804908,1.85300790230979,3.1658567125584,0.422231418245513,0.714335111290867,27.1883948503775,1.11595130660514,7.91981785877019,13.400623653016,3.93013517803633,4.10468701411394,27.1883948503775,1.11595130660514
2020-07-16,134613,2492,16684,125311,2282.57142857143,15263.8571428571,3134.57142857143,64.8571428571427,477.571428571429,22.8388829327699,303119.098769871,587940.111756884,11478.9829015426,6042.10822510824,513092.209325593,150215.765447562,994816.319215703,291759.754706424,55.0278401650684,16.1385783647947,19422.8472776097,5696.33737971284,1.85123279326662,3.08839561153248,0.423852693525774,0.705794423212768,27.3070485029663,1.05271761336685,8.07752398886898,13.667468033387,4.00839536289739,3.85527974073834,27.3070485029663,1.05271761336685
2020-07-17,138523,2583,17184,128401.142857143,2354.14285714286,15739.7142857143,3090.14285714286,71.5714285714289,475.857142857143,22.620180492957,307993.848653734,599208.069432955,11267.9576760706,6321.63636363635,521359.192219559,152619.917377041,1013882.10430747,297351.372801316,55.263839638219,16.2077923477544,19065.7850917679,5591.61809489224,1.86467229268786,3.15852422033577,0.431068961144725,0.708740727628479,27.4241610234771,1.01940339555298,8.2323309098699,13.9294068488646,4.08521684249183,3.71733675700365,27.4241610234771,1.01940339555298
2020-07-18,141265,2730,17661,131449,2436.85714285714,16206.4285714286,3047.85714285714,82.7142857142853,466.714285714284,24.0535299555797,311538.501131232,610275.185113916,11067.1156809614,7439.74891774892,527377.86712511,154362.149863189,1032608.0576013,302843.324943748,55.496789917537,16.2761120624042,18725.9532938295,5491.95214243192,1.93253813754292,3.07625720236968,0.447339178552772,0.725346142633512,27.5397604102063,0.989539162946245,8.38437852596709,14.1866768223205,4.16066904296111,3.59329114179931,27.5397604102063,0.989539162946245
2020-07-19,143624,2761,18149,134471.428571429,2511.71428571429,16680.7142857143,3022.42857142858,74.8571428571431,474.285714285716,23.3737681735828,313190.211710308,621204.679242776,10929.4941288596,9202.92640692642,530179.589895404,155174.887014138,1051101.15033496,308266.983684385,55.7267467582884,16.3435538606622,18493.0927336639,5423.65874063713,1.92238066061382,2.98686472638811,0.444458983046546,0.708015030984654,27.6538743311807,0.97011742123287,8.53453540291202,14.4407475978935,4.23518298189619,3.50823223748376,27.6538743311807,0.97011742123287
2020-07-20,145183,2784,18518,137522.714285714,2588.71428571429,17147,3051.28571428571,77,466.285714285714,23.2618165976909,314748.848262397,632193.757353306,10989.0781105299,9353.4415584415,532824.577768018,155940.861328923,1069695.0612845,313720.210415926,55.9537658068982,16.4101340625255,18593.9109495375,5453.22673154116,1.9175798819421,2.96106867110585,0.44037132091517,0.689734015102336,27.7665304004157,0.974213523821434,8.68551088541161,14.6962034831757,4.31010314614411,3.50875528660982,27.7665304004157,0.974213523821434
2020-07-21,148683,2918,18863,140463.571428571,2671.71428571429,17602,2940.85714285713,83,455,23.805724197745,316399.078013833,642742.874550629,10549.1171973237,8815.88744588749,535631.31561706,156747.466210946,1087544.54272329,318955.11067926,56.1779020596741,16.4758687973245,17849.4814387858,5234.90026333352,1.96256465096884,2.90852651452708,0.453991808472417,0.698522495504626,27.8777559093119,0.934305119172211,8.83044188351641,14.9414318859119,4.38202379182017,3.35159834755908,27.8777559093119,0.934305119172211
2020-07-22,150609,2974,19293,143214.285714286,2748.85714285714,18050.2857142857,2750.71428571429,77.1428571428569,448.285714285714,24.4362095003617,316022.755586709,652571.214461168,9828.3399105384,10127.5194805195,534998.611859183,156555.754114994,1104174.44336101,323832.331988249,56.3992099485946,16.5407740288833,16629.9006377272,4877.22130898898,1.97464958933397,2.90721303698153,0.455735701191731,0.689511581006351,27.9875778692274,0.869338211813253,8.96547034952956,15.1699048522015,4.44903039901467,3.10631117266047,27.9875778692274,0.869338211813253
2020-07-23,152944,3063,19737,145833,2830.42857142857,18486.4285714286,2618.71428571429,81.5714285714289,436.142857142859,24.6975290345181,315499.788584033,661891.801571046,9320.58710987808,9761.98268398264,534122.625786064,156287.816676502,1119945.20820365,328457.585742023,56.6177430498275,16.6048654700332,15770.7648426318,4625.2537537741,2.00269379642222,2.88557184947198,0.462764456778247,0.688853732637537,28.0960228668317,0.828605335428673,9.09352295976126,15.386574422438,4.51257530334017,2.949340496881,28.0960228668317,0.828605335428673
2020-07-24,156301,3142,20171,148372.714285714,2910.28571428571,18913.1428571429,2539.71428571429,79.8571428571427,426.714285714286,24.466708871212,313652.430669621,670896.885215076,9005.08364403003,10772.5844155845,530999.613478816,155366.908667417,1135182.12996233,332926.273866128,56.8335541702829,16.6681586079979,15236.9217586862,4468.6881241051,2.01022386293114,2.8689442279608,0.468328303386405,0.683920804307521,28.2031171070577,0.804939526380793,9.21724096726217,15.5959096907097,4.57396920179927,2.85422810723423,28.2031171070577,0.804939526380793
2020-07-25,160041,3286,20566,151055,2989.71428571429,19328.1428571429,2682.28571428571,79.4285714285716,415,21.9299679973835,310598.315048227,680371.951411863,9475.06619678717,12449.7532467532,525826.256935479,153852.987703846,1151214.2789135,337628.18641491,57.0466950726416,16.7306686237488,16032.1489511677,4701.91254878166,2.05322386138552,2.8448001652942,0.482971115017471,0.693935255071441,28.3088862766492,0.855132239294208,9.34741591700657,15.816170334875,4.63856729716116,3.02088084462113,28.3088862766492,0.855132239294208
2020-07-26,162014,3305,20978,153682.142857143,3067.42857142857,19732.2857142857,2627.14285714287,77.7142857142858,404.142857142855,22.6690005423797,308499.621447883,689618.106296368,9246.1548845045,11267.1341991342,522274.083468871,152810.091416672,1166859.10178389,342216.503876393,57.2572163804356,16.7924103641679,15644.8228703889,4588.31746148341,2.03994716505981,2.82415579154489,0.479250757749051,0.67886095288932,28.4133554970583,0.845786658260714,9.47444592634069,16.0311096280277,4.70160474540215,2.9768850752036,28.4133554970583,0.845786658260714
2020-07-27,163827,3305,21321,156345.571428571,3141.85714285714,20132.7142857143,2663.42857142855,74.4285714285711,400.428571428572,21.9832566914277,306175.466117323,698958.046203903,9339.9399075351,11589.6666666667,518336.575618332,151658.046558757,1182662.61224837,346851.361274117,57.4651675958005,16.8533983472534,15803.5104644794,4634.85739772418,2.01737198386102,2.78852334927101,0.472846692008157,0.660360520042503,28.5165493332544,0.863300682191311,9.60276441856309,16.2482290800476,4.76528159116665,3.02753691032096,28.5165493332544,0.863300682191311
2020-07-28,165934,3408,21626,158810,3211.85714285714,20527.4285714286,2464.42857142858,70,394.714285714286,20.7181889149103,302224.023882648,707569.361544986,8611.31534108345,12492.7575757576,511638.176123446,149703.729359596,1197233.26403553,351124.645578715,57.6705970341601,16.9136467429647,14570.6517871651,4273.28430459776,2.05382863066038,2.74771339600413,0.481648893411466,0.663107866001505,28.6184917613126,0.804861090384696,9.72107256739046,16.4484106750617,4.82399089810354,2.81254257576069,28.6184917613126,0.804861090384696
2020-07-29,168273,3454,21994,161333.428571429,3280.42857142857,20913.2857142857,2523.42857142858,68.5714285714289,385.857142857141,20.1994328057819,299330.837666101,716355.915588179,8786.55404319277,11611.1688311688,506733.689674657,148272.330828935,1212100.42593839,355484.890442254,57.8735518394789,16.9731693776951,14867.1619028598,4360.24486353924,2.05261687852478,2.73528605972532,0.482162557025026,0.654758803414297,28.719206175982,0.834903809966817,9.84178826554431,16.652665929152,4.88389492876635,2.90729834455666,28.719206175982,0.834903809966817
2020-07-30,170798,3626,22358,163884,3360.85714285714,21287.7142857143,2550.57142857142,80.4285714285711,374.428571428572,19.7166300398661,295823.072624651,725206.315048893,8850.39946071431,12277.7359307359,500794.272235786,146532.211119859,1227075.61655813,359876.817994188,58.0740779170776,17.0319797145683,14975.1906197367,4391.92755193345,2.12297567887212,2.74429613108604,0.499995646032886,0.670852778998218,28.8187153573468,0.852039745984492,9.96338111577759,16.8584053557534,4.94423423790467,2.95672825750977,28.8187153573468,0.852039745984492
2020-07-31,174010,3694,22714,166413.857142857,3439.71428571429,21651,2529.85714285713,78.8571428571431,363.285714285714,18.2706394569053,292473.177628874,733954.987152684,8748.67210379033,12019.7099567099,495122.146073854,144870.360971579,1241878.68087239,364218.264301332,58.2722199902397,17.0900908700397,14803.0643142581,4341.44630714413,2.12286650192518,2.7779059679176,0.503300619882775,0.668751604042534,28.9170414989159,0.855139851540183,10.0835763658991,17.0617799932651,5.00388000112289,2.95740018727035,28.9170414989159,0.855139851540183
2020-08-01,177002,3747,23064,168836.857142857,3505.57142857143,22007.8571428571,2423,65.8571428571427,356.857142857141,18.6300677716631,288803.198521536,742306.068651407,8351.08149872301,11955.2034632035,488899.744007748,143056.005066541,1256009.00774401,368362.410007465,58.4680214408003,17.1475155671446,14130.3268716235,4144.14570613322,2.11692523248325,2.73665380810747,0.504778306178664,0.663758254487885,29.0142061285174,0.828399742100865,10.1983092439424,17.2559121029711,5.06081511353532,2.85533243302054,29.0142061285174,0.828399742100865
2020-08-02,178467,3765,23413,171187.285714286,3571.28571428571,22355.7142857143,2350.42857142858,65.7142857142858,347.857142857145,18.4192555275679,285114.5423864,750380.304291162,8074.23563975561,11697.1774891775,482646.897914244,141231.589240083,1269670.90157725,372369.17355802,58.6615242395023,17.2042661150725,13661.8938332358,4006.76355055539,2.10963371379583,2.71882524649856,0.501745578671146,0.653122962076563,29.110230073738,0.813798765601613,10.3092386239383,17.4436085587233,5.11586277578892,2.79575700029981,29.110230073738,0.813798765601613
2020-08-03,179497,3779,23702,173425.857142857,3639,22695.8571428571,2238.57142857142,67.7142857142858,340.142857142855,18.2029389556832,281509.193373353,758045.297269457,7664.99297829508,11202.6277056276,476538.80381253,139445.85106175,1282640.34227407,376172.854284092,58.852768930573,17.2603544046444,12969.4406968206,3803.68072607118,2.10532766564344,2.70330502997482,0.498519021701246,0.642752539660474,29.2051334542693,0.785096337677475,10.4145455479236,17.6217916189635,5.1681203470899,2.68839074785148,29.2051334542693,0.785096337677475
2020-08-04,180505,3845,23944,175507.428571429,3701.42857142857,23027,2081.57142857145,62.4285714285716,331.142857142859,18.1427664263573,278015.301625291,765149.894698884,7104.5974294265,10536.0606060606,470618.888792093,137715.854297405,1294661.57377378,379698.443985912,59.0417945541561,17.3157918855631,12021.2314997094,3525.58970182069,2.13013489931027,2.67206786701744,0.502515915723044,0.641680277042767,29.2989356434158,0.73938310533437,10.5121533739927,17.7869475317391,5.21655731340994,2.52375325448217,29.2989356434158,0.73938310533437
2020-08-05,182203,3932,24222,177497.428571429,3769.71428571429,23345.2857142857,1990,68.2857142857142,318.285714285714,16.8027695017069,274396.606180833,771920.523929751,6770.62923086749,10321.038961039,464492.902355346,135920.254624646,1306117.71920516,383058.305107997,59.2286385565041,17.3705895400748,11456.1454313856,3359.86112208467,2.15803252416261,2.66854088819898,0.509378864547179,0.644299505519963,29.3916552235284,0.715738896317756,10.605172916185,17.9443399050295,5.26271738697901,2.43534409483437,29.3916552235284,0.715738896317756
2020-08-06,183647,4002,24531,179333,3823.42857142857,23655.7142857143,1835.57142857142,53.7142857142858,310.428571428572,15.7929669735369,268462.971649837,778146.322299188,6225.79836943629,12105.7186147186,454431.17825727,132989.201828383,1316651.99144408,386147.799035687,59.4133366672055,17.4247578469616,10534.2722389195,3089.49392769014,2.17918071082021,2.66210979462247,0.514299160108513,0.644232107987062,29.4833099250794,0.668901626207958,10.6907071987987,18.089066952927,5.30516297083246,2.26890501893939,29.4833099250794,0.668901626207958
2020-08-07,185053,4081,24815,180910.571428571,3878.71428571429,23955.8571428571,1577.57142857142,55.2857142857142,300.142857142855,15.811855670103,261872.824959064,783480.656127895,5334.33382870792,11869.1948051949,443260.85200038,129730.777799235,1325677.8739784,388794.912063467,59.5959225018251,17.4783066650048,9025.8825343193,2647.11302777997,2.20531415324258,2.67160362143935,0.520880760498804,0.645529942763941,29.5739164294771,0.587588846409366,10.763993930907,18.2130707098298,5.3415308228561,1.98699053203718,29.5739164294771,0.587588846409366
2020-08-08,186107,4137,25163,182211.285714286,3934.42857142857,24255.7142857143,1300.71428571429,55.7142857142858,299.857142857145,13.6777430597282,256289.512463082,787865.555753125,4384.8996252293,9912.49783549778,433803.954069941,126965.221007458,1333097.28007727,390970.877291024,59.776427915368,17.531245336648,7419.40609886521,2175.96522755735,2.22291477483383,2.64618589309374,0.525089587911407,0.643647742169427,29.6634905444683,0.496660368179444,10.8242366855742,18.3150035930407,5.37142572366839,1.67443858518529,29.6634905444683,0.496660368179444
2020-08-09,186923,4150,25527,183419.285714286,3989.42857142857,24557.7142857143,1208,55,302,13.0483758969217,250403.741613081,791925.78057412,4060.22482099524,9890.99567099579,423834.896290064,124049.859962667,1339967.32486149,392985.725698435,59.954882737414,17.5835826103176,6870.04478422506,2014.84840741113,2.22016552270186,2.64886465711118,0.524039007417007,0.635945917937352,29.7520470727017,0.471306433500225,10.8800188353816,18.4093889742037,5.39910709124198,1.58423369804495,29.7520470727017,0.471306433500225
2020-08-10,187523,4154,25848,184565.857142857,4043,24864.2857142857,1146.57142857142,53.5714285714284,306.571428571428,12.8477669281255,244000.593359056,795768.229722692,3842.44914857205,10192.0259740259,412987.962386656,120879.482418779,1346468.88546358,394892.50497517,60.1313137058369,17.6353263277037,6501.56060208683,1906.77927673503,2.21519493608784,2.64345119782404,0.52201128982588,0.627595022349604,29.8395992825957,0.457853726464787,10.9328090338269,18.4987118672642,5.42530373107198,1.53450149099981,29.8395992825957,0.457853726464787
2020-08-11,188737,4199,26102,185741.857142857,4093.57142857143,25172.5714285714,1176,50.5714285714284,308.285714285714,12.7319970304379,238483.248367968,799697.902047622,3929.67232493032,9396.44588744605,403641.638840447,118147.524968852,1353118.03078184,396842.567933407,60.3057452598224,17.6864836563367,6649.14531825925,1950.06295823603,2.22478899208952,2.61903086261216,0.525073279453214,0.625878595136701,29.9261593018668,0.481927797826698,10.9867975640161,18.5900623802497,5.45209503176736,1.610517528188,29.9261593018668,0.481927797826698
2020-08-12,189443,4347,26418,186776.142857143,4152.85714285714,25486.2857142857,1034.28571428574,59.2857142857147,313.714285714286,12.3747991658978,231592.198670573,803144.172696547,3446.2706489244,10278.0346320345,391972.693823327,114732.440156611,1358949.24327388,398552.747353174,60.4781990901654,17.7370609576982,5831.21249203826,1710.17941976705,2.29462160122042,2.59487077864869,0.541247779387479,0.63891522732226,30.0117378943678,0.433658004276575,11.0341447908546,18.6701755717921,5.47559064809325,1.44507870993394,30.0117378943678,0.433658004276575
2020-08-13,190794,4383,26736,187797.142857143,4207.28571428571,25801.2857142857,1021,54.4285714285716,315,11.5005229704723,226845.394806404,806536.61125662,3392.43856007361,8084.81385281391,383939.21244808,112376.523523693,1364689.36995724,400236.213104789,60.6486944578631,17.7870638806581,5740.12668336043,1683.46575161541,2.29724205163684,2.59686552661234,0.543434723089766,0.635569159217577,30.0963446181877,0.440824251038825,11.080752435582,18.7490373641019,5.49871925374745,1.46483283096214,30.0963446181877,0.440824251038825
2020-08-14,191721,4423,27029,188749.714285714,4256.14285714286,26117.5714285714,952.57142857142,48.8571428571422,316.285714285714,10.6580566788677,221631.501625573,809692.912880984,3156.30162436399,8321.33766233758,375110.391434474,109792.416488738,1370029.94454803,401802.498121391,60.8172470830497,17.8364970356212,5340.57459079009,1566.28501660173,2.30699819007829,2.5979495792164,0.546256479417911,0.632799067701083,30.1799872742954,0.419885125962256,11.124115869335,18.8224098360745,5.52023795019631,1.3913888915654,30.1799872742954,0.419885125962256
2020-08-15,192654,4492,27339,189685,4306.85714285714,26428.4285714286,935.28571428571,50.7142857142862,310.857142857145,10.8161242359159,216285.502060509,812783.471757479,3090.55887649476,8385.8441558443,366059.012672254,107142.033245924,1375259.28007152,403336.158917245,60.9838705412403,17.8853644040179,5229.33552349452,1533.66079585458,2.33164118056204,2.59552421014207,0.552668718802434,0.634849421714878,30.2626725994125,0.421963476411715,11.1665760841846,18.8942540295429,5.54130843275326,1.39445830300604,30.2626725994125,0.421963476411715
2020-08-16,193537,4506,27582,190629.857142857,4357.71428571429,26722,944.85714285713,50.8571428571422,293.571428571428,9.54869633008958,211070.088587595,815897.248760756,3113.77700327663,8278.33333333326,357229.21284651,104556.020330257,1380527.9014912,404881.3414903,61.148576183417,17.933669314867,5268.62141967705,1545.18257305451,2.3282369779422,2.5896693383456,0.552275425225914,0.629016931660326,30.3444062263573,0.436817350960883,11.2093552855641,18.9666379595635,5.56253720937769,1.4396605290749,30.3444062263573,0.436817350960883
2020-08-17,194005,4506,27800,191555.857142857,4408,27000.8571428571,926,50.2857142857147,278.857142857141,9.25880958162525,206000.02169706,818940.779272818,3043.53051206178,8063.31168831175,348645.996683013,102041.702496285,1385677.66334968,406391.6649023,61.3113716335386,17.981414004125,5149.76185848098,1510.32341200055,2.32262055101673,2.58082647337791,0.550222936022447,0.62134042499288,30.4251919384477,0.438676645192231,11.2511693925292,19.0373889155146,5.58328706696936,1.44195254402364,30.4251919384477,0.438676645192231
2020-08-18,194920,4529,28027,192439.142857143,4455.14285714286,27275.8571428571,883.285714285739,47.1428571428569,275,9.28475965942396,201236.653595253,821836.32026192,2895.54098910245,7611.7662337661,340581.750610335,99679.6530193416,1390577.02167261,407828.549904411,61.4722620799898,18.0285999934426,4899.35832292587,1436.88500211108,2.32351734044736,2.56027978687596,0.551082969727671,0.617067814685731,30.5050323103709,0.42873923883985,11.2909503180563,19.1046996561703,5.60302797738134,1.40560227384858,30.5050323103709,0.42873923883985
2020-08-19,195557,4634,28233,193312.571428571,4496.14285714286,27535.1428571429,873.428571428551,41,259.285714285717,9.14092635230084,195128.096979295,824692.16191436,2855.84165244037,8923.39826839836,330230.756756686,96657.5508103485,1395409.20730614,409245.734483818,61.6312500235041,18.0752280162356,4832.18563353131,1417.18457940646,2.36964158787463,2.54016500217108,0.561906637895416,0.624270795524934,30.5839285830923,0.433988976425888,11.3301858269027,19.1710875324063,5.62249822989159,1.41914586702695,30.5839285830923,0.433988976425888
2020-08-20,196280,4684,28471,194096.285714286,4539.14285714286,27783,783.71428571429,43,247.857142857141,9.1240208225923,189448.761256459,827248.150866848,2555.98895248806,8192.32467532472,320610.965574114,93844.9910853748,1399734.03150818,410514.119979038,61.7883355389974,18.1212980944752,4324.82420204347,1268.38549521967,2.38638679437538,2.54340738463854,0.566214623156519,0.624216810224608,30.6618807937882,0.401601306371166,11.3653017539609,19.2305049297586,5.63992417865728,1.30990308010807,30.6618807937882,0.401601306371166
2020-08-21,196899,4688,28731,194836,4577,28026.1428571429,739.71428571429,37.8571428571431,243.142857142859,8.59076882237769,184463.608436888,829654.595449875,2406.44458302646,7353.74025974015,312166.282857556,91376.6972049862,1403805.82131909,411708.295486404,61.9435150990136,18.1668091936283,4071.78981091385,1194.17550736648,2.38091610419555,2.54990334100291,0.565054424541331,0.618432700115226,30.7388871919917,0.390416526970096,11.3983631380348,19.2864459673194,5.65633057977668,1.27023505831681,30.7388871919917,0.390416526970096
2020-08-22,197895,4756,28932,195584.714285714,4614.71428571429,28253.7142857143,748.71428571429,37.7142857142853,227.571428571428,7.84475145564236,179222.337330839,832084.307027809,2429.71157793386,7633.26839826838,303286.778247596,88782.3145508567,1407916.9797128,412914.017021319,62.0967830492769,18.2117596554076,4111.15839370294,1205.72153491457,2.40329467646984,2.55655759436818,0.571576697196508,0.621577554012691,30.8149449718216,0.405845068899008,11.4317441800225,19.3429278774377,5.67289560813147,1.3171766499218,30.8149449718216,0.405845068899008
2020-08-23,198103,4771,29147,196237,4652.57142857143,28477.2857142857,652.28571428571,37.8571428571431,223.571428571428,7.76689120228595,173641.346574037,834195.943976634,2111.63694882533,7654.77056277043,293832.450017389,86019.3492128947,1411489.94452288,413961.897010961,62.2481315353817,18.256147176271,3572.96481008618,1047.87998964271,2.40834313463198,2.55350978226013,0.571927978606143,0.618068810466579,30.890050235603,0.363914503107234,11.4607552948773,19.3920157154466,5.68729210121731,1.17822196734736,30.890050235603,0.363914503107234
2020-08-24,198414,4771,29341,196866.857142857,4690.42857142857,28697.4285714286,629.85714285713,37.8571428571431,220.142857142859,7.5069808622215,168068.874054447,836230.090504664,2034.14652802993,7568.76190476213,284392.95395748,83260.3231075776,1414931.79278532,414971.323107578,62.3975489605887,18.299968355124,3441.84826243576,1009.42609661631,2.40456822603244,2.55404584416221,0.570536752285571,0.613123761338759,30.9641972285628,0.362694655356554,11.488701793251,19.4393021845103,5.70116028838019,1.17146438228214,30.9641972285628,0.362694655356554
2020-08-25,199273,4792,29526,197488.714285714,4728,28911.5714285714,621.857142857159,37.5714285714284,214.142857142855,7.49109432273853,162939.163265378,838233.665429881,2003.57492521673,7095.7142857142,275704.733321448,80719.5740371696,1418321.91280863,415965.578333625,62.5450212949138,18.3432190772495,3390.12002330855,994.255226047419,2.404741234387,2.5549437188265,0.571678303751075,0.611629650651867,31.0373789884535,0.369959430641502,11.516228278004,19.4858779755914,5.71482004773128,1.19211539702923,31.0373789884535,0.369959430641502
2020-08-26,199459,4896,29734,198046.142857143,4765.42857142857,29126,557.42857142858,37.4285714285716,214.428571428572,7.02164798186112,158522.43594693,840025.487894981,1791.82246510067,6171.1212121211,268227.311567786,78529.6137566931,1421353.74013921,416854.753391494,62.6905316894793,18.3858944012045,3031.82733058697,889.175057869405,2.45463980066079,2.56058534683197,0.582839457915602,0.621425821226553,31.1095871541777,0.34206849491924,11.5408455624114,19.5275312962328,5.72703614375301,1.09968802416294,31.1095871541777,0.34206849491924
2020-08-27,200139,4929,29939,198597.428571429,4800.42857142857,29335.7142857143,551.28571428571,35,209.714285714286,6.84268387828924,153783.313152623,841793.516615827,1768.02872084512,6472.15151515161,260201.238011314,76181.8986858343,1424345.30760838,417732.121027403,62.8340608569526,18.4279886703954,2991.56746916915,877.367635908129,2.46278836208835,2.56813156830811,0.585535514672949,0.622406811459862,31.180812154578,0.347723497399689,11.5651359520617,19.5686314993203,5.73909002132385,1.11531765852817,31.180812154578,0.347723497399689
2020-08-28,200658,4978,30123,199134.428571429,4841.85714285714,29534.5714285714,537,41.4285714285716,198.857142857141,6.71525805241436,149762.153661119,843511.859288825,1718.34267299809,5698.07359307364,253398.203785092,74184.6369403189,1427252.80451769,418584.832429041,62.9755857571943,18.4694951276045,2907.49690930871,852.711401638167,2.48083804283906,2.58200708332159,0.590151750112561,0.625559027624755,31.2510425562017,0.349149669221235,11.5887437207522,19.608576683469,5.750805154659,1.1173791471723,31.2510425562017,0.349149669221235
2020-08-29,201287,5007,30331,199619,4877.71428571429,29734.4285714286,484.57142857142,35.8571428571422,199.857142857145,7.05036270291605,145596.874879928,845059.009079062,1547.14979023766,5676.57142857136,246347.563721446,72118.5920456786,1429870.63698152,419352.590971565,63.1150813351311,18.5104064246738,2617.83246382675,767.75854252401,2.48749298265661,2.58439748735769,0.592503002299991,0.626111433727612,31.3202659257041,0.323519891072894,11.6099995243538,19.6445422590481,5.76135314742371,1.03307127496213,31.3202659257041,0.323519891072894
2020-08-30,201661,5030,30539,200127.285714286,4914.71428571429,29933.2857142857,508.28571428571,37,198.857142857141,7.34501765033761,141481.140277822,846678.34807003,1619.33899096807,5698.07359307364,239381.440315952,70076.6292248701,1432610.61614013,420156.172726481,63.2525205028508,18.5507146172538,2739.97915860871,803.581754916464,2.49428496337914,2.59429711613218,0.594086291620151,0.626288550798026,31.3884688209636,0.349059671592212,11.632247112644,19.6821859695895,5.77239330401884,1.11220724504116,31.3884688209636,0.349059671592212
2020-08-31,201835,5030,30682,200616,4951.71428571429,30124.8571428571,488.71428571429,37,191.571428571428,7.2680532834774,137299.728756072,848232.010141353,1553.66207132302,5698.07359307376,232304.189226858,68002.0748499519,1435239.46761514,420927.162927288,63.3878725310412,18.5904106930444,2628.85147500876,770.990200806875,2.49213466445364,2.59531970906542,0.59299813492794,0.623654268113512,31.4556359928475,0.345381301380951,11.6535923864241,19.7183029318922,5.7829856955187,1.09814076156874,31.4556359928475,0.345381301380951
2020-09-01,202342,5044,30841,201054.428571429,4987.71428571429,30312.7142857143,438.42857142858,36,187.857142857145,6.57821408668089,132999.535811415,849622.886460765,1390.87631941214,5655.06926406908,225025.473215624,65868.9361384249,1437592.87980903,421617.37222865,63.5211044770303,18.6294849906107,2353.41219389345,690.209301362396,2.4928092042186,2.60154823191736,0.593675156399277,0.622952222967204,31.5217510938646,0.319278669328601,11.6727011980376,19.7506357206776,5.79246826368782,1.0130218988875,31.5217510938646,0.319278669328601
2020-09-02,202861,5065,31021,201540.428571429,5011.85714285714,30496.5714285714,486,24.1428571428578,183.857142857141,7.25651636022347,128880.443422538,851161.504028599,1538.61756783328,5633.56709956715,218045.084972942,63831.5680571563,1440196.27544913,422380.896735996,63.6521808172754,18.6679270915994,2603.39564010175,763.524507345865,2.4967835118628,2.60148096735969,0.595069205553476,0.623167199629191,31.5867964957908,0.365363459613245,11.6938397801233,19.7864029532833,5.80295808637699,1.15685935176116,31.5867964957908,0.365363459613245
2020-09-03,203953,5130,31201,202085.285714286,5040.57142857143,30676.8571428571,544.85714285713,28.7142857142853,180.285714285714,7.97974725918469,125305.165407293,852882.970602098,1721.46657349938,5268.03030303027,211989.794372915,62060.5364319756,1443109.05810918,423235.158343898,63.7810639992723,18.705725982603,2912.78266004659,854.26160790195,2.51528538437777,2.60444846648002,0.601489322313288,0.62875564389901,31.6507535635487,0.42270055532587,11.7174904670988,19.8264207566963,5.81469451750766,1.33570813987309,31.6507535635487,0.42270055532587
2020-09-04,204681,5171,31384,202660,5068.14285714286,30857,574.71428571429,27.5714285714284,180.142857142859,7.62726324770126,120854.167493895,854695.171822899,1812.2012208011,6235.62770562782,204447.24980299,59858.7512160896,1446175.36701911,424134.446167755,63.9077134670715,18.7428697693626,3066.30890992866,899.287823856226,2.52637030305695,2.6123774424076,0.60501102269845,0.631425388853101,31.7136021716295,0.45858371330047,11.7423877288113,19.8685478088942,5.82704954963566,1.44623026106762,31.7136021716295,0.45858371330047
2020-09-05,205516,5207,31548,203264.142857143,5096.71428571429,31030.8571428571,604.14285714287,28.5714285714284,173.857142857141,7.01175534296095,117329.848592776,856596.467640395,1901.29581749614,5397.04329004313,198477.456458998,58113.5113317536,1449392.42715497,425077.946347865,64.0320871027192,18.7793460995147,3217.06013586116,943.500180110801,2.53362268631153,2.61477236082202,0.607870823276139,0.633581148900857,31.7753214193945,0.499817533020477,11.7685090331221,19.9127459846971,5.84001200139895,1.57321493906463,31.7753214193945,0.499817533020477
2020-09-06,205766,5221,31721,203850.571428571,5124,31199.7142857143,586.428571428551,27.2857142857147,168.857142857145,6.89997142520944,113575.538342582,858438.503710547,1842.03607015195,5569.06060606055,192116.781793531,56255.3638176937,1452509.21769097,425992.039435309,64.1541413542947,18.8151422001412,3116.79053599807,914.093087443849,2.53734824995383,2.62020791891878,0.608197323096827,0.633084712225284,31.8358896946124,0.499733367267556,11.7938161864316,19.9555665880535,5.85257043837958,1.56996373237063,31.8358896946124,0.499733367267556
2020-09-07,205964,5221,31866,204440.428571429,5151.28571428571,31368.8571428571,589.857142857159,27.2857142857147,169.142857142855,7.01113903416454,109828.547365005,860287.859053317,1849.35534276953,5569.06060606055,185768.491597616,54400.84842388,1455638.39269652,426909.764642999,64.2738303268152,18.8502446111504,3129.17500555003,917.725207690091,2.53490901322561,2.62445777169641,0.60688988517696,0.631128639517546,31.8952842223294,0.519268275386331,11.8192238969219,19.9985573377357,5.86517877591613,1.62830427199143,31.8952842223294,0.519268275386331
2020-09-08,206045,5221,32003,204969.428571429,5176.57142857143,31534.8571428571,529,25.2857142857138,166,6.43585866485882,106040.247847608,861943.390704751,1655.53165143426,5418.54545454553,179349.655079738,52526.3378148174,1458439.61112369,427731.306665516,64.3911066630234,18.8846394435944,2801.21842717775,821.542022516311,2.53391249484336,2.62904912090535,0.605724233900228,0.62929802699025,31.9534815019515,0.481579593609816,11.8419687247732,20.0370423952971,5.87646568297017,1.50737826471677,31.9534815019515,0.481579593609816
2020-09-09,206541,5251,32151,205495.142857143,5203.14285714286,31696.2857142857,525.71428571429,26.5714285714284,161.428571428572,6.66739138312169,104022.13106748,863585.71115406,1642.32044930931,3633.86580086593,175935.614921207,51523.6429142597,1461218.47572707,428546.292753143,64.505921474676,18.9183123595172,2778.86460337345,814.986087627127,2.54235236587409,2.62924422402934,0.60804618837229,0.631065861433739,32.0104572731475,0.495683402297788,11.8645320480802,20.0752203407148,5.88766252009994,1.54877085129932,32.0104572731475,0.495683402297788
2020-09-10,207002,5273,32310,205930.714285714,5223.57142857143,31854.7142857143,435.57142857142,20.4285714285716,158.428571428572,6.12445765707846,101038.11862638,864944.062349324,1358.35119526344,4321.93506493489,170879.641800052,50047.0287920382,1463516.85425426,429220.361767334,64.6182244549889,18.9512486049331,2298.37852719682,674.069014190929,2.54731838339726,2.6367957217061,0.609634799466419,0.632105686688366,32.0661865716486,0.418656467463004,11.8831940072587,20.1067970392895,5.89692334194795,1.3058290397668,32.0661865716486,0.418656467463004
2020-09-11,207523,5288,32472,206336.714285714,5240.28571428571,32010.1428571429,406,16.7142857142862,155.428571428572,6.70267210678997,98135.4712371562,866208.046994732,1263.98464540811,4149.91774891783,165959.608842351,48612.0866934115,1465655.5612233,429847.602268062,64.7279631223209,18.9834327880134,2138.70696903858,627.240500728774,2.54815128925468,2.64108667447142,0.610476896208303,0.6323618415607,32.1206433539337,0.40175654093437,11.9005594941352,20.1361800606247,5.90554080160092,1.25099780418724,32.1206433539337,0.40175654093437
2020-09-12,208128,5315,32628,206709.857142857,5255.71428571429,32164.4285714286,373.142857142841,15.4285714285706,154.285714285714,7.28733643947172,94979.382143394,867367.819372831,1159.77237809927,4300.43290043285,160609.120480309,47052.5279809323,1467617.93733013,430423.128410578,64.8350838611755,19.0148491843922,1962.37610682263,575.526142515417,2.55371694341943,2.63744425271576,0.612773483323733,0.634071407436762,32.1738010138164,0.380162462189031,11.9164932414989,20.1631405277898,5.9134477739769,1.18180751921651,32.1738010138164,0.380162462189031
2020-09-13,208512,5322,32817,207102.142857143,5270.14285714286,32321,392.285714285739,14.4285714285716,156.571428571428,7.0562236612197,92075.3497451616,868585.128965941,1217.30959310965,4106.9134199135,155685.371747551,45617.9061033992,1469677.66845085,431027.206855279,64.9395318980288,19.0454817300773,2059.73112072144,604.078444701037,2.55237108655617,2.64221862996548,0.612720598421469,0.633552204866592,32.2256323704504,0.412943696099352,11.9332174745349,20.1914385248231,5.92174701743836,1.28165667710054,32.2256323704504,0.412943696099352
2020-09-14,208725,5322,32975,207496.571428571,5284.57142857143,32479.4285714286,394.428571428551,14.4285714285716,158.428571428572,7.06607974612207,89176.0527316757,869807.173943797,1222.04497785622,4106.9134199135,150769.63545418,44185.634116041,1471745.41201096,431633.635190155,65.0412503415067,19.0753137399524,2067.74356010975,606.428334876022,2.5497664390945,2.64045060111794,0.611859750002922,0.632221547796599,32.2761091920259,0.42829236734544,11.9500067655302,20.2198466022371,5.9300785453007,1.32722273794071,32.2761091920259,0.42829236734544
2020-09-15,209209,5344,33095,207948.571428571,5302.14285714286,32635.4285714286,452,17.5714285714284,156,6.95048547954849,86750.8879494664,871205.463707042,1398.28976324515,3805.88311688311,146659.789260869,42986.055029703,1474111.36801545,432327.523343344,65.1401811549136,19.1043281930015,2365.95600449108,693.888153189328,2.55438341562743,2.64237800493519,0.613402948285114,0.633541774327345,32.3252026783782,0.506760841952517,11.9692174281133,20.2523517264849,5.9396116560562,1.5680103799307,32.3252026783782,0.506760841952517
2020-09-16,209907,5371,33250,208429.428571429,5319.28571428571,32792.4285714286,480.857142857159,17.1428571428578,157,5.71467377463895,84219.7126336806,872690.833845802,1485.37013875949,3999.40259740246,142369.330115669,41734.7327999574,1476624.66711201,433064.624314458,65.2362650032327,19.1325076874363,2513.29909655778,737.100971113774,2.55875220931174,2.64263748492735,0.615452780262502,0.63557691738631,32.3728833850629,0.554182594942218,11.9896244605444,20.2868811510601,5.94973845410473,1.71222470901363,32.3728833850629,0.554182594942218
2020-09-17,211660,5409,33381,209094.857142857,5338.71428571429,32945.4285714286,665.428571428551,19.4285714285706,153,5.87812172684013,83178.0550558866,874743.414363246,2052.58051744429,3074.80952380958,140605.274105636,41218.3237763906,1480097.70634007,434083.198105069,65.3294417706462,19.1598345924751,3473.03922806261,1018.57379061141,2.55551355948219,2.64737072895319,0.618352754783228,0.638849453553359,32.4191214801703,0.789943616285004,12.0178242176917,20.334596142975,5.9637323185538,2.43717349924018,32.4191214801703,0.789943616285004
2020-09-18,212942,5451,33526,209869,5362,33096,774.14285714287,23.2857142857147,150.571428571428,6.72240761186442,83023.6438654318,877128.04213383,2384.62777058431,2515.75324675348,140347.863379777,41138.388255456,1484132.58132849,435266.547224307,65.4196504275769,19.1862910093486,4034.87498842622,1183.34911923733,2.55985197847301,2.65662546139173,0.621460007907067,0.642630782006402,32.4638866783464,0.930507971607033,12.0505858674521,20.3900300194182,5.97998997933711,2.86689532351063,32.4638866783464,0.930507971607033
2020-09-19,213551,5467,33668,210643.714285714,5383.71428571429,33244.5714285714,774.71428571429,21.7142857142853,148.571428571428,6.60680782632006,83062.9078839949,879511.254204341,2383.21207051096,2322.23376623355,140418.013283005,41154.7061679976,1488165.06090205,436449.193815688,65.5068294586136,19.2118588968022,4032.47957355785,1182.64659138146,2.56004420489719,2.66070034185403,0.621595229608037,0.643461950839581,32.5071484531466,0.93292756144483,12.083328067355,20.445430986011,5.99623798831151,2.87052213026661,32.5071484531466,0.93292756144483
2020-09-20,214018,5476,33835,211430.285714286,5405.71428571429,33390,786.57142857142,22,145.428571428572,6.59638193362867,83285.7747943794,881927.839729444,2416.58552510303,2171.71861471853,140799.756800333,41261.4875993591,1492254.00954759,437648.401670251,65.5909170023295,19.2365201121014,4088.94864553283,1199.20785456238,2.55866329000364,2.66473806483961,0.620912477565048,0.64335616379286,32.5488761064192,0.946759786196562,12.1165287746377,20.5016077633955,6.01271352726381,2.90934375723761,32.5488761064192,0.946759786196562
2020-09-21,214251,5478,33946,212219.714285714,5428,33528.7142857143,789.42857142858,22.2857142857147,138.714285714283,6.42834707955764,83514.1449846929,884350.214248762,2422.37451931788,2171.71861471864,141191.009787451,41370.8560504061,1496352.75337719,438850.482258784,65.6718508691281,19.2602564162663,4098.74382960889,1202.08058853366,2.55681420390103,2.66139747883091,0.619437855245328,0.642292106750915,32.5890387771613,0.947657931086354,12.1498090150883,20.5579191137283,6.0292285338032,2.90850931662504,32.5890387771613,0.947657931086354
2020-09-22,214846,5498,34053,213025,5450,33665.5714285714,805.28571428571,22,136.857142857145,6.54681021567186,83315.4903492302,886818.325847066,2468.11159830354,2644.76623376622,140857.219304253,41270.0446201335,1500528.88597092,440075.259442905,65.749568552255,19.2830494773007,4176.13259372534,1224.77718412055,2.5590422907571,2.66267997518089,0.619969145850527,0.643270277082978,32.6276054469837,0.964051808029664,12.1837176228594,20.6152936839132,6.04605536171972,2.95532163893424,32.6276054469837,0.964051808029664
2020-09-23,215284,5525,34227,213793.142857143,5472,33805.1428571429,768.14285714287,22,139.571428571428,6.78657074340543,83064.8410717566,889169.936309852,2351.61046278616,2580.25974025985,140435.766295283,41143.2154405495,1504507.89450041,441242.22403346,65.8240072886167,19.3048808880293,3979.00852949149,1166.96459055558,2.56637743631668,2.66256641818642,0.621366037512393,0.644994487920236,32.664544970291,0.921779479121778,12.2160256582287,20.6699600286755,6.06208792062475,2.82253690511694,32.664544970291,0.921779479121778
2020-09-24,215852,5559,34393,214392,5493.42857142857,33949.7142857143,598.85714285713,21.4285714285716,144.571428571428,6.36356736242869,81950.4952813081,891001.313463126,1831.37715327437,2924.29437229433,138550.836583193,40589.224296417,1507606.64977001,442151.027733581,65.8951039456996,19.325732132933,3098.75526959542,908.803700121061,2.57537572040102,2.6697455223062,0.623904804179624,0.647571139455135,32.6998260181667,0.720803821001493,12.2411863720368,20.712532851188,6.07457368837917,2.20475610335823,32.6998260181667,0.720803821001493
2020-09-25,216367,5587,34564,214881.285714286,5512.85714285714,34098,489.28571428571,19.4285714285716,148.285714285717,5.23308224724596,79920.9729489054,892496.072516005,1494.75905287894,3504.85281385295,135113.183228485,39584.035985386,1510135.83524314,442892.787865085,65.9627949123843,19.3455845561274,2529.18547313055,741.760131503863,2.58218674751695,2.67661200154257,0.625997152486047,0.649433784425143,32.7334170241907,0.596927060949253,12.2617223958014,20.7472805336866,6.08476449716461,1.82397805864131,32.7334170241907,0.596927060949253
2020-09-26,216826,5622,34730,215349.142857143,5535,34249.7142857143,467.857142857159,22.1428571428569,151.714285714283,5.01370156611218,78058.4060331688,893923.97746174,1427.904945735,3268.32900432881,131961.055035711,38659.5387618946,1512551.90118956,443601.372274247,66.0270162323558,19.3644194004888,2416.06594641996,708.584409161704,2.59286247959193,2.68630638938096,0.628912540858724,0.65224701072344,32.7652862506427,0.58527625171575,12.2813399320476,20.7804741026414,6.09449951515146,1.786646099326,32.7652862506427,0.58527625171575
2020-09-27,217237,5623,34872,215809,5556,34397.8571428571,459.85714285713,21,148.142857142862,5.05210622135715,76128.2727589005,895326.177520805,1402.20005906513,3311.33333333337,128693.601758759,37702.2320242879,1514924.47355363,444297.200874986,66.0877035477834,19.3822177911369,2372.57236407395,695.828600739071,2.58841725857013,2.690022804189,0.628039271181629,0.651122399013024,32.7954017605542,0.588992580265426,12.3006043169532,20.8130701269692,6.10405928510459,1.79634728701647,32.7954017605542,0.588992580265426
2020-09-28,217510,5623,34998,216274.571428571,5576.71428571429,34548.1428571429,465.57142857142,20.7142857142853,150.28571428571,5.2492550535554,74171.6196649171,896744.576374874,1418.39885406871,3354.33766233781,125380.868774316,36732.0529379074,1517324.4548549,445001.067975501,66.1447918549657,19.3989606637703,2399.98130127112,703.867100515345,2.58516849800009,2.69403884296494,0.6270458888897,0.650099843997663,32.8237312964491,0.611427389119849,12.3200912520005,20.8460427140511,6.11372949347394,1.86316962498388,32.8237312964491,0.611427389119849
2020-09-29,218184,5632,35125,216751.428571429,5595.85714285714,34701.2857142857,476.857142857159,19.1428571428578,153.142857142862,5.84486079495735,72292.7526779984,898196.185578431,1451.60920355737,3311.33333333326,122198.874669759,35801.1221667403,1519780.62924851,445721.415399823,66.1982158548276,19.4146288674603,2456.17439361103,720.347424321633,2.58130752025813,2.69649973393655,0.627034504313001,0.650190219259675,32.8502424542753,0.642766023188518,12.3400344535779,20.8797873203274,6.12362611982061,1.95709519370786,32.8502424542753,0.642766023188518
2020-09-30,218507,5650,35261,217211.857142857,5613.71428571429,34849,460.428571428551,17.8571428571422,147.714285714283,6.18938797457388,70364.1095306773,899596.732907301,1400.54732886935,3311.33333333326,118931.767771685,34846.13813445,1522150.40513432,446416.423848736,66.2479099569106,19.4292031658215,2369.77588580945,695.008448912704,2.58572951896278,2.69724125812687,0.628059195117398,0.651396082931155,32.8749026853842,0.636748182554324,12.3592761321439,20.9123449247212,6.13317462196615,1.93732743184863,32.8749026853842,0.636748182554324
2020-10-01,219212,5674,35411,217691.857142857,5630.14285714286,34994.4285714286,480,16.4285714285716,145.428571428572,6.06750094804702,68581.4257657875,901055.802389164,1459.06948186341,3225.32467532472,115911.059726982,33964.0168676626,1524619.20258413,447140.473366051,66.2938084372371,19.4426642833095,2468.79744980251,724.049517315696,2.58836195098808,2.70015292028414,0.629705727986579,0.653246274979973,32.8976793748695,0.682005488576672,12.3793218281349,20.9462629551901,6.14312211020227,2.07359901460457,32.8976793748695,0.682005488576672
2020-10-02,219763,5693,35553,218177,5645.28571428571,35135.7142857143,485.14285714287,15.1428571428578,141.28571428571,6.18567967796595,67115.7563886133,902529.570241427,1473.76785226294,2924.29437229433,113427.328074795,33238.8511831785,1527112.87019934,447871.816811535,66.3358453731606,19.4549928861146,2493.66761521227,731.34344548377,2.59051796708272,2.704652396352,0.630782656625546,0.6545128817675,32.9185398092376,0.707226738518046,12.3995694604067,20.9805226690272,6.15316980741984,2.14893148663314,32.9185398092376,0.707226738518046
2020-10-03,220399,5705,35696,218687.428571429,5657.14285714286,35273.7142857143,510.42857142858,11.8571428571422,138,6.62672947809653,65320.7543009388,904079.260794445,1549.69055301824,3332.83549783553,110382.08963623,32353.2797927323,1529735.00172414,448640.83618371,66.3739549220039,19.4661696638804,2622.13152480475,769.019372174516,2.58848724359003,2.70406285443879,0.631028743540342,0.654839786670393,32.9374513146786,0.760333478537274,12.4208601707477,21.0165473080509,6.16373512232595,2.30898173008024,32.9374513146786,0.760333478537274
2020-10-04,220754,5706,35838,219189.857142857,5669,35411.7142857143,502.428571428551,11.8571428571431,138,6.65997576124802,63672.6974087316,905603.879226913,1524.61843246804,3160.81818181812,107586.325713993,31540.0528494457,1532314.71032938,449397.413751701,66.4080713841783,19.4761753482154,2579.70860523498,756.577567991626,2.58477762577349,2.70071984259696,0.630076806304213,0.653839799697978,32.9543812883892,0.768978546467,12.4418064231226,21.0519891119462,6.17412950320367,2.33404903048727,32.9543812883892,0.768978546467
2020-10-05,221070,5707,36007,219698.428571429,5681,35555.8571428571,508.571428571449,12,144.142857142862,6.57299532874238,62085.4442777736,907146.439948769,1542.56072185584,3117.81385281379,104893.752285283,30756.7833043301,1534924.77792631,450162.895012171,66.4381291658688,19.4849907017497,2610.06759693148,765.481260469824,2.58153526032478,2.68402154398564,0.629115625512712,0.652419887511163,32.9692971800552,0.798522851071107,12.4629991789593,21.0878480084651,6.18464620910761,2.42264076226227,32.9692971800552,0.798522851071107
2020-10-06,221934,5713,36167,220234.142857143,5692.57142857143,35704.7142857143,535.71428571429,11.5714285714284,148.857142857138,6.47679579958193,60816.8371876697,908770.694330527,1624.2543817577,2881.29004329012,102741.194980052,30131.063137168,1537673.07410093,450968.91598357,66.4640629368142,19.4925965644083,2748.29617462284,806.020971398568,2.57418872277344,2.67329668575078,0.628651433815067,0.651330219257581,32.9821665701484,0.862640006617098,12.4853142982551,21.1256059838696,6.19571987732961,2.61615971449072,32.9821665701484,0.862640006617098
2020-10-07,222538,5733,36336,220810,5704.42857142857,35858.2857142857,575.85714285713,11.8571428571431,153.571428571435,6.59533042098208,59862.6036262222,910516.088474707,1745.39414418011,2687.77056277054,101121.709361833,29660.5562570511,1540626.34306147,451835.051423539,66.4858076789605,19.4989738676806,2953.26896053529,866.135439969075,2.57618923509693,2.67122540818286,0.629642910495288,0.651839299678594,32.9929571940706,0.946618723903156,12.5092937185868,21.1661800158114,6.2076194392987,2.86991929355705,32.9929571940706,0.946618723903156
2020-10-08,223401,5743,36534,221408.428571429,5714.28571428571,36018.7142857143,598.42857142858,9.85714285714312,160.428571428565,7.01357844860788,59193.3275279894,912329.41843708,1813.32996237325,2472.74891774892,99984.0453587587,29331.7447023964,1543694.56184228,452734.899374792,66.5032987623503,19.5041036568768,3068.21878080838,899.847951252887,2.57071364944651,2.67000238965214,0.629487538595257,0.651187063304615,33.0016369798129,0.999400179016374,12.5342064877241,21.2083333071237,6.21998216684055,3.02915318166839,33.0016369798129,0.999400179016374
2020-10-09,224084,5746,36723,222025.714285714,5721.85714285714,36185.8571428571,617.28571428571,7.57142857142844,167.142857142862,6.65373184890899,58776.6262109228,914199.517985815,1870.09954873449,2279.22943722957,99273.107844281,29128.7747684708,1546858.83678201,453662.918699728,66.516471984929,19.5079671028029,3164.27493973495,928.019324935914,2.5642169900573,2.67063264248808,0.628528005862409,0.649742591500485,33.0081740677091,1.04254601265773,12.5598991963256,21.2518062837449,6.2327319320112,3.15930802817297,33.0081740677091,1.04254601265773
2020-10-10,224978,5759,36920,222679.857142857,5729.57142857143,36360.7142857143,654.142857142841,7.71428571428532,174.857142857138,6.74672167378777,58965.7305751602,916181.016289446,1981.49830363132,1784.6796536796,99589.7232556425,29224.7030351494,1550211.60237652,454646.2186098,66.5252635988212,19.5105455094662,3352.76559451129,983.299910072703,2.55980584768288,2.66682713598179,0.62858757140855,0.649400202064967,33.0125368234752,1.11262608710628,12.5871223773289,21.2978688740958,6.24624117972715,3.37123518543003,33.0125368234752,1.11262608710628
2020-10-11,225575,5759,37110,223368.571428571,5737.14285714286,36542.4285714286,688.71428571429,7.57142857142844,181.71428571429,6.88379929748435,59259.5636128662,918267.100409403,2086.08411995694,1784.6796536796,100083.444444582,29372.6738873728,1553741.33089147,455681.418248275,66.5296103396061,19.5118203226622,3529.72851494723,1035.19963847479,2.55303114263549,2.66491836696775,0.627159570176519,0.647682716748213,33.0146938527368,1.16767352295544,12.6157824299173,21.3463627022656,6.26046346146272,3.53779067877049,33.0146938527368,1.16767352295544
2020-10-12,226050,5759,37287,224080,5744.57142857143,36725.2857142857,711.42857142858,7.42857142857156,182.857142857145,6.98192830204564,59600.8430889396,920421.990275087,2154.88986568386,1806.18181818188,100657.243079774,29544.3335199679,1557387.48117501,456750.762091396,66.5294494380742,19.5117731334217,3646.15028354339,1069.34384312137,2.54766644547666,2.66134732528373,0.625691265620328,0.646351460203356,33.0146140068639,1.20020601825205,12.6453877829717,21.3964560124403,6.27515483967018,3.63635797212654,33.0146140068639,1.20020601825205
2020-10-13,226734,5767,37403,224765.714285714,5752.28571428571,36901.8571428571,685.71428571429,7.71428571428623,176.571428571428,6.88428661579936,59928.6034624755,922499.140259012,2077.1499839254,1741.67532467528,101208.67889467,29708.924596846,1560902.09281408,457781.528248833,66.5247186053873,19.5103856736592,3514.61163907219,1030.76615743665,2.54350913405136,2.65857811694284,0.625149634110313,0.646165308463761,33.0122663756057,1.15020358654884,12.6739250922795,21.4447421546144,6.28931621120636,3.48510168023255,33.0122663756057,1.15020358654884
2020-10-14,227635,5772,37586,225493.857142857,5757.85714285714,37080.4285714286,728.142857142841,5.57142857142844,178.571428571428,7.22896692573881,60344.3364859594,924705.124364747,2205.98410573509,1784.67965367972,101907.275123353,29918.3946901324,1564634.69636877,458876.227128371,66.5153560265192,19.5076398142487,3732.60355469049,1094.69887953775,2.5356381927208,2.65551969913993,0.624198984942929,0.645692491255168,33.0076202838366,1.21469501390299,12.7042324130028,21.4960232190477,6.30435593427208,3.68102037805098,33.0076202838366,1.21469501390299
2020-10-15,228748,5789,37782,226257.714285714,5764.42857142857,37258.7142857143,763.857142857159,6.57142857142844,178.28571428571,7.64534301810184,61168.789059973,927019.797717982,2314.67335323431,1483.64935064933,103299.597936762,30283.7438729404,1568551.20599537,460024.862025465,66.5013003513908,19.503517562424,3916.509626596,1148.6348970937,2.53073250913669,2.65352061178739,0.624474257642676,0.646580000154801,33.0006452871563,1.26549798569959,12.7360329810595,21.5498309110709,6.32013666729266,3.8357756303657,33.0006452871563,1.26549798569959
2020-10-16,229486,5806,37994,227029.428571429,5773,37440.2857142857,771.71428571429,8.57142857142844,181.571428571435,8.19291726700546,62359.7469447801,929358.941749975,2339.14403199335,1139.61471861473,105315.120880637,30654.0935429521,1572509.12088064,461185.640266905,66.4824906397935,19.4980010456259,3957.91488526668,1160.7782414403,2.530001830177,2.65413084455887,0.624731709049611,0.647453037683371,32.9913111445592,1.26128784548986,12.7681697440631,21.6042074568999,6.33608423389596,3.82408098630158,32.9913111445592,1.26128784548986
2020-10-17,230407,5824,38193,227805,5782.28571428571,37622.1428571429,775.57142857142,9.28571428571468,181.857142857138,8.39259213455337,63541.0154256329,931710.61282823,2351.67107825528,1161.11688311677,107314.638567065,31014.2310705074,1576488.23197366,462352.634937317,66.4588663714583,19.4910725144552,3979.111093021,1166.99467041239,2.52770098130699,2.65018778383645,0.625086794098127,0.648410680596399,32.9795878234304,1.24338977547985,12.8004786122091,21.6588752107502,6.35211720605867,3.77113633950071,32.9795878234304,1.24338977547985
2020-10-18,231149,5827,38384,228601.285714286,5792,37804.1428571429,796.28571428571,9.71428571428532,182,8.59415954855212,64807.2027361247,934126.129143051,2415.51631482097,1139.61471861484,109458.243272244,31442.6226252306,1580575.37147737,463551.312206326,66.4303674452828,19.482714342446,4087.13950371323,1198.677269009,2.52088479725199,2.65071599536857,0.623791564994074,0.647734677867093,32.9654454991629,1.2528720929106,12.8336646299485,21.715027132905,6.36858545546319,3.80150726053164,32.9654454991629,1.2528720929106
2020-10-19,231897,5830,38553,229436.571428571,5802.14285714286,37985,835.28571428571,10.1428571428569,180.857142857145,8.91514828085711,66214.0452121482,936661.22703033,2535.09788727877,1118.11255411245,111840.242858561,32099.0696971134,1584864.84725417,464809.33070678,66.3969340660899,19.4729089928541,4289.47577679437,1258.01850045408,2.5140471847415,2.64681808347301,0.622423543513584,0.647018751174085,32.9488544989619,1.28856365144802,12.8684935412426,21.773958889378,6.38586897535349,3.91175329322717,32.9488544989619,1.28856365144802
2020-10-20,232937,5837,38705,230322.714285714,5812.14285714286,38171,886.14285714287,10,186,9.37093996434715,67733.9354179549,939352.234119254,2691.00708892383,1161.11688311712,114413.214856574,32852.149477009,1589418.12694449,466144.717683239,66.3585067673061,19.4616390253084,4553.2796903206,1335.38697645842,2.5058277560027,2.64473221476903,0.62138565151472,0.646737812528248,32.9297853130993,1.33798097323124,12.9054644399453,21.8365149647182,6.40421543636384,4.06410313748677,32.9297853130993,1.33798097323124
2020-10-21,233912,5854,38883,231219.428571429,5823.85714285714,38356.2857142857,896.71428571429,11.7142857142862,185.285714285717,9.2055670435714,69608.5321905073,942077.129593105,2724.89547385089,838.584415584221,117589.120613595,33730.3532459876,1594028.74698722,467496.921452217,66.3150263507696,19.4488870781576,4610.62004273455,1352.20376897865,2.50265056944492,2.64241541152961,0.621392857984825,0.647509599418959,32.9082085650436,1.32356820914393,12.9429009204933,21.8998588210975,6.42279293798917,4.0229398410661,32.9082085650436,1.32356820914393
2020-10-22,234906,5859,39089,232099.142857143,5833.85714285714,38543,879.71428571429,10,186.714285714283,9.119045150972,71284.6295094095,944752.326479107,2675.19688600197,989.099567099707,120427.238621929,34560.373612618,1598555.27525197,468824.462764068,66.2664338850563,19.4346358679793,4526.52826474467,1327.5413118506,2.49418916502771,2.64269600680266,0.62016253739594,0.646971610258743,32.8840950106295,1.26351467076211,12.9796546077984,21.9620473670286,6.44103160988493,3.84320255264166,32.8840950106295,1.26351467076211
2020-10-23,235882,5865,39306,233012.857142857,5842.28571428571,38730.4285714286,913.714285714261,8.42857142857156,187.428571428572,8.87236610301146,72766.9175622921,947533.172973547,2780.84649444069,1290.12987012963,122934.870440536,35296.0170932104,1603260.56641123,470204.431701159,66.2126705286908,19.4188681377311,4705.29115926637,1379.96893709089,2.48641269787436,2.64273113234981,0.618975690486325,0.646532879557045,32.8574154503278,1.28149744757635,13.0178597817932,22.0266918800557,6.45999056840868,3.9010464297547,32.8574154503278,1.28149744757635
2020-10-24,236772,5869,39525,233922.142857143,5848.71428571429,38920.7142857143,909.285714285739,6.42857142857065,190.28571428571,8.7376108502872,74132.6844588167,950303.009134141,2769.83616059402,1397.64069264079,125243.436485296,35975.205392023,1607947.22769409,471578.936863559,66.1536776404719,19.4015666891075,4686.66128285532,1374.50516240002,2.47875593397868,2.63533946385605,0.617592488247246,0.645817480318682,32.8281407839936,1.24931310899336,13.0559136882797,22.0910804430793,6.47887446185308,3.80644976231527,32.8281407839936,1.24931310899336
2020-10-25,238163,5874,39742,234924.142857143,5855.42857142857,39114.7142857143,1002,6.71428571428623,194,9.30436166825843,75719.0510822017,953358.237229388,3055.22809524648,1462.14718614728,127925.148579665,36763.9361976125,1613116.7822793,473095.065091275,66.0893967728101,19.382714380585,5169.55458521168,1516.12822771631,2.46637806880162,2.63120391637768,0.616137750807166,0.645128633568694,32.7962420075599,1.35133896421153,13.0978885046553,22.1621033250681,6.4997040699793,4.12129699275057,32.7962420075599,1.35133896421153
2020-10-26,238964,5875,39920,235933.714285714,5861.85714285714,39310,1009.57142857142,6.42857142857156,195.285714285717,9.42065692652232,77267.529720228,956439.798118497,3081.56088910869,1526.65367965365,130542.240873504,37534.2252746997,1618330.89288816,474624.260720457,66.0197694334006,19.3622940575263,5214.11060885643,1529.19562918175,2.45852931822367,2.62391714578589,0.614257166165322,0.643955996734657,32.7616900947702,1.33302929676602,13.1402250989906,22.2337383482303,6.5207132070179,4.06972993594875,32.7616900947702,1.33302929676602
2020-10-27,240122,5891,40169,236960.142857143,5869.57142857143,39519.1428571429,1026.42857142858,7.71428571428532,209.142857142855,9.29471423766545,78891.2433937606,959576.377592895,3136.57947439828,1505.15151515137,133287.628035389,38341.1293747771,1623638.09689986,476180.758805497,65.944737182401,19.3402885806802,5307.20401170175,1556.49808503978,2.45333622075445,2.61936212695749,0.61391673842343,0.6443888761809,32.724456045402,1.32813071426594,13.1833175763379,22.3066523523288,6.542097443897,4.05937589276541,32.724456045402,1.32813071426594
2020-10-28,241165,5905,40426,237996.285714286,5876.85714285714,39739.5714285714,1036.14285714284,7.28571428571468,220.428571428572,9.79367522752418,80290.9143940293,962746.511796627,3170.1342037319,1763.17748917756,135652.37341014,39037.9338883368,1629002.07670684,477753.908109604,65.8642415209702,19.3166807934923,5363.97980698594,1573.14930410753,2.44853108867373,2.6121919222578,0.613349404816892,0.644523286884439,32.6845108299551,1.31311028475696,13.2268710515415,22.3803463811939,6.5637104466296,4.01836004524504,32.6845108299551,1.31311028475696
2020-10-29,242480,5918,40697,239078.285714286,5885.28571428571,39969.2857142857,1082,8.42857142857156,229.71428571429,9.82360570687422,82092.0999090815,966061.277398259,3314.7656016323,1505.15151515161,138698.543550131,39932.5468936581,1634610.77798237,479398.829385602,65.7782239057953,19.2914535263656,5608.70127552212,1644.921275998,2.44061365885846,2.60901505675971,0.612590540419757,0.644474793593444,32.6418253968608,1.34732411746924,13.2724115719605,22.4574025612256,6.58630950187516,4.12844420399178,32.6418253968608,1.34732411746924
2020-10-30,244045,5934,40906,240244.428571429,5895.14285714286,40197.8571428571,1166.14285714287,9.85714285714221,228.571428571428,10.5158065596579,84391.1386884629,969638.801026125,3577.52362786629,1268.6277056277,142589.240017472,41072.7036241353,1640664.07518231,481174.141862589,65.6866254397362,19.2645895059323,6053.29719994171,1775.31247698626,2.43151877727468,2.60789332322179,0.611980460530283,0.644704283762984,32.5963705189668,1.4202433241049,13.3215620421309,22.5405669046112,6.61069996075666,4.35793898783009,32.5963705189668,1.4202433241049
2020-10-31,245946,5979,41159,241555,5910.85714285714,40431.2857142857,1310.57142857142,15.7142857142862,233.428571428572,11.7609353366495,87434.3930599265,973665.367085901,4026.56605977518,967.597402597312,147744.695618124,42525.8491876327,1647477.1681456,483172.287426086,65.5893871053839,19.2360714235526,6813.0929632897,1998.1455634975,2.43102144373155,2.60695667295471,0.614071343411818,0.648130685338228,32.5481169094386,1.55266460015662,13.3768817648207,22.6341698426467,6.63815185321927,4.77131381606261,32.5481169094386,1.55266460015662
2020-11-01,247473,5981,41398,242885,5926.14285714286,40667.8571428571,1330,15.2857142857138,236.571428571428,11.7313508064513,90501.1866600186,977758.04813188,4092.68104597961,1010.60173160175,152939.474339027,43972.3751202241,1654402.13001668,485203.241930106,65.4864497145316,19.2058819204946,6924.96187108569,2030.95450401993,2.41682931067228,2.60335311228188,0.611705524840976,0.646800784640273,32.4970351966848,1.52084515852017,13.4331098204791,22.7293097123666,6.6660544973806,4.68085944529235,32.4970351966848,1.52084515852017
2020-11-02,248139,5982,41589,244195.714285714,5941.42857142857,40906.2857142857,1310.71428571429,15.2857142857147,238.428571428572,11.792907546176,93558.3442933754,981798.08888212,4040.04075023986,967.597402597428,158118.158166552,45369.9216579371,1661238.02263542,487208.074182105,65.3777533959552,19.1740034377112,6835.89261873392,2004.83225199865,2.41074559017325,2.59736853280841,0.609290246919418,0.64529366198281,32.4430956701733,1.44800825340793,13.4886146676965,22.8232258876862,6.69359825615015,4.46407489154466,32.4430956701733,1.44800825340793
2020-11-03,249818,6020,41776,245580.857142857,5959.85714285714,41135.8571428571,1385.14285714284,18.4285714285716,229.571428571428,12.3377614903036,96655.7437495419,986075.033792832,4276.94491071207,1161.11688311689,163366.164785702,46864.3153730272,1668474.7655183,489330.467897195,65.2632377911077,19.1404182732331,7236.74288288644,2122.39371509023,2.40975430113122,2.59704606941475,0.610501208700591,0.647758334219542,32.3862683775422,1.48023519159553,13.5473742665477,22.9226492185134,6.72275715482818,4.57142005132183,32.3862683775422,1.48023519159553
2020-11-04,250633,6059,42039,246933.428571429,5981.85714285714,41366.2857142857,1352.57142857145,22,230.428571428572,11.7063761915949,99721.2252621393,990259.12569504,4184.0919022077,1096.61038961029,168562.950922374,48271.7745124687,1675554.39780882,491406.784179493,65.1428416808484,19.1051084726956,7079.63229051814,2076.31628229859,2.41747894331552,2.59621328469063,0.611860051857369,0.650309217967128,32.3265229393684,1.3991116933473,13.6048581871646,23.0199140564034,6.7512830101719,4.32886007586852,32.3265229393684,1.3991116933473
2020-11-05,252768,6087,42317,248403.142857143,6006,41597.7142857143,1469.71428571429,24.1428571428569,231.428571428565,12.7064112539677,102983.754996693,994814.425992365,4555.30029732489,1268.62770562794,174093.794571217,49827.8709006149,1683262.12790455,493667.309139068,65.0165033342864,19.0680559316481,7707.73009572993,2260.52495957474,2.40813710596278,2.59832402476325,0.611872912269843,0.651625065405685,32.2638287222775,1.47355424365743,13.6674420229879,23.1258081321825,6.78233965050528,4.56803482443209,32.2638287222775,1.47355424365743
