"date","positive","death","recovered","positive7","death7","recovered7","dif_pos7","dif_dea7","dif_rec7","testPosRate7","Einfected","Epositive","dif_Epositive","dif_Erecovered","Einfected_U","Einfected_L","Epositive_U","Epositive_L","confirmRate_k_U","confirmRate_k_L","dif_Epositive_U","dif_Epositive_L","CFR","CFRadj","ECFR_k","EIFRadj_k","confirmRate_k","NCC7PerEinfected_k","cumIncidence","cumIncidence_U","cumIncidence_L","difEposPerEinfected_k","ascertainmentRate","docuTransmissionRate"
2020-03-13,12,0,0,12,0,0,NA,NA,NA,NA,2034.63203463203,2034.63203463203,NA,NA,3443.22344322344,1009.66702470462,3443.22344322344,1009.66702470462,NA,NA,NA,NA,NA,NA,NA,NA,NA,NA,0.0395172859597957,0.066875407008885,0.0196100817544851,NA,NA,NA
2020-03-14,13,0,0,12.5,0,0,0.5,0,0,NA,2445.88744588745,2445.88744588745,411.255411255411,0,4139.19413919414,1213.74865735768,4139.19413919414,1213.74865735768,7.93783597182425,2.32900848367054,695.970695970696,204.081632653061,NA,NA,NA,NA,3.93907649729625,0.0245744680851064,0.0475048224835842,0.0803927765106809,0.0235738216835831,20.2127659574468,3.93907649729625,0.0245744680851064
2020-03-15,19,0,0,14.6666666666667,0,0,2.16666666666667,0,0,NA,2497.91492156246,2497.91492156246,52.0274756750155,0,4227.1887549639,1239.56680318137,4227.1887549639,1239.56680318137,8.39203047911533,2.4622718648329,87.9946157697623,25.8181458236918,NA,NA,NA,NA,4.16446625279407,0.0885840707964601,0.048515317059026,0.0821018365938349,0.0240752701195167,2.12714104087231,4.16446625279407,0.0885840707964601
2020-03-16,28,1,0,18,0.25,0,3.33333333333333,0.25,0,NA,2573.57347621263,2573.82347621263,75.9085546501733,0,4355.32369029698,1276.98571000026,4355.57369029698,1277.23571000026,8.84903124308977,2.59635861846681,128.384935333075,37.6689068188832,NA,NA,NA,NA,4.39124858679643,0.133446072276433,0.0499896377272584,0.0845953706167594,0.0248068878947297,3.03887670452331,4.39124858679643,0.133446072276433
2020-03-17,33,1,0,21,0.4,0,3,0.15,0,NA,2638.36709590724,2638.76709590724,64.9436196946076,0,4465.01351603484,1309.06337090134,4465.41351603484,1309.46337090134,9.3087736314712,2.73124978107636,109.839825737861,32.2276609010835,NA,NA,NA,NA,4.6193914261436,0.11657228908679,0.0512509938580244,0.0867287154818628,0.0254328240197715,2.52348030063556,4.6193914261436,0.11657228908679
2020-03-18,60,1,0,27.5,0.5,0,6.5,0.1,0,NA,2772.31960789369,2772.81960789369,134.052511986444,0,4691.63793677938,1375.48567008258,4692.13793677938,1375.98567008258,9.77115956604338,2.86691657592713,226.724420744541,66.5222991812427,NA,NA,NA,NA,4.84884610044258,0.246373034212988,0.0538546054003716,0.0911322310149559,0.026724841777628,5.08088931954891,4.84884610044258,0.246373034212988
2020-03-19,60,1,0,32.1428571428571,0.571428571428571,0,4.64285714285715,0.0714285714285714,0,NA,2863.65101041618,2864.22243898761,91.4028310939193,0,4846.15707594215,1420.77203739235,4846.72850451358,1421.34346596377,10.2360730998003,3.00332498347505,154.5905677342,45.3577958811932,NA,NA,NA,NA,5.07955507208137,0.167480684068006,0.0556298609514455,0.0941347393643069,0.0276057956601158,3.29698029165418,5.07955507208137,0.167480684068006
2020-03-20,81,1,0,42,0.714285714285714,0,9.85714285714285,0.142857142857143,0,8.34340991535671,3049.09122633094,3049.80551204523,185.583073057622,0,5159.89281842775,1512.72303605252,5160.60710414203,1513.4373217668,10.7033664419755,3.14043164102653,313.878599628452,92.0938558030305,NA,NA,NA,NA,5.31144500128107,0.344237373655392,0.0592343158319772,0.100230991741667,0.029394472518124,6.48064559482237,5.31144500128107,0.344237373655392
2020-03-21,152,1,0,61.8571428571429,0.857142857142857,0,19.8571428571429,0.142857142857143,0,10.8255451713396,3407.09370723194,3407.95085008908,358.145338043851,0,5765.48493116416,1690.30643688631,5766.34207402131,1691.16357974345,11.1728807454845,3.27818994189826,605.734969879274,177.726257976647,NA,NA,NA,NA,5.54443706166898,0.651299347471438,0.0661903312184184,0.111995773585818,0.032846329777561,11.7459699123144,5.54443706166898,0.651299347471438
2020-03-22,195,3,0,87,1.28571428571429,0,25.1428571428571,0.428571428571429,0,11.8279569892473,3841.77933632818,3843.0650506139,435.11420052482,0,6500.96957471279,1905.799198049,6502.25528899851,1907.08491233472,11.6444525610873,3.41655192910703,735.913214977201,215.921332591264,NA,NA,NA,NA,5.77845014309593,0.73803221869076,0.0746412609170736,0.126288919699142,0.0370400242144877,12.7708316211333,5.77845014309593,0.73803221869076
2020-03-23,298,5,0,125.571428571429,1.85714285714286,0,38.5714285714286,0.571428571428571,0,17.9880079946702,4445.00375465668,4484.48968539261,641.424634778711,37.6287878787879,7521.39380022205,2204.98172357829,7587.10350718175,2225.38585891663,12.1179119904068,3.55546775345427,1084.84821818325,318.300946581917,NA,NA,NA,NA,6.01339993508911,1.00412298767644,0.0870992190553332,0.147359195076319,0.0432221688545263,16.6960301106663,6.01339993508911,1.00412298767644
2020-03-24,298,5,0,163.428571428571,2.42857142857143,0,37.8571428571428,0.571428571428571,0,13.4791454730417,5027.64658258977,5090.28121462441,605.791529231798,22.5772727272727,8507.09240590081,2493.90045237001,8611.68507989349,2526.0042117685,12.5930910398532,3.6948881246173,1024.58157271173,300.61835285187,NA,NA,NA,NA,6.24920307240833,0.851801176250563,0.0988650994136479,0.167258952039159,0.0490608764007576,13.6285943200196,6.24920307240833,0.851801176250563
2020-03-25,424,7,0,215.428571428571,3.28571428571429,0,52,0.857142857142857,0,17.4664107485604,5813.49102070666,5892.03431074995,801.753096125543,15.0515151515151,9836.70766531654,2883.48695119922,9967.69850780738,2923.86665044734,13.069843982426,3.83477028542389,1356.01342791389,397.862438678841,NA,NA,NA,NA,6.48578723939938,1.03444227109514,0.114437009139563,0.193595886425375,0.0567882902497079,15.9468865393588,6.48578723939938,1.03444227109514
2020-03-26,456,9,0,272,4.42857142857143,0,56.5714285714286,1.14285714285714,0,18.6792452830189,6643.04792134647,6733.4851507837,841.450840033751,10.7510822510823,11240.4758573447,3294.60702434164,11390.853146722,3341.42872144154,13.5480285450101,3.97507249209229,1423.15463891457,417.562070994191,NA,NA,NA,NA,6.72308183436594,0.973266044382666,0.130779941375336,0.221236859276354,0.064898316772723,14.4741057831972,6.72308183436594,0.973266044382666
2020-03-27,456,9,0,325.571428571429,5.57142857142857,0,53.5714285714286,1.14285714285714,0,20.2812330989724,7389.99482764707,7503.07707872932,769.591927945617,21.5021645021645,12504.4647272726,3664.76864701713,12692.4720532799,3723.33148267771,14.0275049067529,4.11575372034922,1301.61890655797,381.902761236172,NA,NA,NA,NA,6.96101747252398,0.806564606913638,0.145727206419493,0.246517325555079,0.0723157565690716,11.584922117943,6.96101747252398,0.806564606913638
2020-03-28,539,13,0,380.857142857143,7.28571428571429,0,55.2857142857143,1.71428571428571,0,25.1298701298701,8134.68521521992,8270.98391651862,767.906837789305,21.5021645021645,13765.0321579584,4033.52263096843,13991.2409491672,4104.39803376112,14.508151956274,4.25677843539239,1298.7688958873,381.066551083414,2.41187384044527,NA,0.157175979680443,NA,7.19953405348935,0.74824318186552,0.16064174309388,0.271742437998444,0.0797169552195193,10.3911688126824,7.19953405348935,0.74824318186552
2020-03-29,774,16,0,463.571428571429,9.14285714285714,0,82.7142857142857,1.85714285714286,0,27.2086466165414,9180.28567790587,9382.9480155682,1111.96409904958,64.5064935064935,15534.3900302521,4551.67237722074,15871.9175027796,4656.19976712407,14.9898560865666,4.39811330424742,1880.67655361233,551.80173336295,2.0671834625323,NA,0.170522100020727,NA,7.43857520085259,1.01698278371407,0.182238671939599,0.308269550469876,0.0904342281805529,13.6694176803437,7.43857520085259,1.01698278371407
2020-03-30,925,18,0,553.142857142857,11,0,89.5714285714286,1.85714285714286,0,18.8798554652213,10259.0043177746,10549.5324563028,1166.58444073458,86.008658008658,17359.6406803297,5086.32867326734,17844.9740136631,5235.10633169913,15.4725190648301,4.53972950482394,1973.05651088351,578.906564575057,1.94594594594595,NA,0.170623675262935,NA,7.67809216750966,0.975857473202712,0.204896454848779,0.346590896555199,0.101677940000146,12.7074960591062,7.67809216750966,0.975857473202712
2020-03-31,1083,22,0,665.285714285714,13.4285714285714,0,112.142857142857,2.42857142857143,0,23.1631749778696,11586.8631788041,11965.8285467694,1416.29609046666,86.008658008658,19606.6598363863,5744.33060000804,20240.370459097,5937.92995553973,15.956045491193,4.68159904622987,2395.39644543389,702.823623840599,2.03139427516159,111.904761904762,0.1838568880877,1.08127659574468,7.91803761217097,1.09329729018462,0.232404218738299,0.39311506638545,0.115328409298705,13.8053952079229,7.91803761217097,1.09329729018462
2020-04-01,1293,26,0,789.428571428571,16.1428571428571,0,124.142857142857,2.71428571428571,0,24.1455959988886,12976.7989966062,13487.4916372989,1521.66309052943,129.012987012987,21958.6272324835,6433.13763311717,22813.9752178315,6693.04096287012,16.4403453184652,4.82369550808177,2573.60475873455,755.111007330393,2.0108275328693,124.175824175824,0.192771203861943,1.06300884955752,8.15836684976466,1.07158270987036,0.261958454816074,0.443100456110623,0.129994421186924,13.1326577957097,8.15836684976466,1.07158270987036
2020-04-02,1554,31,0,946.285714285714,19.2857142857143,0,156.857142857143,3.14285714285714,0,25.945179584121,14669.1974146552,15355.050228508,1867.55859120913,172.017316017316,24822.2083895299,7271.9669232768,25972.5966679182,7619.79936151525,16.9253543411594,4.96600005210627,3158.62145008666,926.758398645129,1.99485199485199,101.503759398496,0.201887975217728,1.24103506217935,8.39904801892121,1.20893894545705,0.298230785949812,0.504448230527432,0.147994224606674,14.3915197553537,8.39904801892121,1.20893894545705
2020-04-03,1554,31,0,1103.14285714286,22.4285714285714,0,156.857142857143,3.14285714285714,0,25.945179584121,16309.5019938855,17170.5149808985,1815.46475239053,172.017316017316,27597.6826901251,8084.94513552645,29043.1112615537,8520.7066822504,17.4110187859441,5.10849690088668,3070.5145936355,900.907320735151,1.99485199485199,80.1020408163265,0.18054205150216,1.20443380389149,8.64005443513017,1.06945580862601,0.333491333581522,0.564084764886021,0.165491939972785,12.3760332693921,8.64005443513017,1.06945580862601
2020-04-04,1917,40,0,1300,26.2857142857143,0,196.857142857143,3.85714285714286,0,8.96726752131191,18264.1371914478,19387.0332953439,2216.51831444535,258.025974025974,30904.8000866372,9053.8349972598,32791.9319547691,9620.63306385486,17.89730168759,5.25117520860396,3748.82069321541,1099.92638160446,2.08659363588941,79.6536796536797,0.20632347090262,1.51585943534162,8.88136775474393,1.20718186462598,0.376541274099588,0.636895581202783,0.186855068350172,13.5903494495192,8.88136775474393,1.20718186462598
2020-04-05,2049,44,0,1482.14285714286,30.2857142857143,0,182.142857142857,4,0,8.39533811812735,19977.1382434025,21383.5624858267,1996.52919048282,279.528138528138,33803.2175318164,9902.81618523301,36168.6827332816,10611.3919102599,18.3841767150268,5.3940272495648,3376.75077851252,990.758846405008,2.14738897022938,50.4761904761905,0.205765526811371,1.58683240246644,9.12297491121629,0.997406448215084,0.415318514212028,0.702479934470658,0.206097909308225,10.9314180547094,9.12297491121629,0.997406448215084
2020-04-06,2049,44,0,1642.71428571429,34,0,160.571428571429,3.71428571428572,0,8.09157008134764,21408.5093893469,23098.1760560136,1714.6135701869,279.528138528138,36225.1138432538,10612.185110503,39068.6266637666,11462.2527796759,18.8716433371332,5.5370528679351,2899.94393048498,850.860869416054,2.14738897022938,56.6666666666667,0.190491231399826,1.5361935372433,9.36487564098341,0.803880768208322,0.448620297340532,0.758803589862761,0.222623606199061,8.58287883527641,9.36487564098341,0.803880768208322
2020-04-07,2417,51,0,1833.28571428571,38.1428571428571,0,190.571428571428,4.14285714285715,0,7.41894221678438,23022.4872504172,25081.8335707635,1983.65751474995,365.536796536797,38955.6697130534,11412.242867554,42423.6074419912,12446.6241779729,19.35970802292,5.68025396176121,3354.98077822458,984.371398296968,2.11005378568473,47.0899470899471,0.203334416744746,1.67223778036256,9.607073154231,0.890278530541626,0.487147539575194,0.823965119095587,0.241742388059871,9.26574325504902,9.607073154231,0.890278530541626
2020-04-08,2552,63,0,2013.14285714286,43.4285714285714,0,179.857142857143,5.28571428571428,0,6.87677518024907,24434.7004409421,26907.8736011153,1826.04003035175,408.541125541125,41345.528260777,12111.7450093612,45512.0081142569,13352.7793810046,19.848381629924,5.82363371670928,3088.40067226573,906.155203031693,2.46865203761755,28.5714285714286,0.234132213247013,1.84861820992381,9.84957283890965,0.781317640155769,0.522613483699333,0.88394904269798,0.259342029504932,7.93154975172656,9.84957283890965,0.781317640155769
2020-04-09,2792,67,0,2190,48.5714285714286,0,176.857142857143,5.14285714285714,0,6.07696838798351,25708.8915095965,28660.2551459602,1752.38154484487,473.047619047619,43501.4887574111,12743.042832904,48475.8294167518,14222.3822528825,20.3376907524719,5.96719993571361,2963.82130249491,869.602871877907,2.39971346704871,24.9084249084249,0.23377321541202,1.74340010167919,10.0923878922041,0.723878593045869,0.556648808730882,0.941513345211092,0.276231739670964,7.17169236054406,10.0923878922041,0.723878593045869
2020-04-10,3065,72,0,2405.85714285714,54.4285714285714,0,215.857142857143,5.85714285714286,0,7.13139512931848,27318.4818614449,30748.7502597133,2088.49511375311,473.047619047619,46225.2073757918,13540.4195703411,52008.1231267075,15258.778324369,20.8276689574419,6.11096246749677,3532.29370995571,1036.39607148651,2.34910277324633,18.2646212847555,0.234155858016557,1.60553385225808,10.3355349713622,0.839713982086345,0.597212240954018,1.01011870394641,0.29636096167643,8.12362957373533,10.3355349713622,0.839713982086345
2020-04-11,3207,80,0,2590.14285714286,60.1428571428571,0,184.285714285715,5.71428571428572,0,10.951693692164,28474.1988373835,32490.7399629246,1741.98970321134,580.558441558442,48180.584715575,14112.9977044803,54954.3685983588,16123.2243425039,21.3183600155059,6.25493415463529,2946.24547165134,864.446018134951,2.49454318677892,20.1821668264621,0.246224001334806,1.57162240408564,10.5790357971684,0.67465390726932,0.631045732253231,1.06734164294927,0.313150513749724,6.37659776281289,10.5790357971684,0.67465390726932
2020-04-12,3319,82,0,2771.57142857143,65.5714285714286,0,181.428571428571,5.42857142857142,0,10.2016226202908,29543.0472483139,34167.0775513442,1676.3375884196,602.060606060606,49988.7224792236,14642.6840265532,57789.5759590771,16955.0911157046,21.8098110506931,6.39912882360079,2835.20736071822,831.8667732007,2.47062368183188,15.4649595687332,0.239997113820389,1.39170947885337,10.8229137544793,0.637233218431472,0.663604106799178,1.12240796360173,0.329307301118389,5.88721599505991,10.8229137544793,0.637233218431472
2020-04-13,3319,82,0,2953,71,0,181.428571428572,5.42857142857143,0,10.2016226202908,30617.8991583004,35806.4143098156,1639.33675847133,559.056277056277,51807.2547097373,15175.2055973521,60562.203427686,17768.5965747957,22.3020717809675,6.54356106194084,2772.62746860895,813.505459091037,2.47062368183188,15.5701754385965,0.229009247590372,1.21779432439167,11.0671935153673,0.614176246999338,0.695443839176454,1.17625883721034,0.345107469065007,5.54897653140671,11.0671935153673,0.614176246999338
2020-04-14,3553,97,0,3115.28571428571,77.5714285714286,0,162.285714285714,6.57142857142857,0,11.1459968602825,31422.4104699435,37241.0598205929,1434.6455107773,623.562770562771,53168.9860886668,15573.2133588764,62988.6344403151,18480.5259260085,22.7951992721265,6.68824761310129,2426.43101262909,711.929351212795,2.73008725021109,17.0112781954887,0.260465197465628,1.29280292581544,11.3119033981981,0.530085421751977,0.723307991482783,1.22338577051114,0.358934792765892,4.6856432028857,11.3119033981981,0.530085421751977
2020-04-15,3656,107,0,3273,83.8571428571429,0,157.714285714286,6.28571428571429,0,10.9317754233093,31985.2007440514,38605.7158955665,1364.65607497367,795.580086580087,54120.7318784928,15851.9889836216,65296.6915854525,19157.7236774992,23.2892512367494,6.83320541029753,2308.05714513738,677.197751490698,2.92669584245077,15.5579114762788,0.277161030479137,1.2936792173698,11.5570720422967,0.50196238350095,0.749812786174694,1.26821360800877,0.37208754802654,4.34293885976383,11.5570720422967,0.50196238350095
2020-04-16,3656,107,0,3396.42857142857,89.5714285714286,0,123.428571428572,5.71428571428571,0,11.7295682867228,32251.171908124,39651.4792674313,1045.7633718648,774.077922077922,54570.1897000198,15983.6868115502,67065.4021542323,19676.673922184,23.7842784915813,6.97844936346614,1768.7105687798,518.950244684784,2.92669584245077,11.5725359911406,0.269851218609861,1.14036654388861,11.8027246649952,0.38592702802033,0.770123942938593,1.30256608066077,0.382166768676294,3.26952261526541,11.8027246649952,0.38592702802033
2020-04-17,3931,109,0,3520.14285714286,94.8571428571429,0,123.714285714286,5.28571428571429,0,10.6900382668807,32391.066952746,40678.2487709278,1026.7695034965,881.588744588745,54805.5156665793,16053.3962751543,68801.9881940519,20186.1986382048,24.2803306344869,7.1239940249168,1736.58603981957,509.524716020824,2.77283134062579,10.2548262548263,0.267956471316683,1.03322114464777,12.0488858787679,0.383629722864086,0.79006619460564,1.33629462024987,0.392062923638889,3.18366571739323,12.0488858787679,0.383629722864086
2020-04-18,4246,119,2633,3668.57142857143,100.428571428571,376.142857142857,148.428571428571,5.57142857142857,376.142857142857,11.8878718535468,32732.5792390551,41885.4190658949,1207.17029496709,860.086580086579,55382.1568507194,16222.9405031616,70843.6879862505,20785.2455514967,24.7774536743561,7.26985289393265,2041.69979219868,599.046913291939,2.80263777673104,9.27318295739348,0.284108414464678,0.994498621928924,12.295578515094,0.458278582134778,0.813512249192612,1.37594917849876,0.403697807870018,3.72686178176281,12.295578515094,0.458278582134778
2020-04-19,4377,120,2633,3819.71428571429,105.857142857143,752.285714285714,151.142857142857,5.42857142857143,376.142857142857,11.6841524019879,33115.083640544,43090.4342898946,1205.01522399969,817.082251082251,56028.2703568265,16412.7547174343,72881.7428842991,21383.2230310755,25.2756771457883,7.41603463614148,2038.05489804853,597.977479578796,2.74160383824537,8.18694066953928,0.278484081159845,0.889713248593585,12.5428172302408,0.461789166523075,0.836916447289452,1.41553294442649,0.415311921211307,3.6813940484162,12.5428172302408,0.461789166523075
2020-04-20,4377,120,2633,3970.85714285714,111.285714285714,1128.42857142857,151.142857142857,5.42857142857143,376.142857142857,11.6841524019878,33474.2429064271,44272.1043782886,1181.67008839397,817.082251082251,56634.8999900172,16590.9841275718,74880.3139094311,21969.6157065191,25.7750247355173,7.56254620137255,1998.57102513207,586.392675443625,2.74160383824537,7.16124287552859,0.271051041474435,0.781501839552497,12.7906137785274,0.456454029977622,0.859867228560153,1.45434984171642,0.426701030714061,3.56837416212112,12.7906137785274,0.456454029977622
2020-04-21,4439,124,2633,4097.42857142857,115.142857142857,1504.57142857143,126.571428571429,3.85714285714285,376.142857142857,11.9648885887914,33452.0021905092,45242.8203723273,970.71599403875,989.099567099567,56594.4147415994,16581.3147282655,76522.0960602807,22451.3243952902,26.2755128819305,7.70939241274681,1641.78215084958,481.708688771101,2.7934219418788,7.40945026659312,0.274076635761294,0.722168206008642,13.038976317349,0.378145657313711,0.878720790712542,1.48623706930081,0.436056933737051,2.89988931714531,13.038976317349,0.378145657313711
2020-04-22,4761,140,3317,4255.28571428571,119.857142857143,1978.42857142857,157.857142857143,4.71428571428572,473.857142857143,13.1893053234662,33689.1683707764,46430.7960764041,1187.97570407675,946.09523809524,56993.500337579,16699.7978381296,78531.3318394105,23040.8461732532,26.7771520507046,7.85657634095639,2009.2357791298,589.521777962906,2.94055870615417,6.25232878754006,0.301524013867054,0.722132148159169,13.2879100401993,0.471927967281269,0.901794041704474,1.52526110091589,0.447506817687934,3.55128430672469,13.2879100401993,0.471927967281269
2020-04-23,4917,150,3317,4435.42857142857,126,2452.28571428571,180.142857142857,6.14285714285714,473.857142857143,12.9599177800616,34153.6427541051,47761.4998969622,1330.70382055813,860.086580086578,57778.5036417781,16930.0729886107,80781.9651802397,23701.1954375903,27.2799360689364,8.00409617483458,2250.63334082914,660.349264337114,3.05064063453325,6.1493411420205,0.314060488727534,0.701473386856947,13.5374118838331,0.53476045990695,0.927639404654487,1.56897363458603,0.460332336144332,3.94994559056092,13.5374118838331,0.53476045990695
2020-04-24,4917,150,3317,4576.28571428571,131.857142857143,2926.14285714286,140.857142857143,5.85714285714286,473.857142857143,12.0552634796431,34373.8365835934,48783.1309558878,1021.6310589256,795.580086580088,58150.5161924711,17039.05424449,82509.8605148154,24208.1702487864,27.7838542954044,8.15194879218344,1727.89533457578,506.974811196167,3.05064063453325,6.43519486857701,0.307483339139584,0.649401925226679,13.7874765676443,0.412451565373146,0.94748185577773,1.60253338046773,0.470178966025039,2.99127992372881,13.7874765676443,0.412451565373146
2020-04-25,5253,166,3701,4720.14285714286,138.571428571429,3078.71428571429,143.857142857142,6.71428571428572,152.571428571428,9.89097338178951,34553.300314192,49807.8933877851,1024.76243189727,838.584415584415,58453.9933653113,17127.5357090835,84243.0519733699,24716.6989743896,28.2888921734983,8.30012992200656,1733.19145855447,508.528725603159,3.16009899105273,5.7331993616644,0.333280507785358,0.661833591757409,14.0380968680518,0.41853669849265,0.96738512544657,1.63619598939405,0.480055776537395,2.98122797379677,14.0380968680518,0.41853669849265
2020-04-26,5490,174,3701,4879.14285714286,146.285714285714,3231.28571428571,159,7.71428571428569,152.571428571428,10.8257951561133,34841.2277295294,50920.617339919,1112.72395213391,817.082251082251,58941.7279601947,17269.2655328062,86125.0136744804,25268.8777777042,28.7950205704328,8.44863101657077,1881.96170111046,552.178803314571,3.16939890710383,5.73219883564711,0.341708347403702,0.646650874682227,14.2892583281847,0.460189516571569,0.988996812406341,1.6727480624187,0.490780373073823,3.22031164032363,14.2892583281847,0.460189516571569
2020-04-27,5490,174,3701,5038.14285714286,154,3383.85714285714,159,7.71428571428572,152.571428571428,10.8257951561132,35109.8954012839,52014.0815484701,1093.46420855108,817.082251082251,59396.8883485764,17401.4378897886,87974.4011690892,25811.4991142784,29.3022019745537,8.59744106973267,1849.38749460883,542.621336574215,3.16939890710383,5.51575931232092,0.334524795632228,0.607112529577485,14.5409423332372,0.456385274020926,1.01023443035426,1.7086674685968,0.501319341378806,3.13842042834881,14.5409423332372,0.456385274020926
2020-04-28,5613,177,3701,5205.85714285714,161.571428571429,3536.42857142857,167.714285714286,7.57142857142858,152.571428571429,10.8023555391976,35655.4970815525,53147.8130988685,1133.73155039847,580.558441558442,60321.6551464345,17670.3164894493,89891.8932416726,26374.1027407919,29.8103812009918,8.74654388992201,1917.49207258345,562.603626513526,3.1533939070016,5.27149848520158,0.333033458348953,0.57563315095737,14.7931214982365,0.477713261117472,1.0322541337287,1.74590962406676,0.512246412226274,3.22909407003535,14.7931214982365,0.477713261117472
2020-04-29,5881,203,3701,5365.85714285714,170.571428571429,3591.28571428571,160,9,54.8571428571427,10.0846389339096,36000.3477535315,54211.235199419,1063.42210055041,709.571428571431,60907.1551853366,17839.2864254904,91690.4702036517,26901.8159636214,30.3194979921295,8.89592179719393,1798.57696197902,527.71322282953,3.4517939125999,5.31872243752506,0.3744611227788,0.624793403387071,15.0457659209064,0.448764853426947,1.05290826407175,1.78084217153355,0.522495830291242,2.98249130594957,15.0457659209064,0.448764853426947
2020-04-30,6095,244,3701,5534.14285714286,184,3646.14285714286,168.285714285714,13.4285714285714,54.8571428571431,9.7767449580878,36162.3158953839,55311.2249862929,1099.98978687399,924.593073593071,61185.2021696883,17915.9913465815,93550.8944773806,27447.6755571078,30.8294873432363,9.04555571877224,1860.42427372893,545.859593486344,4.00328137817884,5.54383850557397,0.44114011226558,0.714137753319205,15.2988433432601,0.467481773133977,1.07427262392693,1.81697593762987,0.533097693076519,3.05549767020261,15.2988433432601,0.467481773133977
2020-05-01,6258,256,3701,5725.71428571429,199.142857142857,3701,191.571428571428,15.1428571428571,54.8571428571427,8.99034593724858,36497.3716484993,56543.01234114,1231.78735484707,881.588744588749,61757.4198375633,18077.5818492016,95634.2293613729,28058.9384550018,31.3402677033802,9.19542172712639,2083.33488399227,611.26289789403,4.09076382230745,6.00008608444884,0.45275267340813,0.714955699794333,15.5523132964142,0.529782347525367,1.0981967990675,1.85743914619015,0.544969840138757,3.4062734212338,15.5523132964142,0.529782347525367
2020-05-02,6489,267,3701,5902.28571428571,213.571428571429,3701,176.571428571429,14.4285714285714,0,9.80796698936687,36589.4485547343,57660.1195504053,1117.10720926525,1010.60173160173,61917.4689801474,18119.388004605,97523.604511283,28613.2924084718,31.8517487728163,9.34549332777195,1889.37514991011,554.35395346997,4.11465557096625,6.01101684693016,0.463058353124978,0.716950595085802,15.806130969969,0.483816222037888,1.11989361907469,1.8941352056316,0.555736683149846,3.06078810283638,15.806130969969,0.483816222037888
2020-05-03,6626,275,3701,6064.57142857143,228,3701,162.285714285714,14.4285714285714,0,8.46056453414756,36424.3841423391,58670.6005925556,1010.48104215029,1161.11688311688,61641.7699105671,18034.0939567784,99232.6417054389,29114.7341286366,32.363823702658,9.49573917060742,1709.03719415593,501.441720164807,4.15031693329309,6.2363238512035,0.468718569816198,0.712329751231426,16.0602433411686,0.443552323630794,1.13951951094109,1.92732868256887,0.565475847534677,2.7616733295084,16.0602433411686,0.443552323630794
2020-05-04,6626,275,3701,6226.85714285714,242.428571428571,3701,162.285714285715,14.4285714285714,0,8.46056453414768,36243.56589104,59665.3277958019,994.727203246337,1161.11688311688,61339.4262078719,17940.9822144581,100915.03426648,29608.3581543077,32.8763807768628,9.64612647747867,1682.3925610411,493.624025671113,4.15031693329309,6.63097843075961,0.460904197059233,0.693542851567401,16.314594971977,0.445561417207939,1.15883942661802,1.96000465876489,0.575063174111199,2.73093760311539,16.314594971977,0.445561417207939
2020-05-05,6757,283,3701,6390.28571428571,257.571428571429,3701,163.428571428572,15.1428571428571,0,7.32113144758733,36075.1521568274,60651.6716373469,986.343841545007,1139.61471861472,61058.6765312995,17853.594303388,102583.247959871,30097.8220155255,33.3893029450527,9.7966209051057,1668.21369339092,489.463861217824,4.18824922302797,6.55231311552858,0.466598846099635,0.69570349892313,16.5691277772442,0.450936753396415,1.17799651791393,1.99240524837602,0.584569700618941,2.72143156252969,16.5691277772442,0.450936753396415
2020-05-06,6936,305,3816,6541,272.142857142857,3717.42857142857,150.714285714285,14.5714285714286,16.4285714285716,4.53470879002793,35601.7854633263,61547.5127360535,895.841098706638,1354.63636363636,60260.5582494078,17615.8838711673,104098.393414243,30542.3747411995,33.9024545369266,9.94718264701186,1515.14545437206,444.55272567397,4.39734717416378,6.4093937150932,0.495552113223474,0.728177028669973,16.8237744318583,0.417795596889916,1.19539583546597,2.02183289680186,0.593203948426724,2.48326353500104,16.8237744318583,0.417795596889916
2020-05-07,6936,305,3816,6661.14285714286,280.857142857143,3733.85714285714,120.142857142857,8.71428571428567,16.4285714285711,4.01049117787313,34275.3435873297,62250.9886089747,703.475872921161,2021.20346320346,58011.8452205377,16960.0244224987,105288.189542882,30891.4680315213,34.4156878615782,10.0977683698032,1189.79612863905,349.093290321784,4.39734717416378,6.41665850713143,0.489952058297157,0.707813706281274,17.0784616455952,0.337476117681967,1.20905897295858,2.04494150467247,0.599984151994484,1.9759567217375,17.0784616455952,0.337476117681967
2020-05-08,7142,316,3816,6787.42857142857,289.428571428571,3750.28571428571,126.285714285715,8.57142857142861,16.4285714285716,4.88316853560188,32716.1238589835,62979.5697464293,728.581137454654,2279.22943722944,55367.8896924134,16189.5867055321,106520.44646897,31253.0195734161,34.9288274705973,10.2483265958682,1232.25692608813,361.551541894787,4.42453094371325,6.61248735272039,0.501750013968483,0.713767742549345,17.3331023538302,0.368458958164343,1.22320971307455,2.0688747999786,0.607006323781357,2.12567128786999,17.3331023538302,0.368458958164343
2020-05-09,7531,330,4120,6936.28571428571,298.428571428571,3810.14285714286,148.857142857143,9,59.8571428571431,5.38584793508035,31381.7804974747,63825.9449996392,846.375253209888,2171.71861471862,53105.1679148218,15530.166047082,107951.929819584,31673.0253381668,35.4416904123864,10.3988036461155,1431.48335061359,420.005764750771,4.38188819545877,6.72287838316223,0.517031122691353,0.729397498396992,17.5876057685526,0.455013681822154,1.23964828886668,2.09667753578046,0.615163812520308,2.58702790360504,17.5876057685526,0.455013681822154
2020-05-10,7653,331,4120,7083,306.428571428571,3870,146.714285714285,8,59.8571428571427,5.06685085598695,30024.3648446046,64648.2479614877,822.302961848509,2171.71861471861,50802.7324181509,14859.7997402871,109342.699451118,32081.0854545729,35.9540861298737,10.5491436099621,1390.76963153422,408.060116406024,4.32510126747681,6.43622288234765,0.512001501103608,0.712888918499962,17.8418773276065,0.467531701227795,1.25561932477678,2.12368951647184,0.623089288986975,2.62031965303778,17.8418773276065,0.467531701227795
2020-05-11,7653,331,4120,7229.71428571429,314.428571428571,3929.85714285714,146.714285714285,8,59.8571428571427,5.066850855987,28655.4101536171,65459.0118852189,810.76392373113,2171.71861471861,48480.7808251806,14183.7072942762,110713.952986353,32483.4194317627,36.4657955907718,10.6992822220267,1371.25353523476,402.333977189886,4.32510126747681,6.39472384438827,0.505659939658732,0.693026811792091,18.0958083382777,0.488668602759859,1.27136624573085,2.15032244918542,0.630903550513055,2.70035328949456,18.0958083382777,0.488668602759859
2020-05-12,7927,355,6817,7396.85714285714,324.714285714286,4375,167.142857142858,10.2857142857143,445.142857142857,4.61192794355316,27276.7907436261,66369.907626743,910.895741524117,2279.22943722944,46143.4616150598,13502.0272003816,112254.560516159,32935.4428824439,36.9765897966123,10.8491522927909,1540.607529806,452.023450681143,4.47836508136748,6.60391063075627,0.534880961408717,0.727710569297016,18.3492851622287,0.583306281359892,1.28905795945828,2.18024463033213,0.639682897174788,3.17879149745527,18.3492851622287,0.583306281359892
2020-05-13,7927,355,6817,7538.42857142857,331.857142857143,4803.71428571429,141.571428571428,7.14285714285711,428.714285714285,6.32903308213053,25837.4742572881,67130.9547767686,761.047150025595,2193.22077922078,43701.7934841874,12791.5221341215,113541.727550121,33313.1053779453,37.4862291749308,10.9986835302629,1287.1670339627,377.662495501434,4.47836508136748,6.31747844768975,0.528817147291419,0.71273843532411,18.6021889138754,0.519035673781358,1.30383926504305,2.20524440763502,0.647017981149183,2.79009051020209,18.6021889138754,0.519035673781358
2020-05-14,8189,371,6817,7717.42857142857,341.285714285714,5232.42857142857,179,9.42857142857144,428.714285714286,5.00139703827887,25465.7942824547,68080.3354079959,949.380631227265,1311.63203463203,43072.3443917985,12606.7196117015,115147.424977879,33784.2265934415,37.9944681139996,11.1478038704947,1605.69742775765,471.121215496227,4.53046770057394,6.21649752797294,0.544944436270252,0.728585039579157,18.8543977107066,0.692815265700149,1.322278444831,2.23643078597644,0.65616825081839,3.67443280938914,18.8543977107066,0.692815265700149
2020-05-15,8407,380,6817,7898.14285714286,350.428571428571,5661.14285714286,180.714285714285,9.14285714285717,428.714285714285,3.93664031866559,25112.3832702418,69026.1971230557,945.8617150598,1290.12987012987,42473.7166133285,12431.0548559095,116747.170825783,34253.6015798622,38.5010473379446,11.2964372403964,1599.74584790366,469.374986420655,4.52004282145831,6.38303408795212,0.550515624267348,0.730571392760038,19.1057828895063,0.709656844540231,1.3406492790832,2.26750157079579,0.665284604657827,3.71424391703138,19.1057828895063,0.709656844540231
2020-05-16,8407,380,6817,8023.28571428571,357.571428571429,6046.42857142857,125.142857142858,7.14285714285711,385.285714285715,3.05727148989635,24397.1295276272,69672.7226012202,646.525478164593,1354.63636363637,41261.3567766415,12077.0524616152,117840.646153931,34574.4337720341,39.0057046008045,11.4445066954367,1093.47532814811,320.832192171903,4.52004282145831,6.37041561680792,0.545407134690248,0.714987085720917,19.3562143131812,0.498344751056314,1.3532063074628,2.28873940471214,0.671515911974021,2.57452855512414,19.3562143131812,0.498344751056314
2020-05-17,8816,380,6817,8189.42857142857,364.571428571429,6431.71428571429,166.142857142857,7,385.285714285714,3.22795525826416,24033.4355272315,70520.1498129458,847.427211725575,1204.12121212121,40644.3372644536,11897.0764914941,119273.908693025,34994.9615613115,39.5081755306502,11.5919346673124,1433.26253909415,420.527789277352,4.31034482758621,6.19914008793451,0.538853081010105,0.700961707664748,19.605560789646,0.681010700327459,1.36966531473579,2.31657669649208,0.679683539643326,3.47347097028752,19.605560789646,0.681010700327459
2020-05-18,8942,391,6817,8373.57142857143,373.142857142857,6817,184.142857142858,8.57142857142861,385.285714285715,2.73661415651141,23748.2424868616,71447.6494132685,927.499600322713,1204.12121212122,40161.1735950918,11755.2642630828,120842.598503517,35455.2245208701,40.0081851729804,11.7386404827308,1568.68981049175,460.262959558633,4.37262357414449,6.12211414508379,0.547253832996481,0.706908950392793,19.8536858753136,0.76621157777139,1.3876795140159,2.34704430083933,0.688622916729694,3.85920522794918,19.8536858753136,0.76621157777139
2020-05-19,9056,399,6817,8534.85714285714,379.428571428571,6817,161.285714285714,6.28571428571428,0,2.69303246427975,22996.1994026411,72250.0478874896,802.39847422103,1548.15584415584,38884.9159203909,11384.0849882064,122199.703466178,35853.4072223632,40.5054548278738,11.8845423694704,1357.10496266169,398.18270149314,4.40591872791519,6.06309637949139,0.552248768916164,0.705657487069702,20.1004512679675,0.679160792778582,1.40326395848535,2.37340243536888,0.696356550827318,3.37876992230034,20.1004512679675,0.679160792778582
2020-05-20,9056,399,6817,8696.14285714286,385.714285714286,6817,161.285714285714,6.28571428571428,0,2.69303246427974,22707.5311687411,73042.7735929836,792.725705493998,1075.10822510822,38395.0165391196,11241.267883951,123540.448773552,36246.7899032851,40.9996987940003,12.0295565010546,1340.74530737335,393.382680921837,4.40591872791519,5.9441252229047,0.546255269855097,0.691986078265416,20.3457151910077,0.701369430746956,1.41866053529063,2.39944282734585,0.703996957362267,3.44720312958738,20.3457151910077,0.701369430746956
2020-05-21,9175,407,6817,8837,390.857142857143,6817,140.857142857143,5.14285714285711,0,2.7616726885696,21967.3721536556,73726.9002921837,684.126699200162,1419.14285714286,37138.7905038288,10876.1298979472,124697.519441558,36586.2813480009,41.4906310746742,12.1735989643476,1157.07066800597,339.491444715866,4.43596730245232,5.89884006726747,0.552037313907186,0.693703483327973,20.5893357212669,0.620318303688617,1.43194786683012,2.42191583066291,0.710590670757803,3.01277445846654,20.5893357212669,0.620318303688617
2020-05-22,9638,419,6817,9012.85714285714,396.428571428571,6817,175.857142857143,5.57142857142861,0,3.04650184373994,21429.86411603,74571.1022112681,844.201919084371,1376.13852813854,36225.8471558704,10611.1957267517,126125.32700935,37005.208616118,41.9779652080332,12.3165857097281,1427.80756779246,418.92726811707,4.34737497406101,5.98292441033159,0.561879853690411,0.702250394792068,20.8311707047383,0.800546293363448,1.44834423141911,2.4496471742138,0.718727212583919,3.84298091359957,20.8311707047383,0.800546293363448
2020-05-23,9895,425,6817,9225.42857142857,402.857142857143,6817,212.571428571428,6.42857142857139,0,3.01862295614069,21357.1578523991,75579.932744174,1008.83053290589,1075.10822510822,36101.3052806274,10575.4757548962,127831.572679895,37505.8312865826,42.4614067865051,12.458430356256,1706.24567054457,500.622670464574,4.29509853461344,5.96207107972684,0.562318573950783,0.7007226487362,21.0710740444311,0.991947111863524,1.46793806655747,2.48278643327042,0.728450469118747,4.70759183279779,21.0710740444311,0.991947111863524
2020-05-24,10096,435,6817,9408.28571428571,410.714285714286,6817,182.857142857143,7.85714285714289,0,2.94516923218519,21153.8203460058,76438.0584412439,858.125697069874,1053.60606060606,35756.9333425632,10474.1396346452,129282.92967956,37931.6680986624,42.9406612274949,12.5990464716386,1451.35699966477,425.836812079782,4.30863708399366,5.92148624155545,0.569088238072366,0.706771046728561,21.3088995565012,0.856188912570145,1.48460486329681,2.51097516155606,0.736721210357817,4.01797703140298,21.3088995565012,0.856188912570145
2020-05-25,10178,440,6817,9584.85714285714,417.714285714286,6817,176.571428571429,7,0,3.58666318446942,20676.2565460319,77257.6245113999,819.566070156026,1290.12987012987,34946.8432712165,10237.9447092017,130669.070377444,38338.3700582887,43.4154358965156,12.7383481951695,1386.1406978841,406.701959626305,4.32304971507172,6.02240896358543,0.569523076567123,0.706816084100816,21.5445020238348,0.834701348053865,1.50052274240519,2.53789723759066,0.744620308261221,3.8743170583406,21.5445020238348,0.834701348053865
2020-05-26,10416,446,6817,9779.14285714286,424.428571428571,6817,194.285714285714,6.71428571428572,0,3.61020413580736,20615.5769457566,78149.7544349341,892.12992353423,946.095238095237,34843.5617929111,10207.617130977,132177.939082288,38781.0811481628,43.8854410312952,12.8762505088676,1508.86870484473,442.711089874123,4.28187403993856,5.94271312557507,0.570699170105941,0.708166158955518,21.7777376546277,0.939651580099457,1.51784998030448,2.56720297694314,0.753218787218765,4.314755533953,21.7777376546277,0.939651580099457
2020-05-27,10623,466,6817,10003,434,6817,223.857142857143,9.57142857142856,0,3.85770556376171,20677.0514127294,79166.8955685736,1017.14113363947,946.095238095237,34948.85594371,10236.4680479925,133898.240559095,39285.8278761343,44.3503900969911,13.0126693416986,1720.3014768062,504.746727971469,4.386708086228,5.76284689948214,0.588629876987352,0.730110615679304,22.0084642586572,1.0858544776206,1.53760522663666,2.60061523244629,0.763022142541502,4.93384752857391,22.0084642586572,1.0858544776206
2020-05-28,10788,470,6817,10233.4285714286,443,6817,230.428571428571,9,0,3.66499284269841,20930.2343424971,80203.1564204192,1036.26085184563,774.077922077915,35378.9563390898,10360.1646253853,135650.879416013,39800.0625845689,44.809999723666,13.1475215512306,1752.63885691829,514.234708434669,4.35669262143122,5.78857964197047,0.586011849130094,0.727011194920531,22.2365412162553,1.11440218793728,1.55773182236223,2.63465555507672,0.77300977651058,5.01164712105746,22.2365412162553,1.11440218793728
2020-05-29,11131,483,6817,10446.7142857143,452.142857142857,6817,213.285714285716,9.14285714285717,0,3.90490139666266,21032.0544283448,81152.7037789941,949.547358574899,838.584415584424,35552.7928974179,10408.8927453225,137256.858831484,40271.2665369444,45.2639909343848,13.2807252839644,1605.97941547094,471.203952375516,4.33923277333573,5.90804726437812,0.595174254841059,0.737866316782984,22.4618300877398,1.01901377026887,1.57617424038302,2.66584741027534,0.7821616531224,4.53672588197888,22.4618300877398,1.01901377026887
2020-05-30,11394,487,6817,10660.8571428571,461,6817,214.142857142857,8.85714285714283,0,4.89725244209222,20999.6177255192,82096.7216216231,944.017842628949,967.597402597399,35498.6399647429,10391.5729207195,138853.486118589,40739.7265190009,45.7120918211206,13.4122007604611,1596.62728710528,468.459982056469,4.27417939266281,5.81556704932509,0.593202737430299,0.733766276636746,22.684195941308,1.01815188446663,1.5945092623444,2.69685762539129,0.791260235449103,4.48847185064671,22.684195941308,1.01815188446663
2020-05-31,11861,494,6817,10913,469.428571428571,6817,252.142857142857,8.42857142857144,0,4.86641484463318,20909.4620312609,83197.6135464125,1100.89192478941,1182.61904761905,35345.366590575,10346.5461422584,140715.436187645,41286.033789949,46.1540364830323,13.5418699638257,1861.95006905549,546.307270948128,4.16491020993171,5.92189442952657,0.593767031219493,0.735875128906932,22.9035068261664,1.20067157743632,1.61589114381596,2.73302102598133,0.80187079317183,5.2424379299609,22.9035068261664,1.20067157743632
2020-06-01,12148,500,6817,11194.4285714286,478,6817,281.428571428571,8.57142857142856,0,5.09465190855484,21064.5553481257,84414.8843524547,1217.27080604223,1053.60606060606,35607.7062597423,10422.7181211966,142774.219080255,41890.0929869324,46.589568180405,13.6696575650924,2058.78289261059,604.059196983362,4.11590385248601,5.83709854683111,0.592312604389016,0.734426463976081,23.1196353376446,1.34589832681568,1.63953337381829,2.77300737776958,0.813603027609077,5.8216266120206,23.1196353376446,1.34589832681568
2020-06-02,12415,501,6976,11480,485.857142857143,6839.71428571429,285.571428571429,7.85714285714283,22.7142857142853,4.34159372760248,21270.0200075778,85638.8078863657,1223.92353391096,1010.60173160172,35954.98640208,10524.102302364,144844.253801347,42497.453537595,47.0184354680091,13.7954897887292,2070.03472109226,607.360550662575,4.03544099879178,5.77919760743598,0.585015149515834,0.725811388836688,23.3324566984105,1.35564926877417,1.66330481526777,2.81321226623478,0.825399382012576,5.81034592795173,23.3324566984105,1.35564926877417
2020-06-03,12651,518,6976,11769.7142857143,493.285714285714,6862.42857142857,289.714285714286,7.42857142857144,22.7142857142862,4.29279031370392,21052.5816129447,86869.4430848062,1230.63519844055,1440.64502164502,35584.3030347775,10417.2800270467,146925.640031115,43108.1446887008,47.4403935916993,13.919294822408,2081.38622976711,610.691151105835,4.09453798118726,5.86755934680283,0.59629713464872,0.743476041498811,23.54184945152,1.36202459495003,1.68720661285141,2.85363762739811,0.837260424422503,5.78577358179313,23.54184945152,1.36202459495003
2020-06-04,13005,525,6976,12086.4285714286,501.142857142857,6885.14285714286,316.714285714284,7.85714285714289,22.7142857142853,4.56154067733835,21023.7511279905,88203.1061063455,1333.66302153931,1354.63636363636,35533.391852741,10403.5488948782,149181.278299627,43769.9624287128,47.8552124801834,14.0410051618375,2255.63826851294,661.817740011989,4.03690888119954,5.6844697951776,0.595217133699366,0.744468072448171,23.7476994262564,1.50432946719424,1.71310945036655,2.89744736840359,0.85011446409167,6.3349143875033,23.7476994262564,1.50432946719424
2020-06-05,13453,538,7347,12418.1428571429,509,6960.85714285714,331.714285714286,7.85714285714283,75.7142857142862,5.39473072812604,21024.7897080944,89588.1403574451,1385.03425109958,1376.13852813853,35532.8781910443,10404.7119711489,151523.801267967,44457.2726585818,48.2626725601811,14.1605563829058,2342.52296833991,687.31022986897,3.9991080056493,5.69223887273541,0.600525915431942,0.752998880184417,23.9498976614433,1.57772889882976,1.74001003663138,2.94294461234334,0.863463627200535,6.58795018390215,23.9498976614433,1.57772889882976
2020-06-06,13916,545,7347,12778.4285714286,517.285714285714,7036.57142857143,360.285714285714,8.28571428571433,75.7142857142853,5.83458646616538,21175.3383610295,91080.1089238001,1491.968566355,1333.13419913419,35785.7694468323,10479.7081877504,154047.183366246,45197.6480373745,48.6625736897428,14.2778897627696,2523.38209827882,740.375378792705,3.91635527450417,5.71207723372034,0.598374339292853,0.754324759547141,24.148344838519,1.71352924591196,1.76898753599054,2.99195456120201,0.8778434389126,7.09623538246665,24.148344838519,1.71352924591196
2020-06-07,14286,546,7347,13124.8571428571,524.714285714286,7112.28571428571,346.428571428572,7.42857142857133,75.7142857142862,6.44210078899131,21322.3989902096,92503.2258300364,1423.11690623632,1268.62770562772,36032.529848407,10553.1894022307,156454.115928993,45903.8564269354,49.0547233011469,14.3929488009092,2406.93256274689,706.208389560881,3.82192356152877,5.79410651186269,0.590249685998205,0.747507211380659,24.3429453975616,1.63590194958341,1.79662777598516,3.03870278925948,0.891559648233236,6.72063360675917,24.3429453975616,1.63590194958341
2020-06-08,14800,557,7347,13503.7142857143,532.857142857143,7188,378.857142857143,8.14285714285722,75.7142857142853,6.63447827283419,21568.3636470289,94047.4632141285,1544.23738409203,1290.12987012987,36446.941120445,10675.4629483645,159065.900827405,46670.1697152818,49.4389368706699,14.5056793569621,2611.78489841163,766.31328834642,3.76351351351351,5.80770727909692,0.592254145900581,0.755490869401234,24.5336077704076,1.77668857140351,1.82662045734388,3.08942972609092,0.9064432344714,7.24232477218482,24.5336077704076,1.77668857140351
2020-06-09,15228,568,7928,13905.5714285714,542.428571428571,7324,401.857142857143,9.57142857142856,136,9.63191234377673,22001.7923577525,95673.0824010425,1625.61918691406,1182.61904761904,37180.0016159121,10889.6842849427,161815.327623238,47476.8679584121,49.8150512015238,14.616033548016,2749.42679583334,806.698243130289,3.72997110585763,5.62802003972371,0.593688408218162,0.761689157270056,24.7202509721847,1.86304948666756,1.85819376257921,3.14282998867752,0.922111190452841,7.53705386981453,24.7202509721847,1.86304948666756
2020-06-10,15759,575,7928,14349.5714285714,550.571428571429,7460,444,8.14285714285711,136,10.4975174789746,22658.4689454233,97456.0143999688,1782.93199892627,1118.11255411257,38290.0170316234,11215.1940416601,164830.819229426,48361.6312059996,50.1829163011317,14.7239673653529,3015.49160618751,884.763247587485,3.64870867440828,5.56413773189923,0.590009763420188,0.760783952992236,24.9028005704864,2.01786942371588,1.89282244847876,3.20139784865552,0.939295350372919,8.10357615386751,24.9028005704864,2.01786942371588
2020-06-11,16441,588,7928,14840.4285714286,559.571428571429,7596,490.857142857141,9,136,15.8479774918131,23423.9223186673,99413.0868208318,1957.07242086303,1182.61904761905,39584.239289684,11594.4673589949,168140.836359281,49332.810001315,50.5424073532915,14.8294441871536,3310.01712985546,971.178795315485,3.57642479167934,5.54250622594521,0.591471423736926,0.76925030801506,25.0811946264454,2.16616333260107,1.93083334636245,3.26568607926719,0.958157901202418,8.63726682317751,25.0811946264454,2.16616333260107
2020-06-12,17170,593,8682,15371.4285714286,567.428571428571,7786.71428571429,531,7.85714285714289,190.714285714285,17.5057693213395,24335.9688361632,101515.609528804,2102.52270797206,1182.61904761904,41125.6060023454,12047.0618714365,171696.855086594,50376.1671345944,50.8934077376766,14.9324297963179,3556.01872731347,1043.35713327936,3.45369831100757,5.57504982735873,0.584146618192489,0.767561782737054,25.2553752683207,2.26673174127746,1.97166922708863,3.33475223301575,0.978422323216912,8.97596345893145,25.2553752683207,2.26673174127746
2020-06-13,17955,599,8682,15948.4285714286,575.142857142857,7977.42857142857,577,7.71428571428567,190.714285714286,20.4113604204569,25350.5230211019,103785.003540582,2269.39401177852,1247.12554112556,42839.8852215546,12550.8127129421,175535.105001774,51502.3325840484,51.2358108908194,15.0328929264879,3838.24991517988,1126.16544945401,3.33611807296018,5.52172481895984,0.57715467511236,0.766477136532419,25.4252896149931,2.37077955975453,2.0157461366194,3.40929997280436,1.00029507531489,9.32526675661341,25.4252896149931,2.37077955975453
2020-06-14,18795,600,8682,16592.5714285714,582.857142857143,8168.14285714286,644.142857142857,7.71428571428578,190.714285714285,30.7299120834183,26741.773862095,106302.081221402,2517.07768081999,1118.11255411254,45191.9975072064,13241.0639358624,179792.264906474,52751.4087264102,51.5695429043172,15.1308118924967,4257.15990469942,1249.0761423618,3.19233838786911,5.48674708516561,0.564429212585537,0.757892545477277,25.5909009901123,2.54072799178532,2.06463363902913,3.49198391882854,1.02455503891671,9.92909565899198,25.5909009901123,2.54072799178532
2020-06-15,19378,602,8682,17246.5714285714,589.285714285714,8358.85714285714,654,6.42857142857144,190.714285714286,42.0154185022029,28049.3127599166,108841.672067276,2539.59084587349,1225.62337662339,47401.0363620959,13890.7814125472,184087.501563561,54011.6568153399,51.894544077859,15.2261691779166,4295.23665708728,1260.24808892971,3.10661574981938,5.4624185603051,0.553096978910705,0.750593900375141,25.7521797679601,2.44539926493501,2.113958399462,3.57540740393739,1.04903198770295,9.49671797753559,25.7521797679601,2.44539926493501
2020-06-16,19990,607,9734,17926.8571428571,594.857142857143,8616.85714285714,680.285714285714,5.57142857142856,258,24.1762704980452,29228.7588826834,111467.334640259,2625.66257298327,1440.64502164502,49391.634580573,14478.0855035443,188528.312236251,55314.617189903,52.2107753671181,15.318953326909,4440.81067268961,1302.96037456312,3.03651825912956,5.3441482603283,0.544554152980318,0.747972614261952,25.9091065731563,2.42510594640303,2.16495487300827,3.66165827498382,1.07433850841012,9.36088023067516,25.9091065731563,2.42510594640303
2020-06-17,20556,617,9734,18612.1428571429,600.857142857143,8874.85714285714,685.285714285717,6,258,23.7216892493326,30626.6129765143,114096.812110713,2629.47747045429,1225.62337662336,51753.1281986332,15172.8369443068,192975.57508508,56619.4706714819,52.5182117348953,15.40915699341,4447.26284882938,1304.85348157882,3.00155672309788,5.27345219288347,0.54076883357731,0.751552544136539,26.0616689812262,2.34434829650191,2.21602544073556,3.74803446229641,1.09968179765825,8.99619953419278,26.0616689812262,2.34434829650191
2020-06-18,21548,621,9734,19341.7142857143,605.571428571429,9132.85714285714,729.571428571428,4.71428571428567,258,18.2451502268586,32050.8373838081,116880.387167358,2783.57505664446,1354.63636363637,54157.6113192253,15881.7538897093,197683.464799079,58000.793631922,52.8168610430522,15.4967824841367,4707.88971399871,1381.32296044011,2.88193799888621,5.10556806821877,0.531312408394752,0.746415640460132,26.2098708935447,2.3819318910589,2.27008894196411,3.83947262945813,1.1265103020273,9.08874598304101,26.2098708935447,2.3819318910589
2020-06-19,22631,639,10790,20121.8571428571,612.142857142857,9434,780.142857142855,6.57142857142856,301.142857142857,15.267837172892,33821.9228878406,119840.663147581,2960.27598022298,1182.61904761905,57150.9908598314,16761.2861162002,202690.210640051,59469.802764965,53.1067397468677,15.5818346271664,5006.74584097243,1469.00913304299,2.82356060271309,5.03904228797215,0.533207997366542,0.756975508409162,26.3537204758892,2.43385631112154,2.32758438607351,3.9367152776412,1.15504187579588,9.2361891977228,26.3537204758892,2.43385631112154
2020-06-20,23786,644,10790,20954.8571428571,618.571428571429,9735.14285714286,833,6.42857142857144,301.142857142857,13.3380607086488,35798.5769682169,122984.862682503,3144.19953492173,1161.11688311688,60492.0722758749,17742.8298166662,208008.028319831,61030.0822334224,53.3878716499143,15.6643204066093,5317.81767977966,1560.2794684574,2.70747498528546,4.98245210287095,0.523641679108549,0.751995521533328,26.493229540559,2.46267426623752,2.38865205335745,4.03999966437893,1.18534613174129,9.29633582735211,26.493229540559,2.46267426623752
2020-06-21,24693,653,10790,21797.4285714286,626.142857142857,10036.2857142857,842.571428571431,7.57142857142856,301.142857142857,11.7642365612846,37794.0692943209,126149.043320295,3164.18063779228,1161.11688311689,63865.8050838127,18733.1460944965,213359.640248648,62600.2771363869,53.6603084738475,15.7442549979081,5351.61192881706,1570.19490296459,2.64447414246953,4.9493546529354,0.517641658480136,0.751702758543657,26.6284237539394,2.35343120277712,2.45010780012824,4.14394041402665,1.21584296848469,8.8388447412352,26.6284237539394,2.35343120277712
2020-06-22,25701,659,10790,22700.7142857143,634.285714285714,10337.4285714286,903.285714285714,8.14285714285722,301.142857142857,13.0848664197173,40193.9200001671,129524.634285881,3375.59096558651,967.597402597414,67924.911585251,19923.1858647446,219068.812684152,64275.3824275802,53.9241156382618,15.8216575955625,5709.17243550421,1675.10529119329,2.56410256410256,4.87724501565332,0.50878352495131,0.747139221157871,26.7593355798893,2.38980447627138,2.51566962713177,4.25482582027575,1.24837740895261,8.93153616060535,26.7593355798893,2.38980447627138
2020-06-23,26613,673,12317,23646.8571428571,643.714285714286,10706.4285714286,946.142857142855,9.42857142857133,369,15.9313961320119,42864.9967703027,133043.72404303,3519.08975714858,838.58441558441,72444.3564618802,21246.7395358538,225020.68613221,66021.6976454134,54.1793856848392,15.8965553518548,5951.87344805777,1746.31521783313,2.52883928906925,4.78491255269669,0.505848738706632,0.75121550387676,26.8860109413488,2.35373686899482,2.58401853439577,4.37042504462687,1.28229491180542,8.75527880120663,26.8860109413488,2.35373686899482
2020-06-24,27897,683,12317,24695.5714285714,653.142857142857,11075.4285714286,1048.71428571429,9.42857142857144,369,16.1503938047258,45835.3820372708,136926.628790518,3882.90474748754,903.090909090912,77469.6639123713,22719.0381323513,231587.883692591,67948.5526328884,54.4262174647889,15.9689772703201,6567.19756038117,1926.85498747503,2.44829193103201,4.69346692399294,0.498807285356389,0.749889309609209,27.0084988923013,2.4463399496871,2.65943357487943,4.49797529426943,1.31971891685746,9.05845104408746,27.0084988923013,2.4463399496871
2020-06-25,29022,693,12317,25763.2857142857,663.428571428571,11444.4285714286,1067.71428571429,10.2857142857143,369,14.1459259960254,49051.5300966825,140862.633992786,3936.00520226883,709.57142857142,82912.3081919857,24312.2147203731,238244.890609568,69901.7582219842,54.6647158739984,16.0389541280383,6657.00691697706,1953.20558909583,2.38784370477569,4.64390712185756,0.49196865084568,0.749163062997721,27.1268514863451,2.32925780588991,2.73587994968814,4.62726985048243,1.35765471187532,8.58726387197623,27.1268514863451,2.32925780588991
2020-06-26,30335,694,13456,26863.8571428571,671.285714285714,11825.2857142857,1100.57142857143,7.85714285714289,380.857142857143,16.6138319208122,52094.682147372,144902.742753433,4040.1087606462,989.099567099562,88059.1191508104,25821.7026338194,245077.96896766,71906.6242235079,54.8950118229855,16.1065243349373,6833.07835809205,2004.86600152365,2.28778638536344,4.53571428571429,0.478941934992159,0.737925273348301,27.2411336865943,2.24352086759266,2.81434825770926,4.7599841235629,1.3965938722467,8.23645817507218,27.2411336865943,2.24352086759266
2020-06-27,31939,711,13456,28028.5714285714,680.857142857143,12206.1428571429,1164.71428571429,9.57142857142856,380.857142857143,14.8465810798508,55375.8459547487,149161.075391978,4258.33263854554,967.597402597399,93609.7873389135,27448.3660914005,252280.131661258,74019.7817734628,55.117247918364,16.1717297326491,7202.16269359761,2113.15754995494,2.22611853846395,4.47108709520057,0.476665911754507,0.743155736343509,27.3514162602408,2.23558574379807,2.8970549809521,4.89986687280082,1.43763630633713,8.17421752665472,27.3514162602408,2.23558574379807
2020-06-28,33320,716,13456,29261,689.857142857143,12587,1232.42857142857,9,380.857142857143,15.0993261573467,58715.6804614232,153649.524617267,4488.44922528919,1139.61471861473,99258.3281185087,29105.0079196321,259871.492953673,76247.1325168394,55.3315895618781,16.2346188510335,7591.36129241565,2227.35074337658,2.14885954381753,4.37754389781803,0.465995584290623,0.734690418450182,27.4577812863455,2.22539785102495,2.98423110348074,5.04730876396851,1.48089663781751,8.10542782309277,27.4577812863455,2.22539785102495
2020-06-29,34644,720,13456,30538.5714285714,698.571428571429,12967.8571428571,1277.57142857143,8.71428571428567,380.857142857143,13.6690867405427,62116.8903678888,158285.072186071,4635.54756880333,1225.62337662338,105009.994866997,30792.5385069437,267711.643218646,78547.4794306817,55.5382069062576,16.2952416139177,7840.15026497218,2300.34691384227,2.07828195358504,4.24895948282604,0.454875491451026,0.724250722943174,27.5603132016015,2.17569638007137,3.07426421794006,5.19958271557996,1.52557472469206,7.89490564083463,27.5603132016015,2.17569638007137
2020-06-30,36399,739,15471,31936.5714285714,708,13418.4285714286,1398,9.42857142857144,450.571428571428,13.7210639222668,65742.7135806904,163339.466827444,5054.39464137302,1419.14285714284,111140.963165089,32591.8191990107,276260.19393432,81055.675267754,55.7372745515682,16.3536492500037,8548.55071567395,2508.19583707232,2.0302755570208,4.12347117064648,0.452431989863601,0.7279668648301,27.6590986496504,2.25043030693455,3.17243231664147,5.36561545143738,1.57428972104013,8.13690867562468,27.6590986496504,2.25043030693455
2020-07-01,37919,766,15471,33368.2857142857,719.857142857143,13869,1431.71428571429,11.8571428571429,450.571428571429,13.9847064076804,69470.257093033,168498.010339786,5158.54351234259,1419.14285714287,117445.65097053,34440.354218025,284984.892728772,83615.5540032022,55.9289885840476,16.4098992921649,8724.69879445201,2559.87873544822,2.0200954666526,4.00922942276326,0.45460477453432,0.738064242297276,27.7542349364447,2.17759830172534,3.27262322863119,5.5350693926439,1.62400851947112,7.84656311153199,27.7542349364447,2.17759830172534
2020-07-02,39701,784,15471,34893.8571428571,732.857142857143,14319.5714285714,1525.57142857143,13,450.571428571429,15.6944873094954,73387.7375270509,173976.64661796,5478.63627817374,1548.15584415586,124071.649096942,36382.9997180424,294250.967778261,86334.2757653034,56.1135549006067,16.4640521517845,9266.07504948939,2718.72176210125,1.97476134102416,3.89921331661156,0.450635194573906,0.737520837778436,27.8458242363913,2.19585485914139,3.37903108655792,5.71503811977634,1.67681241889341,7.88630488417061,27.8458242363913,2.19585485914139
2020-07-03,41532,793,16994,36493.4285714286,747,14825,1599.57142857143,14.1428571428571,505.428571428571,15.0576242923037,77917.2326417574,179702.903637428,5726.25701946844,1182.61904761904,131735.589976655,38627.552610625,303935.846386911,89175.8769930096,56.2911999395028,16.5161742671998,9684.87860865024,2841.60122770614,1.90937108735433,3.85488698524099,0.441283910247755,0.728581236339185,27.9339789173472,2.17947108328004,3.49024831516041,5.90314098601925,1.73200292331269,7.80274363596197,27.9339789173472,2.17947108328004
2020-07-04,43386,813,16994,38128.7142857143,761.571428571429,15330.4285714286,1635.28571428571,14.5714285714286,505.428571428571,16.4636338793884,82298.4008150675,185539.288260955,5836.38462352657,1440.64502164502,139147.516103905,40799.1473432451,313806.984968374,92072.1280091957,56.4621541829999,16.5663332632836,9871.13858146302,2896.25101618611,1.8738763656479,3.80976202386908,0.438182127149557,0.729361657945632,28.0188133539699,2.09861253680849,3.60360447795226,6.09486145411018,1.78825485372067,7.4904927005823,28.0188133539699,2.09861253680849
2020-07-05,44847,820,16994,39775.4285714286,776.428571428571,15835.8571428571,1646.71428571429,14.8571428571429,505.428571428572,16.2336107707692,86789.0078990131,191399.388851394,5860.10059043908,1354.63636363637,146745.216298617,43024.6183129367,323718.234613636,94980.1478510677,56.6266523358461,16.6145980038107,9911.24964526139,2908.01984187204,1.82843891453163,3.77713840936258,0.4284235205352,0.718687914964982,28.1004440162845,2.00078335759698,3.71742125997665,6.28736097234447,1.84473536209368,7.12055220077397,28.1004440162845,2.00078335759698
2020-07-06,46380,827,16994,41452,791.714285714286,16341.2857142857,1676.57142857143,15.2857142857142,505.428571428571,16.6345390633858,91411.8099984917,197349.10869979,5949.71984839634,1311.63203463203,154567.03627264,45315.3299885104,333781.058250662,97932.6404074148,56.7849502267923,16.6610435504646,10062.8236370265,2952.49255634706,1.78309616213885,3.67418918560556,0.419054337487808,0.707560968989469,28.1789978569044,1.93166416877542,3.83297865641382,6.48280441000728,1.90207963400987,6.85538410039136,28.1789978569044,1.93166416877542
2020-07-07,47352,846,19181,43016.7142857143,807,16871.2857142857,1564.71428571428,15.2857142857143,530,16.9239326936448,95515.2903085448,202887.017581272,5537.90888148165,1419.14285714286,161509.920137881,47348.6929350674,343147.381676343,100680.775641834,56.9373102937865,16.7057469041068,9366.32342568069,2748.13523441947,1.78661936137861,3.56590517431841,0.416980844849332,0.705937348626126,28.2546051081948,1.71162299290796,3.94053772614428,6.66472019374824,1.95545481147009,6.05819847738823,28.2546051081948,1.71162299290796
2020-07-08,48909,884,19181,44586.7142857143,823.857142857143,17401.2857142857,1570,16.8571428571429,530,17.1804652326164,99256.0906011348,208429.354670399,5542.33708912684,1784.67965367966,167838.439997344,49202.5111253752,352521.194576099,103431.108332679,57.0840031544585,16.7487874655661,9373.8128997563,2750.33269084489,1.80743830378867,3.46362205859389,0.424124519983243,0.718787646478195,28.327400061611,1.64362623843724,4.04818280196567,6.84678144049367,2.00887266864462,5.80256529737106,28.327400061611,1.64362623843724
2020-07-09,50691,905,19181,46156.7142857143,841.142857142857,17931.2857142857,1570,17.2857142857142,530,17.6223462253864,102810.759919197,213958.006672444,5528.65200204495,1956.69696969698,173851.48811804,50964.3233970667,361871.861744414,106174.649927679,57.2253033400845,16.7902457839586,9350.66716831498,2743.54159499974,1.78532678384723,3.40640204569253,0.422980197878501,0.717405361293297,28.3975189507186,1.58168374529905,4.15556208156918,7.02839314330557,2.0621586269441,5.57008841327642,28.3975189507186,1.58168374529905
2020-07-10,52419,929,20956,47712,860.571428571429,18497.2857142857,1555.28571428572,19.4285714285714,566,16.4448740993612,106126.450135067,219421.839745457,5463.83307301282,2128.71428571428,179460.867010585,52607.0407759409,371112.899977618,108886.025738347,57.3614955243899,16.8302053842555,9241.03823320346,2711.37581066802,1.77225815067056,3.34839667161367,0.423385384553196,0.717238079938948,28.4651030421784,1.51268882194941,4.26168242682458,7.2078755972388,2.11481985090543,5.31445646088703,28.4651030421784,1.51268882194941
2020-07-11,54699,951,20956,49328.1428571429,880.285714285714,19063.2857142857,1616.14285714286,19.7142857142858,566,16.7856136029794,109578.170451091,225086.495126416,5664.65538095904,2193.22077922078,185300.151527952,54317.3337791666,380693.591088391,111697.057731906,57.492865995342,16.8687502650564,9580.69111077354,2811.03199355863,1.73860582460374,3.3077282316376,0.422504246407981,0.714802601054989,28.5302944037035,1.5227719789041,4.3717032083432,7.39395489996902,2.16941662970415,5.33764709339626,28.5302944037035,1.5227719789041
2020-07-12,56648,961,20957,51014,900.428571428571,19629.4285714286,1685.85714285714,20.1428571428571,566.142857142859,19.1267281479441,113217.802442531,230982.495083224,5895.99995680802,2236.22510822512,191457.308624598,56120.8042196019,390665.557708847,114622.892296938,57.6197015034713,16.9059645606796,9971.96662045637,2925.83456503256,1.69644118062421,3.22768961332248,0.416048843724607,0.70183572654098,28.5932353325497,1.53842498333312,4.48621723955193,7.58763368306819,2.22624314143179,5.38063369057584,28.5932353325497,1.53842498333312
2020-07-13,58168,972,20957,52698,921.142857142857,20195.5714285714,1684,20.7142857142857,566.142857142855,17.5301885670096,116773.357454282,236859.495982421,5877.00089919721,2300.73160173159,197472.299448632,57882.4802834356,400605.391023723,117539.298758194,57.7422942368223,16.9419340008425,9939.83331487572,2916.40646125576,1.67102186769358,3.17394685804857,0.410369867574209,0.6900339518355,28.6540708242878,1.48733176257312,4.60036226487665,7.78068836264207,2.28288653745758,5.19088056154451,28.6540708242878,1.48733176257312
2020-07-14,60389,993,23849,54560.4285714286,942.142857142857,20862.4285714286,1862.42857142857,21,666.857142857145,18.0592879900263,120937.997872173,243345.868002043,6486.37201962239,2300.7316017316,204517.640331253,59946.2653243223,411575.860111473,120758.099910788,57.8609389998303,16.976745082927,10970.4690877497,3218.80115259456,1.64433920084784,3.10579481504156,0.408061171596167,0.685287235514717,28.7129471728481,1.59484039951217,4.72634269454554,7.99376038582592,2.34540314165418,5.55466774359198,28.7129471728481,1.59484039951217
2020-07-15,62245,998,23849,56465.5714285714,958.428571428571,21529.2857142857,1905.14285714286,16.2857142857143,666.857142857141,18.4855079494892,125006.43073043,249967.841985841,6621.97398379745,2537.25541125542,211395.681550726,61965.4747555945,422775.674224719,124044.19226365,57.9759377573078,17.0104864052127,11199.8141132463,3286.09235286187,1.60334163386617,3.00080957897421,0.399251356523105,0.66907535855274,28.770014225431,1.57524156261269,4.85495682972177,8.21128682278175,2.40922669745591,5.47551150201496,28.770014225431,1.57524156261269
2020-07-16,64083,1070,23849,58378.7142857143,982,22196.1428571429,1913.14285714286,23.5714285714286,666.857142857145,17.5750337930944,129018.095922654,256604.840511399,6636.99852555792,2601.76190476189,218182.386682653,63953.059415968,434000.899503166,127337.740404153,58.0875935473954,17.0432468809001,11225.2252784466,3293.54814050243,1.66970959536851,2.94717887154862,0.416983560351999,0.696390049149395,28.8254223618654,1.53037707333906,4.98386277644085,8.42930680366332,2.4731950619932,5.30932567770877,28.8254223618654,1.53037707333906
2020-07-17,66060,1096,23849,60327.4285714286,1005.85714285714,22609.4285714286,1948.71428571429,23.8571428571429,413.285714285714,17.4571282313795,132817.728364942,263352.624468838,6747.78395743974,2924.29437229437,224608.870971902,65836.3603701432,445413.497345529,130686.26477401,58.1962103443595,17.0751156978542,11412.5978423629,3348.5243698573,1.65909778988798,2.90340937206195,0.416172043931799,0.692421581431006,28.8793224265243,1.51036515624477,5.1149204338955,8.65096599549963,2.53823119276017,5.2301066057315,28.8793224265243,1.51036515624477
2020-07-18,67612,1135,23849,62172.1428571429,1032.14285714286,23022.7142857143,1844.71428571428,26.2857142857142,413.285714285714,17.4729036710283,136200.207373469,269728.687892949,6376.06342411105,2967.29870129873,230331.257490578,67511.5733690039,456197.400347721,133850.326322817,58.3020986557554,17.1061839608466,10783.9030021924,3164.06154880702,1.67869608945158,2.835635201909,0.420793208488991,0.69487186535208,28.9318685058636,1.3888600350893,5.23875841410009,8.86041447141405,2.59968462654591,4.80061171246024,28.9318685058636,1.3888600350893
2020-07-19,69986,1155,23849,64077.5714285714,1059.85714285714,23435.8571428571,1905.42857142857,27.7142857142858,413.142857142855,15.7143193760455,139714.93621808,276302.93621808,6574.24832513032,3031.80519480517,236277.946102912,69251.9103466734,467316.495553462,137112.735266115,58.4055709920443,17.1365433623129,11119.0952057405,3262.40894329778,1.6503300660132,2.7950556260902,0.418019444819936,0.685468034709059,28.9832156802626,1.39894698222659,5.36644560599171,9.07637315946199,2.66304819545453,4.82690037842846,28.9832156802626,1.39894698222659
2020-07-20,71445,1164,23849,65974.2857142857,1087.28571428571,23849,1896.71428571428,27.4285714285713,413.142857142859,16.3479652773502,143102.53668388,282835.779108123,6532.84289004299,3117.81385281385,242008.942264565,70929.5928549439,478365.561312184,140354.597151399,58.5069430108632,17.1662865180891,11049.065758722,3241.86188528445,1.62922527818602,2.73868596328988,0.411546234946119,0.66905531439289,29.0335205918569,1.3575205323167,5.49332860803927,9.29097171278466,2.72601269271121,4.67583714875404,29.0335205918569,1.3575205323167
2020-07-21,73337,1221,27062,67824,1119.85714285714,24308,1849.71428571429,32.5714285714287,459,15.943456632025,146269.282211078,289195.91424571,6360.13513758749,3160.81818181818,247369.718775365,72495.231344273,489122.524636171,143510.754437721,58.6065305975314,17.1955061108146,10756.9633239871,3156.15728632163,1.66491675416229,2.69637181656829,0.422205134946201,0.679454797493707,29.0829399957675,1.29254484194025,5.61685722387591,9.499896957496,2.78731260733692,4.4444600948181,29.0829399957675,1.29254484194025
2020-07-22,75042,1285,27062,69652.1428571429,1160.85714285714,24767,1828.14285714286,41,459,15.3852627529244,150052.492178373,295471.370966252,6275.45672054158,2451.24675324676,253782.926142148,74360.1636803527,499736.270464493,146624.890855433,58.7046491202147,17.2242946713928,10613.7458283221,3114.13641771235,1.71237440366728,2.67564915608063,0.434898310383773,0.6925756868231,29.1316303904825,1.2498164811633,5.73874118792094,9.70604058536739,2.84779637896829,4.29034492114728,29.1316303904825,1.2498164811633
2020-07-23,76606,1334,27062,71441.1428571429,1198.57142857143,25226,1789,37.7142857142858,459,15.9508342886256,152597.885209703,301602.335426154,6130.96445990168,3547.85714285716,258094.191792138,75616.1664520762,510105.635015581,149667.324346813,58.8016140720519,17.2527447673949,10369.3645510884,3042.43349137978,1.74137795995092,2.67257883151923,0.442304267344318,0.696971922431655,29.179748336507,1.19222264013839,5.85781877622555,9.90743776048896,2.90688751301418,4.08587979506103,29.179748336507,1.19222264013839
2020-07-24,78607,1385,29378,73233.5714285714,1239.85714285714,26015.8571428571,1792.42857142858,41.2857142857142,789.857142857141,16.5098622314041,155098.426882401,307735.024284999,6132.68885884498,3590.86147186148,262331.828148616,76848.2569491615,520477.916060704,152710.613554962,58.8977402025814,17.2809487482154,10372.2810451231,3043.28920814864,1.76192959914511,2.67325817778599,0.450062518303841,0.701802004136171,29.2274500253412,1.17458508382456,5.97692985636799,10.1088915807074,2.96599526706983,4.01885573343124,29.2274500253412,1.17458508382456
2020-07-25,80008,1465,29378,75004.4285714286,1287,26805.7142857143,1770.85714285713,47.1428571428571,789.857142857145,16.2045570414523,157143.950660114,313784.089188253,6049.06490325427,3956.39826839825,265801.891237019,77852.821917264,530708.763031891,155712.405161088,58.9933404851658,17.3089984421081,10230.8469711864,3001.79160612618,1.83106689331067,2.71794221996959,0.466881543863456,0.722076758515686,29.2748907670748,1.14174255744146,6.09441676481259,10.3075984222835,3.02429704118519,3.90014587823047,29.2748907670748,1.14174255744146
2020-07-26,81199,1491,29378,76606.2857142857,1335,27595.5714285714,1601.85714285714,48,789.857142857141,15.9214505800332,158387.476222992,319247.03466455,5462.94547629735,4171.41991341993,267914.915448067,78459.690671345,539948.300063452,158423.340510228,59.0887253495472,17.3369849310135,9239.53703156102,2710.93534914005,1.83622951021564,2.72955897687542,0.467036444541035,0.715350293320153,29.3222246095497,1.01934000873967,6.20051987087553,10.4870517193896,3.07694971035928,3.47639565719785,29.3222246095497,1.01934000873967
2020-07-27,82417,1506,29378,78173.7142857143,1383.85714285714,28385.4285714286,1567.42857142858,48.8571428571429,789.857142857145,15.5443791173766,159547.111257972,324583.942426803,5336.90776225331,4128.41558441558,269886.887966384,79024.3538143751,548974.668186164,161071.730828339,59.1841980658938,17.3649971962102,9026.36812271224,2648.39031811067,1.82729291286992,2.72998588084106,0.463978590173054,0.703876439784556,29.3696020477368,0.989602274334444,6.30417503141179,10.662364780529,3.12838760957277,3.36952635998792,29.3696020477368,0.989602274334444
2020-07-28,84109,1565,32859,79712.5714285714,1433,29213.5714285714,1538.85714285714,49.1428571428571,828.142857142855,15.0369222608427,159826.627358595,329815.094891063,5231.15246425953,4902.49350649351,270366.171263208,79154.713039389,557822.171263208,163667.641073761,59.2800596850752,17.3931235678213,8847.5030770445,2595.91024542201,1.86068078326933,2.73374158225071,0.474508300026994,0.713238026723092,29.4171724753005,0.964503786910815,6.40577617811094,10.8342038665035,3.17880622372423,3.27875097393726,29.4171724753005,0.964503786910815
2020-07-29,85846,1615,32859,81256,1480.14285714286,30041.7142857143,1543.42857142857,47.1428571428571,828.142857142859,15.0410691911458,158846.524452981,335053.256054713,5238.16116364987,6171.12121212122,268706.564857143,78665.251661952,566681.528227106,166267.029320384,59.3766080705172,17.4214514407551,8859.35696389759,2599.38824662322,1.88127577289565,2.70597791027781,0.4820129250546,0.717501953679169,29.4650837041664,0.965678970988158,6.50751345005205,11.0062731825288,3.22929238874763,3.27740205134734,29.4650837041664,0.965678970988158
2020-07-30,87572,1667,32859,82822.5714285714,1527.71428571429,30869.8571428571,1566.57142857143,47.5714285714287,828.142857142855,15.0390169644939,158430.368084063,340361.242542937,5307.9864882243,5676.57142857145,268003.8313123,78453.7723467637,575658.981495451,168901.067728074,59.4741300657469,17.4500649766156,8977.45326834463,2634.03840769027,1.90357648563468,2.69685476224101,0.489773743786267,0.721699711226764,29.5134780777391,0.986208307798934,6.61060689218584,11.1806362034374,3.2804515404832,3.34158176044668,29.5134780777391,0.986208307798934
2020-07-31,89016,1712,32859,84309.5714285714,1574.42857142857,31367.1428571429,1487,46.7142857142856,497.285714285717,16.4016828703337,157199.550240543,345391.264526257,5030.02198331995,6214.12554112551,265919.651138047,77840.2558658762,584166.310478707,171397.168862654,59.5729066983624,17.4790466305785,8507.32898325589,2496.10113457983,1.92324975285342,2.70669194648015,0.495669744962485,0.722791371694492,29.5624950533227,0.938576277734589,6.70830161718552,11.3458683173838,3.32893162958078,3.17491024236656,29.5624950533227,0.938576277734589
2020-08-01,90599,1751,32859,85822.5714285714,1615.28571428571,31864.4285714286,1513,40.8571428571429,497.285714285714,14.4332847272382,155172.347577291,350500.633291577,5109.36876531981,7095.71428571429,262479.553793019,76837.442084542,592807.839507305,173932.645092061,59.673207835751,17.5084755833471,8641.52902859845,2535.47622940684,1.93269241382355,2.67480122917371,0.499571137306153,0.719551975291932,29.6122685500719,0.962466245946588,6.80753744122468,11.5137069083135,3.3781764745927,3.2502438826966,29.6122685500719,0.962466245946588
2020-08-02,91788,1777,32859,87335.2857142857,1656.14285714286,32361.7142857143,1512.71428571428,40.8571428571429,497.285714285714,14.2241147708343,153006.442254033,355600.312383903,5099.67909232579,7224.72727272726,258804.145125416,75766.2302055457,601432.980290251,176463.312912313,59.775300164196,17.5384300822698,8625.14078294567,2530.6678202519,1.93598291715693,2.66068416281285,0.499718346164322,0.710891443428414,29.6629309085484,0.974857978991627,6.90658506927949,11.6812272013992,3.42732792911614,3.28646126191115,29.6629309085484,0.974857978991627
2020-08-03,92951,1793,32859,88840.1428571429,1697.14285714286,32859,1504.85714285714,41,497.285714285714,14.4749498447248,150676.06932116,360664.679710771,5064.36732686817,7353.74025974027,254849.947364141,74613.7626491688,609998.397913591,178976.457600834,59.8794470422129,17.5689873983078,8565.41762334062,2513.14468852105,1.9289733300341,2.64835113390893,0.497137674096024,0.698739741786107,29.7146128179403,0.983524710300122,7.00494686072621,11.8475875318301,3.47613904366865,3.30990463686486,29.7146128179403,0.983524710300122
2020-08-04,94190,1847,32859,90280.2857142857,1737.42857142857,32859,1440.14285714286,40.2857142857142,0,14.3753475836696,148077.019368825,365502.660061466,4837.98035069497,7396.74458874459,250440.598860298,73328.4704064417,618180.924867623,181377.259880126,59.9859001119995,17.600221364785,8182.52695403213,2400.80227929226,1.96093003503557,2.63007655378228,0.505331479581953,0.701341026589446,29.7674391533231,0.955788953279497,7.09891169059819,12.0065112349923,3.52276820736452,3.21084852590825,29.7674391533231,0.955788953279497
2020-08-05,95472,1894,32859,91655.4285714286,1777.28571428571,32859,1375.14285714286,39.8571428571429,0,14.2329074994085,145552.689477164,370113.901598376,4611.24153691012,7095.71428571426,246159.013704749,72079.465669656,625979.966085701,183665.545154081,60.0949048090438,17.6322039939395,7799.04121807753,2288.28527395538,1.98382771912184,2.62865425410536,0.51173435848277,0.702187080949912,29.821531709751,0.928670989304977,7.18847272539077,12.1579867533077,3.56721202914128,3.11408316872222,29.821531709751,0.928670989304977
2020-08-06,96797,1943,32859,92973.2857142857,1816.71428571429,32859,1317.85714285714,39.4285714285716,0,14.2462241714801,142763.981203183,374524.842675045,4410.94107666879,7160.22077922081,241429.625311098,70699.6974391736,633440.23703271,185854.433207165,60.2066944904076,17.665003754127,7460.27094700886,2188.88805308373,2.00729361447152,2.59582528750648,0.518790685852003,0.703213663450334,29.8770062884729,0.905421594507817,7.27414345941617,12.302882565097,3.60972532572532,3.03047720554888,29.8770062884729,0.905421594507817
2020-08-07,98219,1962,37798,94288,1852.42857142857,33564.5714285714,1314.71428571429,35.7142857142856,705.571428571428,12.2500865213108,140089.105946688,378916.889496472,4392.04682142689,7031.20779220777,236890.918227851,69377.8570863264,640868.551927485,188033.945163663,60.3214991225376,17.6986881188763,7428.31489477516,2179.51195649759,1.99757684358424,2.59280365515931,0.517791646238632,0.693688756842169,29.9339770081766,0.92090858946366,7.35944722306331,12.4471577160333,3.65205651670811,3.0764390180294,29.9339770081766,0.92090858946366
2020-08-08,99460,2007,37798,95553.8571428571,1889,34270.1428571429,1265.85714285714,36.5714285714287,705.571428571428,13.3839833247742,138123.486539737,383137.460565711,4220.57106923952,6149.61904761905,233557.309620973,68404.5958983444,648006.848082512,190128.363889751,60.4395447333051,17.733323406115,7138.29615502665,2094.4187260888,2.01789664186608,2.575780301894,0.523832881555518,0.69399320707373,29.9925560330687,0.903618728471198,7.44142052880994,12.5858000285608,3.69273499925907,3.01277607613949,29.9925560330687,0.903618728471198
2020-08-09,100435,2031,37798,96789.1428571429,1925.28571428571,34975.7142857143,1235.28571428571,36.2857142857142,705.571428571428,13.5688169849512,136047.959919903,387247.838707782,4110.37814207032,6149.61904761905,230037.616273905,67376.9382201881,654958.773783062,192168.10041138,60.5610431144925,17.7689717568169,6951.92570055067,2039.73652162886,2.02220341514412,2.56561087695652,0.524470325458059,0.687376239991785,30.0528484628309,0.894346611511469,7.52125363164047,12.7208225934294,3.7323514262276,2.97587198603461,30.0528484628309,0.894346611511469
2020-08-10,101159,2049,37798,97961.7142857143,1961.85714285714,35681.2857142857,1172.57142857143,36.5714285714287,705.571428571435,13.6902677007757,133733.91879545,391141.490224021,3893.65151623974,6171.12121212122,226114.598015699,66230.8479951642,661544.147466249,194100.288381845,60.6861985735968,17.8056931160219,6585.37368318636,1932.18797046485,2.02552417481391,2.5609706065545,0.523851355893352,0.679371397142809,30.1149556831383,0.861895015833081,7.59687739936655,12.8487258656482,3.76987901021197,2.86196979251442,30.1149556831383,0.861895015833081
2020-08-11,102130,2098,40837,99096,1997.71428571429,36821,1134.28571428571,35.8571428571429,1139.71428571428,14.2054603356352,131392.98128754,394900.020248579,3758.53002455784,6063.61038961037,222146.197543319,65071.4106926354,667900.98875211,195965.423582002,60.8152006455372,17.8435430944072,6356.8412858611,1865.13520015648,2.05424459022814,2.54139489576537,0.53127371294622,0.681755352636431,30.1789717489132,0.84818211826956,7.66987679347851,12.9721905072239,3.8061042734555,2.8104538163625,30.1789717489132,0.84818211826956
2020-08-12,102974,2144,40837,100167.714285714,2033.42857142857,37960.7142857143,1071.71428571429,35.7142857142856,1139.71428571428,14.5763304641809,128901.607261162,398443.464404019,3543.44415544008,5999.10389610389,217923.624478231,63837.176750437,673894.05304966,197723.824441092,60.9482348790798,17.8825761330892,5993.06429754978,1758.40085909059,2.08207897139084,2.5415315611296,0.538093905795879,0.683272375456144,30.244988736987,0.815673247398935,7.7386987197972,13.0885897536678,3.84025650756854,2.69682910054809,30.244988736987,0.815673247398935
2020-08-13,103909,2186,40837,101183.714285714,2068.14285714286,39100.4285714286,1016,34.714285714286,1139.71428571429,14.2573622276126,126283.982242019,401795.151073188,3351.6866691687,5934.59740259743,213487.191502092,62540.5798021619,679562.795897696,199387.067449853,61.0854814749664,17.9228451040417,5668.74284803635,1663.24300876039,2.1037638703096,2.5470053290593,0.544058332750217,0.684736195685246,30.3130960702841,0.78821717258354,7.80379626977121,13.1986899233031,3.87256055492406,2.60018997465097,30.3130960702841,0.78821717258354
2020-08-14,104841,2204,42730,102129.714285714,2102.71428571429,39805,946,34.5714285714284,704.571428571428,7.89997971917029,123987.414702529,404908.696087811,3113.54501462291,5375.54112554109,209596.796569526,61401.5054699985,684828.767265497,200932.134900718,61.2271004395362,17.9643969540802,5265.97136780119,1545.06745086552,2.10223099741513,2.5513113626003,0.544320243377047,0.679023116030153,30.3833731504466,0.749125446019804,7.86426855497918,13.3009673340857,3.90256935810997,2.46551063669809,30.3833731504466,0.749125446019804
2020-08-15,105882,2260,42730,103047.142857143,2138.85714285714,40509.5714285714,917.428571428565,36.1428571428569,704.571428571428,7.80078955359847,121459.036248803,407921.014603782,3012.31851597072,5504.55411255412,205314.701691667,60147.0373221773,689923.533193499,202426.969653004,61.3732434321201,18.0072761809583,5094.76592800138,1494.83475228623,2.13445155928298,2.5429587117397,0.554028823985733,0.685232433265819,30.4558952369919,0.739958659762262,7.92277478616566,13.399919537063,3.93160252546567,2.42953570989271,30.4558952369919,0.739958659762262
2020-08-16,106497,2269,42730,103913.142857143,2172.85714285714,41214.1428571429,866,34,704.571428571428,7.4273741990027,118799.972730372,410757.5008689,2836.4862651187,5461.5497835498,200810.337098252,58828.6534924081,694720.912189827,203834.549303364,61.5240494403803,18.0515235644862,4797.3789963288,1407.57965035966,2.13057644816286,2.53111052682378,0.55239405128336,0.677205775200549,30.5307313012413,0.71302051465369,7.97786594611587,13.4930957942086,3.9589409958169,2.33534395852466,30.5307313012413,0.71302051465369
2020-08-17,106953,2288,42730,104740.857142857,2207,41918.7142857143,827.71428571429,34.1428571428573,704.571428571428,7.07301292771952,115965.522233641,413461.747341866,2704.2464729661,5504.55411255412,196009.19674006,57423.3074886597,699294.632637496,205176.506199723,61.6796476816793,18.0971770178097,4573.72044766834,1341.9568963591,2.13925743083411,2.52021193988946,0.553376464620847,0.672226950079771,30.6079454660965,0.696753653028131,8.03038870175866,13.581928082187,3.98500491966971,2.27630226742867,30.6079454660965,0.696753653028131
2020-08-18,107672,2343,45205,105532.571428571,2242,42542.7142857143,791.71428571429,35,624,6.7478387921588,113113.395823375,416041.664221644,2579.91687977739,5397.04329004331,191179.355190331,56008.3983570348,703658.073139049,206456.765703974,61.8401412436952,18.1442667874694,4363.44050155312,1280.25950425043,2.17605319860317,2.51864833288398,0.563164750430327,0.678361105401345,30.6875888878488,0.682740959440387,8.08049668755428,13.6666762445739,4.00987053668107,2.22472751390668,30.6875888878488,0.682740959440387
2020-08-19,108411,2360,45205,106309.285714286,2272.85714285714,43166.7142857143,776.714285714275,30.8571428571427,624,6.46961529765931,110231.279706177,418565.946372844,2524.28215120017,5375.54112554109,186296.048076761,54580.6221527969,707927.418040131,207709.41699705,62.005626785927,18.1928212339395,4269.34490108257,1252.65129307678,2.1769008679931,2.50870003295527,0.563829910304694,0.673322606534849,30.769709532866,0.686696544990935,8.12952411753389,13.7495968515659,4.03419993802434,2.23163855423613,30.769709532866,0.686696544990935
2020-08-20,109320,2401,45205,107082.285714286,2303.57142857143,43790.7142857143,773,30.7142857142858,624,6.23588254275579,107480.858598826,421071.265525233,2505.31915238872,5225.02597402607,181636.22175779,53217.7665656901,712164.690622259,208952.658080191,62.1761949860515,18.2428669625921,4237.27258212806,1243.24108314028,2.19630442736919,2.50966512896177,0.570212264901301,0.6751962572541,30.8543523990932,0.701283386833713,8.17818324197523,13.8318945395347,4.05834657120575,2.27278423970644,30.8543523990932,0.701283386833713
2020-08-21,110378,2459,46118,107873.285714286,2340,44274.7142857143,791,36.4285714285716,484,10.7730023153101,104797.339201814,423627.698509173,2556.43298394058,5203.52380952379,177093.617692466,51885.1597328013,716488.412564261,210221.263921845,62.3519121564385,18.2944234298724,4323.72194200126,1268.60584165473,2.22779901792024,2.51745543350798,0.580462516651695,0.681796732070341,30.9415503934206,0.735979292312035,8.22783511589832,13.9158712751235,4.08298584698714,2.3785007091193,30.9415503934206,0.735979292312035
2020-08-22,111295,2493,46118,108646.571428571,2373.28571428571,44758.7142857143,773.285714285725,33.2857142857142,484,10.4635428748165,101815.95737253,426119.650013223,2491.95150404942,5440.04761904757,172043.739306088,50407.1163330922,720703.076302425,211457.871435133,62.5328332536049,18.3475067603508,4214.66373816424,1236.60751328766,2.23999281189631,2.51967906814494,0.585046946303143,0.682074379316626,31.0313307875032,0.737923553749829,8.27623460952041,13.9977298467622,4.10700364081464,2.37787669327227,31.0313307875032,0.737923553749829
2020-08-23,111988,2504,46118,109431,2406.85714285714,45242.7142857143,784.428571428565,33.5714285714284,484,12.3307358918504,99185.2276952332,428640.006916012,2520.35690278985,5117.51515151514,167588.925246808,49101.8573525217,724965.782389666,212708.574860578,62.7189912068676,18.4021266156855,4262.70608724072,1250.70342544458,2.23595385219845,2.52100840336134,0.584173189529328,0.6765484866108,31.123709922205,0.770478834259577,8.32518580204712,14.0805215125498,4.13129521003842,2.47540461026971,31.123709922205,0.770478834259577
2020-08-24,112551,2511,46118,110230.714285714,2438.71428571429,45726.7142857143,799.71428571429,31.8571428571431,484,14.5082285862383,96576.0045582054,431201.658237859,2561.65132184664,5139.01731601736,163169.179978197,47808.2063435992,729298.330161347,213979.770253374,62.910414106777,18.4582912378117,4332.54777168145,1271.1953927961,2.23098861849295,2.51941102070755,0.58232614648594,0.670449517331127,31.2187017371976,0.806329486779981,8.37493902822839,14.1646696662768,4.15598478092537,2.582694400539,31.2187017371976,0.806329486779981
2020-08-25,113488,2529,51431,111061.571428571,2465.28571428571,46616.1428571429,830.857142857145,26.5714285714284,889.428571428572,17.2832902439747,93934.5153020846,433854.77071334,2653.112475481,5268.03030303027,158690.486556207,46501.6380983492,733785.567142288,215296.352384064,63.1071259050002,18.5160076542918,4487.23698094056,1316.58213068981,2.22842943747357,2.50998861145574,0.582913954326661,0.667428681619521,31.3163181182708,0.860366345232952,8.42646864272011,14.2518222442009,4.18155586781599,2.74717564432063,31.3163181182708,0.860366345232952
2020-08-26,114093,2573,51431,111873.285714286,2495.71428571429,47505.5714285714,811.714285714275,30.4285714285716,889.428571428572,20.2899585773462,91843.3338079017,436438.485323053,2583.71460971312,4644.4675324675,155148.690857608,45464.1248327074,738155.430784348,216578.496476102,63.3091312243991,18.5752772215008,4369.86364206031,1282.1440920381,2.25517779355438,2.50926431300451,0.589544709398269,0.671560540230367,31.4165613594763,0.864183581870185,8.47665038926328,14.3366951589144,4.20645808790509,2.75054872152598,31.4165613594763,0.864183581870185
2020-08-27,114598,2628,51431,112627.285714286,2528.14285714286,48395,754,32.4285714285716,889.428571428572,20.9286648955158,89580.1151279762,438830.660582522,2392.17525946849,4622.9653679654,151317.429824735,44340.1602461063,742201.341912647,217765.590965763,63.5164265833039,18.6360989178962,4045.91112829919,1187.09448966105,2.29323373880871,2.5171930673001,0.598864262700215,0.678635162631107,31.5194297330681,0.821019248249239,8.52311199617073,14.4152761624096,4.22951422366367,2.6046258996564,31.5194297330681,0.821019248249239
2020-08-28,115951,2655,51431,113423.428571429,2556.14285714286,49154,796.142857142855,28,759,23.8897462277088,86586.5178253031,441348.115227901,2517.45464537881,5483.05194805196,146242.996524319,42858.8616920408,746459.139381462,219014.854173244,63.7289926074157,18.6984670589429,4257.79746881488,1249.26320748121,2.28976032979448,2.52685658927318,0.601565954038124,0.678782503609981,31.6249136247326,0.888813575854847,8.57200682010888,14.4979724914117,4.25377782050516,2.81028288675708,31.6249136247326,0.888813575854847
2020-08-29,117249,2698,51431,114274,2585.42857142857,49913,850.571428571435,29.2857142857142,759,25.3458771444392,84227.6279031585,444028.515349046,2680.40012114547,5010.00432900432,142245.586852027,41690.2997757886,750992.528243968,220344.977541632,63.9468074004498,18.7623752201403,4533.38886250602,1330.12336838795,2.30108572354562,2.53150746247779,0.607618634104869,0.683210904446569,31.7330021686443,0.982412468738793,8.62406642414098,14.5860214462091,4.27961190972409,3.09563219363256,31.7330021686443,0.982412468738793
2020-08-30,118324,2709,51431,115179.142857143,2614.71428571429,50672,905.142857142855,29.2857142857142,759,20.6109105103936,81987.7900514898,446870.971869672,2842.45652062562,5053.00865800865,138449.290510394,40580.9602618564,755800.004796109,221755.519875175,64.1698469884962,18.8278163673999,4807.47655214067,1410.54233354359,2.28947635306447,2.53919852167954,0.606215254632845,0.679895704664663,31.8436834679756,1.07472633289461,8.67927354033787,14.6793938213719,4.30700792227293,3.37473177315852,31.8436834679756,1.07472633289461
2020-08-31,118992,2720,51431,116099.285714286,2644.57142857143,51431,920.142857142855,29.8571428571427,759,17.214560615779,80042.2712721145,449750.292917136,2879.32104746462,4794.9826839827,135152.618255267,39616.5223713393,760669.830709479,223184.355883692,64.3980730929612,18.8947792695536,4869.82591337047,1428.83600851626,2.28586795750975,2.54508409143715,0.604780039687744,0.676961877895969,31.9569385273341,1.12238923463685,8.73519665138006,14.7739771661327,4.33475924053447,3.51189005784441,31.9569385273341,1.12238923463685
2020-09-01,119846,2757,51431,117007.571428571,2677.14285714286,51431,908.285714285725,32.5714285714289,0,15.041400520464,78842.2521020267,452582.247773022,2831.95485588611,3999.40259740257,133123.146418405,39018.0015801679,765459.545685804,224589.686864808,64.631444584263,18.9632518589367,4789.71497632505,1405.33098111639,2.30045224705038,2.55352663284675,0.609171043178583,0.68089424273617,32.0727469365516,1.13486064371995,8.79019980082449,14.867004570186,4.36205403649937,3.53807408370322,32.0727469365516,1.13486064371995
2020-09-02,120503,2794,51431,117923.285714286,2708.71428571429,51431,915.714285714275,31.5714285714284,0,13.6673773987205,77075.3402016706,455426.868340199,2844.62056717643,4579.96103896108,130130.942385854,38140.6124309042,770270.682312593,226001.303086114,64.8699180339068,19.0332213933693,4811.13662678923,1411.61622130562,2.31861447432844,2.55823868619245,0.613490374466206,0.684936519564663,32.1910871446455,1.16156127737894,8.84544894783821,14.9604480325105,4.38947090644603,3.60798999436916,32.1910871446455,1.16156127737894
2020-09-03,121696,2807,51431,118937.285714286,2734.28571428571,51431,1014,25.5714285714284,0,13.8077267245066,75306.9364981567,458565.027407248,3138.15906704892,4880.99134199135,127130.382586749,37266.5130635321,775578.28368565,227558.585029161,65.1134500420721,19.1046751390848,5307.6013730563,1557.28194304684,2.30656718380226,2.56747674984808,0.612126924696141,0.683371574240807,32.3119376148628,1.3157267541827,8.90639929518803,15.0635339948121,4.41971694347677,4.07154747398819,32.3119376148628,1.3157267541827
2020-09-04,123325,2846,51431,119990.714285714,2761.57142857143,51431,1053.42857142858,27.2857142857142,0,13.2924740874269,74313.0133251171,461812.814190918,3247.78678367037,4214.42424242425,125444.625573975,36773.6478584362,781071.299566649,229170.268696245,65.3619933578019,19.1775992323703,5493.01588099974,1611.68366708455,2.30772349483073,2.58204204517071,0.616267005277042,0.688334535975057,32.4352748993604,1.39899297049572,8.96947886775063,15.1702211380677,4.45101958850783,4.31273257776176,32.4352748993604,1.39899297049572
2020-09-05,124289,2877,51431,120996.428571429,2787.14285714286,51431,1005.71428571428,25.5714285714289,0,12.0746432491766,72968.1991440144,464901.51516133,3088.70097041241,4407.94372294372,123163.134725559,36108.1675666323,786295.251941676,230703.007523668,65.6155026362443,19.2519803687754,5223.95237502654,1532.7388274227,2.31476639123334,2.58854935093883,0.618840745012763,0.691517279977828,32.5610764961814,1.35349605829572,9.02946862384142,15.271682442289,4.48078894115439,4.15633928999681,32.5610764961814,1.35349605829572
2020-09-06,124952,2887,51431,121943.285714286,2812.57142857143,51431,946.857142857145,25.4285714285711,0,11.3586509459829,71431.3603246569,467798.048636345,2896.53347501479,4407.94372294372,120556.771832033,35347.4688184656,791194.18941445,232140.385037585,65.8739359485877,19.3278062461363,4898.93747277418,1437.3775139171,2.3104872270952,2.59435982379226,0.617146653008868,0.68973599620748,32.6893215985473,1.29777705117775,9.08572604025676,15.3668312012369,4.50870615531538,3.9695833376647,32.6893215985473,1.29777705117775
2020-09-07,125607,2907,51431,122888.285714286,2839.28571428571,51431,945,26.7142857142858,0,10.9953126558293,69790.0363707988,470677.391349154,2879.34271280863,4493.95238095237,117774.099589692,34534.5604761645,796064.051970644,233569.231797325,66.1372532469611,19.4050651141686,4869.86255619419,1428.84675973965,2.31436146074661,2.59722440018818,0.617620487711838,0.690381946717235,32.8199903330784,1.32310482902097,9.14164957209031,15.4614152576866,4.53645768239068,4.03092241239977,32.8199903330784,1.32310482902097
2020-09-08,125908,2912,51431,123754.285714286,2861.42857142857,51431,866,22.1428571428573,0,10.1457764983514,67493.3802122406,473305.371554232,2627.98020507814,4902.49350649351,113877.610317653,33400.1199334642,800508.782478826,234873.342275032,66.4054169338504,19.483745941537,4444.73050818115,1304.11047770796,2.31279982209232,2.59239030552155,0.615247612854598,0.687396034359388,32.9530640423619,1.24101795074774,9.19269105944187,15.5477422610544,4.56178654077567,3.7655521357168,32.9530640423619,1.24101795074774
2020-09-09,126213,2942,51431,124570,2882.57142857143,51431,815.71428571429,21.1428571428569,0,9.79635253143941,65185.5073805525,475770.619934665,2465.24838043313,4751.97835497838,109962.301258719,32260.1132221432,804678.2829437,236096.698614195,66.6783879399262,19.5638372650668,4169.50046487479,1223.35633916227,2.33098016844541,2.5900277897223,0.618365211455051,0.690416412364159,33.08852333861,1.20874092884441,9.24057191630114,15.6287236568918,4.58554696598403,3.6525780345878,33.08852333861,1.20874092884441
2020-09-10,126592,2975,51431,125269.428571429,2906.57142857143,51431,699.428571428565,24,0,7.76723672938416,63417.6617360137,477875.661736014,2105.04180134856,3848.88744588738,106967.375426899,31383.6280580433,808238.562240086,237141.305823887,66.956130968591,19.6453287285257,3560.27929638547,1044.60720969178,2.35006951466127,2.59543114313268,0.62254687530905,0.694055606569389,33.2263507062181,1.07312793328232,9.28145672367923,15.6978725608003,4.60583566738969,3.22930952897144,33.2263507062181,1.07312793328232
2020-09-11,129046,3028,51431,126086.714285714,2932.57142857143,51431,817.285714285725,26,0,9.15477181079171,61734.1660703002,480325.079490214,2449.41775419988,4106.91341991344,104115.050105392,30548.8568469159,812381.28820063,238356.806363565,67.2386138555011,19.7282108947031,4142.72596054396,1215.50053967815,2.34645010306402,2.60554897652747,0.630406391274369,0.702223644587586,33.3665301839329,1.28891778344116,9.32903011296051,15.7783339334954,4.62944351470221,3.86235898194414,33.3665301839329,1.28891778344116
2020-09-12,129978,3040,51431,126899.428571429,2955.85714285714,51431,812.714285714275,23.2857142857142,0,9.33464599228806,60287.350957291,482750.437537378,2425.35804716405,3848.88744588749,101662.592788367,29832.0398950252,816483.321726096,239560.367499751,67.5258000012578,19.8124730251168,4102.03352546634,1203.56113618668,2.33885734508917,2.60455479245131,0.629724960065857,0.700695302947034,33.5090436096467,1.31666808421823,9.37613620677664,15.8580049644648,4.65281947103202,3.92871273972042,33.5090436096467,1.31666808421823
2020-09-13,131864,3064,51431,127886.857142857,2981.14285714286,51431,987.42857142858,25.2857142857147,0,9.78510150344017,59368.7509623176,485684.508538075,2934.0710006975,3827.38528138521,100105.014209377,29376.2652466065,821445.746810109,241016.372657992,67.8176561284724,19.8981053559821,4962.42508401303,1456.00515824082,2.32360613965904,2.61290601276402,0.630862205019207,0.702046245470772,33.6538744697683,1.63812022536307,9.43312268923998,15.9543868004731,4.68109847736721,4.86681029122687,33.6538744697683,1.63812022536307
2020-09-14,132680,3077,51431,128897.285714286,3005.42857142857,51431,1010.42857142857,24.2857142857142,0,8.98010487157669,58312.9049255723,488673.85297752,2989.34443944524,4020.90476190479,98313.5355621907,28853.5349899188,826501.656441312,242499.806740724,68.11415371875,19.9850995198317,5055.90963120246,1483.43408273227,2.3191136569189,2.62258378979439,0.629663318643231,0.701181634828219,33.801008612312,1.70222070181444,9.49118271043061,16.0525843238003,4.70991021720617,5.03521531275372,33.801008612312,1.70222070181444
2020-09-15,133470,3098,51431,129977.571428571,3032,51431,1080.28571428572,26.5714285714284,0,10.17464546164,58135.4475299113,491855.802508266,3181.94953074597,3332.83549783553,98013.1159571056,28763.2424906757,831883.321085311,244078.819289816,68.4152709810291,20.0734491230381,5381.66464399931,1579.01254909197,2.32112085112759,2.61489767229261,0.629859398669579,0.701940235634693,33.9504352236686,1.85286665515342,9.55298357042684,16.157108767069,4.74057831314414,5.45668156098081,33.9504352236686,1.85286665515342
2020-09-16,134122,3132,51431,131107.428571429,3059.14285714286,51431,1129.85714285714,27.1428571428573,0,11.1153273182113,58239.1396923007,495168.957874119,3313.15536585252,3182.32034632028,98189.4449861143,28811.67619532,837486.895535565,245722.941501442,68.720995000712,20.163150376381,5603.57445025386,1644.12221162606,2.33518736672582,2.60909931610748,0.632511378226624,0.705360104527965,34.1021478950902,1.94380963656105,9.61733275288002,16.2659432148603,4.77251099015099,5.69902788509174,34.1021478950902,1.94380963656105
2020-09-17,135446,3158,51431,132372.285714286,3085.28571428571,51431,1264.85714285713,26.1428571428569,0,15.8067625950654,58292.9841090634,498861.308784388,3692.35091026925,3612.36363636365,98278.3678302723,28837.3164966567,843731.807390712,247555.235938117,69.0313258360614,20.2542032969552,6244.91185514699,1832.294436675,2.33155648745626,2.60748936334616,0.6330416779957,0.706691684802704,34.2561466554891,2.17219273362853,9.68904679468287,16.3872339265827,4.8080984093915,6.3399818915206,34.2561466554891,2.17219273362853
2020-09-18,136318,3177,51431,133411.142857143,3106.57142857143,51431,1038.85714285716,21.2857142857142,0,10.8654076021994,57377.1465497587,501880.150878763,3018.84209437494,3913.39393939392,96722.2147739575,28385.2155810833,848837.606715349,249053.307954875,69.3462751614402,20.3466113100884,5105.79932463774,1498.07201675745,2.3305799674291,2.61073973760541,0.63301965507846,0.706391980179398,34.4124372981583,1.78242817737988,9.74767972893354,16.4864004237825,4.83719445195198,5.17874001565407,34.4124372981583,1.78242817737988
2020-09-19,137240,3188,51431,134448.571428571,3127.71428571429,51431,1037.42857142855,21.1428571428573,0,10.6180457064317,56852.0115951077,504881.011595108,3000.86071634467,3504.85281385283,95829.0488916194,28125.701779742,853912.993946565,250542.456881783,69.6658710678928,20.4403826578608,5075.38723121502,1489.14892690786,2.32293791897406,2.60977778625426,0.631435908022747,0.704402352431383,34.5710337630145,1.80839561018336,9.80596342300442,16.5849762474001,4.86611718735558,5.23006265873166,34.5710337630145,1.80839561018336
2020-09-20,137708,3199,51431,135283.428571429,3147,51431,834.857142857159,19.2857142857142,0,9.62260422841381,55430.5575229984,507284.726354167,2403.7147590596,3805.88311688317,93416.9604131971,27423.3411123795,857978.421951659,251735.277739662,69.9901529506709,20.5355288990746,4065.42800509417,1192.82085787924,2.3230313416795,2.61155323933844,0.63061232357439,0.70241793411503,34.7319555995811,1.46872895633514,9.85264915383079,16.6639363140322,4.8892845425025,4.22802059525796,34.7319555995811,1.46872895633514
2020-09-21,138124,3212,51431,136061.142857143,3166.28571428571,51431,777.71428571429,19.2857142857142,0,9.78344864767705,53984.6163352958,509513.438846118,2228.71249195107,3655.36796536797,90964.2990197305,26708.3251846474,861747.866785298,252841.255367247,70.3191697839929,20.632064403058,3769.44483363966,1105.97762758474,2.32544670006661,2.60179933135495,0.630405354424828,0.700445914543642,34.8952271108536,1.40329311882371,9.89593593363544,16.7371476991206,4.91076520014992,4.02072898333444,34.8952271108536,1.40329311882371
2020-09-22,140789,3243,68748,137106.714285714,3187,53904.8571428571,1045.57142857142,20.7142857142858,2473.85714285714,8.7119543869255,52946.6593243132,512495.598718253,2982.15987213427,3999.40259740257,89200.72764649,26196.1993639449,866791.625082387,254321.124175975,70.6529810213333,20.7300066138154,5043.75829708902,1479.86880872826,2.3034470022516,2.58422866409893,0.632785922086105,0.702232571368042,35.0608778000602,1.93715138860343,9.95385641382009,16.8351092152795,4.93950769407613,5.52409199986201,35.0608778000602,1.93715138860343
2020-09-23,141686,3262,68748,138187.285714286,3205.57142857143,56378.7142857143,1080.57142857142,18.5714285714284,2473.85714285714,7.40762503550054,51909.9598042154,515562.881882138,3067.28316388483,4085.41125541128,87437.3203293664,25686.0649082143,871979.353296399,255843.234618204,70.9916572800936,20.8293762509143,5187.72821401211,1522.11044222856,2.30227404260124,2.57912721847583,0.632706526135395,0.701653983396466,35.2289427104224,2.0412518230975,10.0134301862977,16.9358669620492,4.96907061876429,5.79315711893522,35.2289427104224,2.0412518230975
2020-09-24,142707,3279,68748,139224.571428571,3222.85714285714,58852.5714285714,1037.28571428571,17.2857142857142,2473.85714285714,6.12055667478686,50888.0080916063,518493.11198771,2930.23010557273,3934.89610389608,85698.8097066957,25183.3928445995,876935.282234168,257297.333768337,71.3352809669301,20.9301974929597,4955.9289377688,1454.09915013384,2.29771489835817,2.57927615632974,0.632409558427793,0.700943496784232,35.3994627354691,1.99862425405327,10.0703420696452,17.0321226277895,4.99731260598933,5.64483216058044,35.3994627354691,1.99862425405327
2020-09-25,143902,3297,68854,140308,3240,61341.5714285714,1083.42857142858,17.1428571428573,2489,6.591171792844,50712.7353203965,521538.804584466,3045.69259675557,3203.8225108225,85396.2889671415,25098.5023824095,882086.494095347,258808.730094547,71.6839489841655,21.032498771672,5151.2118611784,1511.39632620953,2.29114258314686,2.57947407389716,0.632167725779652,0.700479789468844,35.5724859620671,2.12946258988053,10.129496503097,17.1321711420628,5.02666743762708,5.98508904351858,35.5724859620671,2.12946258988053
2020-09-26,145273,3323,69629,141455.571428571,3259.28571428571,63941.2857142857,1147.57142857142,19.2857142857142,2599.71428571429,6.72037613358761,50721.2924550813,524748.967779757,3210.16319529095,3182.3203463204,85406.2833997717,25103.6843332413,887515.876806365,260401.743409503,72.0377800861525,21.1363149302874,5429.38271101844,1593.01331495639,2.2874174829459,2.58862480087502,0.633255176100642,0.702083728542524,35.7480713209478,2.26333132691402,10.1918453380739,17.2376223811687,5.05760746099906,6.33009277651769,35.7480713209478,2.26333132691402
2020-09-27,145887,3326,70028,142624,3277.42857142857,66598,1168.42857142858,18.1428571428573,2656.71428571428,6.81907239271991,51052.6517779831,528001.262167593,3252.29438783671,2902.79220779217,85963.0109511046,25268.6940079787,893016.51644561,262015.663932791,72.3969089288637,21.2416854776727,5500.63963924488,1613.92052328735,2.27984673068882,2.59674405285396,0.629922736613514,0.699076374337016,35.9262856338722,2.30407787692802,10.2550124587925,17.3444575955396,5.08895355097973,6.41208894808218,35.9262856338722,2.30407787692802
2020-09-28,146455,3337,70430,143814.142857143,3295.28571428571,69312.1428571429,1190.14285714287,17.8571428571427,2714.14285714286,6.41784146059625,51428.1392496949,531297.398989955,3296.13682236115,2902.79220779217,86594.1753864723,25455.7457930817,898591.307254604,263651.340852158,72.7614874949322,21.3486550064399,5574.79080899409,1635.67691936731,2.27851558499198,2.60307579806442,0.628085137691987,0.698298797615563,36.1072043207934,2.33166043268711,10.3190311015519,17.4527329980769,5.1207222007701,6.45634792232798,36.1072043207934,2.33166043268711
2020-09-29,147634,3359,73136,144792,3311.85714285714,69939,977.85714285713,16.5714285714284,626.857142857145,5.35058234972249,50988.2495701868,533991.894591832,2694.49560187722,3117.81385281385,85844.1916292954,25239.5416771497,903148.53595164,264988.458970383,73.1316949137885,21.457276074234,4557.22869703558,1337.11811822478,2.27522115501849,2.56641596241429,0.629035765152863,0.699318054257135,36.2909162730078,1.90177077559784,10.371364472601,17.541244977904,5.14669214429822,5.23934103233806,36.2909162730078,1.90177077559784
2020-09-30,147942,3378,73136,145685.714285714,3328.42857142857,70565.8571428571,893.71428571429,16.5714285714289,626.857142857145,5.27870125048522,50626.4379958318,536441.93583133,2450.04123949783,2795.28138528141,85228.0673351641,25061.0036026578,907292.316419413,266204.26890878,73.5077299082042,21.5676069875031,4143.78046777344,1215.80993839743,2.28332724986819,2.56076303022709,0.629704684583445,0.699740432599495,36.4775201048231,1.75312359959548,10.4189499714167,17.6217268315819,5.17030600085342,4.80510953043266,36.4775201048231,1.75312359959548
2020-10-01,148323,3400,74499,146488,3345.71428571429,71387.4285714286,802.28571428571,17.2857142857142,821.57142857142,5.13589640414085,50195.4150517423,538629.960506288,2188.0246749582,2601.76190476189,84496.4620045673,24847.112517621,910992.945521051,267290.055589587,73.8898098924842,21.6797115369026,3700.62910163763,1085.78668080643,2.29229451939349,2.53724616704657,0.631231132557898,0.70004291679677,36.6671237060448,1.58502396601245,10.4614464991897,17.6936016551133,5.19139450335728,4.32190128631674,36.6671237060448,1.58502396601245
2020-10-02,149185,3409,74499,147242.714285714,3361.71428571429,72193.8571428571,754.71428571429,16,806.42857142858,4.73450732625354,49646.6796691793,540677.484863985,2047.52435769665,2580.25974025973,83564.9999062507,24575.3834663384,914455.944961196,268306.120308444,74.2781706428422,21.793658900582,3462.9994401451,1016.06471885694,2.28508228039012,2.53370084844309,0.630505263384064,0.697602292250496,36.8598440784029,1.50384464142892,10.5012141840464,17.7608611579745,5.21112884321102,4.07910633986395,36.8598440784029,1.50384464142892
2020-10-03,150891,3442,74499,148045.285714286,3378.71428571429,72889.5714285714,802.57142857142,17,695.71428571429,5.7940821567434,48892.7326935436,542843.330096141,2165.84523215657,2902.79220779223,82285.3474526791,24202.3958157006,918119.061738393,269380.900649213,74.6730655676932,21.9095234300836,3663.11677719757,1074.78034076939,2.28111683268054,2.53144098727376,0.634068765179522,0.699798595939539,37.0558069734417,1.61688233947427,10.5432799354585,17.8320074049247,5.23200357699443,4.36251778888072,37.0558069734417,1.61688233947427
2020-10-04,151582,3453,74499,148858.857142857,3396.85714285714,73528.2857142857,813.57142857142,18.1428571428569,638.714285714275,4.53611367763718,48327.5976617932,545027.112813308,2183.7827171674,2730.77489177493,81326.7874345602,23921.9528676139,921812.516372289,270464.582298334,75.0747628910769,22.0273838239427,3693.45463389589,1083.68164912064,2.27797495744877,2.53266216046371,0.633546463803678,0.697337735956747,37.2551454948201,1.66432090415711,10.5856940745458,17.9037428836072,5.25305119488738,4.4664771160475,37.2551454948201,1.66432090415711
2020-10-05,152159,3456,74499,149673.714285714,3413.85714285714,74109.5714285714,814.857142857159,17,581.285714285725,4.95233464724176,47798.2158154565,547202.501529742,2175.38871643378,2687.77056277054,80428.1477710016,23659.6838955328,925491.774144628,271544.098503481,75.483548924193,22.1473240875754,3679.25777233869,1079.51620514761,2.27130830249936,2.52045622820692,0.631576060112758,0.692777719807834,37.45800172178,1.68644561261154,10.6279451826173,17.9752026262214,5.27401791017099,4.50133841052396,37.45800172178,1.68644561261154
2020-10-06,152970,3471,74949,150436,3429.85714285714,74368.5714285714,762.28571428571,16,259,5.19460290882186,47311.8471344413,549226.383930978,2023.88240123587,2494.25108225102,79602.6485014894,23418.6158712266,928914.787695629,272548.431123643,75.8997267421839,22.2694331450385,3423.01355100062,1004.33262016217,2.26907236713081,2.51607061639486,0.631979835920666,0.691599377644739,37.6645260525123,1.59511658481907,10.6672536856966,18.0416855101221,5.29352438538329,4.23422164762352,37.6645260525123,1.59511658481907
2020-10-07,153705,3502,75768,151259.285714286,3447.57142857143,74744.5714285714,823.28571428571,17.7142857142858,376,5.67794439299301,46973.5803529478,551400.08251745,2173.69858647196,2494.25108225114,79028.8206330541,23250.1784350828,932591.186933421,273627.108617682,76.3236202512432,22.3938060323438,3676.39923779201,1078.67749403871,2.2783904232133,2.51207478036391,0.635110532448855,0.693628779766518,37.8748792224214,1.7404726245919,10.7094719675136,18.1130897333474,5.31447481094662,4.59440651364801,37.8748792224214,1.7404726245919
2020-10-08,154755,3514,76477,152178.142857143,3463.85714285714,75027.1428571429,918.857142857159,16.2857142857142,282.57142857142,5.63296404956867,46767.9130146518,553812.462798202,2412.38028075162,2601.76190476195,78677.6702937183,23148.6217108155,936671.271026319,274824.229659258,76.7555753299184,22.520544232323,4080.08409289853,1197.12104157597,2.27068592291041,2.51536377179041,0.634510820187236,0.692707628959177,38.0892328704858,1.95650363777811,10.7563260029243,18.1923344552896,5.33772568566166,5.13561083193061,38.0892328704858,1.95650363777811
2020-10-09,155676,3530,77102,153105.428571429,3481.14285714286,75399,927.28571428571,17.2857142857147,371.857142857145,5.66820356980687,46763.0054085189,556233.083330597,2420.6205323952,2408.24242424237,78667.8413938741,23145.538666741,940765.291943325,276025.439848266,77.1959581071638,22.649755169398,4094.0209170056,1201.21018900815,2.26752999820139,2.52030266799605,0.634626041813832,0.692817839701009,38.307768684758,1.98313059448739,10.8033400831858,18.2718498627682,5.36105598112978,5.17581473356926,38.307768684758,1.98313059448739
2020-10-10,156621,3551,77700,153924,3496.71428571429,75856.2857142857,818.57142857142,15.5714285714284,457.28571428571,4.38902208298539,46313.1429955279,558357.549921935,2124.46659133804,2558.75757575763,77903.4282539354,22923.018328608,944358.424590932,277079.686427426,77.6451586139814,22.7815532809943,3593.13264760713,1054.24657916022,2.26725662586754,2.48365588626547,0.635972415971893,0.692883999175997,38.530680214457,1.75080943493913,10.8446021651608,18.3416368551629,5.38153190150835,4.54304973082638,38.530680214457,1.75080943493913
2020-10-11,157406,3552,78115,154756,3510.85714285714,76372.8571428571,832,14.1428571428569,516.571428571435,5.46485005442332,45714.8691894416,560504.193864766,2146.64394283132,2730.77489177481,76886.0550369164,22628.1456128057,947989.066025927,278144.938308831,78.1035935747556,22.9160608365351,3630.64143499546,1065.25188140501,2.25658488240601,2.47791393846756,0.633715151265576,0.688955726803471,38.7581742551419,1.79681614469629,10.8862949828786,18.4121523554411,5.40222157045102,4.63506426898862,38.7581742551419,1.79681614469629
2020-10-12,158055,3559,78431,155598.285714286,3525.57142857143,76934.5714285714,842.28571428571,14.7142857142858,561.71428571429,5.42355419414772,45301.6321396953,562664.428676492,2160.23481172568,2558.75757575757,76182.994206455,22424.2320607298,951642.693840155,279216.934531192,78.5717054516591,23.0534076570647,3653.62781422725,1071.99622236018,2.25174780930689,2.4704964918129,0.632526212536935,0.686412204466153,38.9904703745075,1.84283561179111,10.9282517668779,18.4831143046624,5.42304223018003,4.7254533372363,38.9904703745075,1.84283561179111
2020-10-13,158883,3576,79110,156443,3540.57142857143,77529,844.71428571429,15,594.428571428565,5.45756610826533,45031.7459853184,564817.784946357,2153.35626986553,2408.24242424243,75723.4241680622,22290.8073525427,955284.687904326,280285.517341802,79.0499601272953,23.1937304353213,3641.99406417133,1068.58281060995,2.2507127886558,2.46040460075011,0.633124539507839,0.685663265813781,39.2277997624172,1.86500633338894,10.9700749535973,18.5538502994015,5.44379659351445,4.75337458753205,39.2277997624172,1.86500633338894
2020-10-14,159809,3593,79781,157315,3553.57142857143,78102.2857142857,872,13,573.28571428571,5.26347558399227,44561.7276728363,567027.035032144,2209.25008578622,2666.26839826838,74922.5417734376,22059.9400481745,959021.215766112,281381.836933244,79.5388504233914,23.3371737681432,3736.52786178573,1096.31959144276,2.24830891877178,2.44613343743946,0.633655853780644,0.684708350204516,39.4704069770213,1.93678489276815,11.0129837282114,18.626422360343,5.46508966963876,4.90598362876379,39.4704069770213,1.93678489276815
2020-10-15,161106,3607,80460,158222.285714286,3566.85714285714,78671.2857142857,907.28571428571,13.2857142857142,569,5.47646353766945,44381.48226749,569311.32209433,2284.28706218617,2451.24675324676,74613.156285288,21972.0062380027,962884.654453786,282515.392918991,80.0388975660716,23.4838905863883,3863.43868767458,1133.5559857465,2.23889861333532,2.44494515814099,0.633572504184688,0.683142306363483,39.7185506718852,2.03641088420043,11.0573498954172,18.7014593246738,5.48710596313936,5.12611871549722,39.7185506718852,2.03641088420043
2020-10-16,162253,3615,81106,159161.857142857,3579,79243.2857142857,939.57142857142,12.1428571428573,572,5.78202885300089,44118.1218699847,571661.866458729,2350.54436439951,2601.76190476201,74161.5650686434,21843.9068785532,966860.154812233,283681.828468242,80.5506510132381,23.6340421042868,3975.50035844697,1166.43554925086,2.2280019475757,2.44375405414632,0.632366825933977,0.680409880957906,39.9725035103287,2.11743651971918,11.1030029335234,18.7786727872675,5.50976085422965,5.29622771549772,39.9725035103287,2.11743651971918
2020-10-17,163214,3637,81703,160103.714285714,3591.28571428571,79815.1428571429,941.857142857159,12.2857142857142,571.857142857145,5.74603451281182,44103.1327086637,574002.89894243,2341.03248370055,2343.73593073583,74131.5896050247,21838.1238575754,970819.567627003,284843.543836093,81.0746908340488,23.7877985175941,3959.41281476954,1161.71536785143,2.22836276299827,2.43256005682005,0.633620493328689,0.681096480458757,40.2325533462197,2.13525398659381,11.1484712287851,18.855573792349,5.53232406841967,5.30628318811832,40.2325533462197,2.13525398659381
2020-10-18,163990,3650,82119,161044.285714286,3605.28571428571,80387.1428571429,940.57142857142,14,572,5.6464131040692,44282.8740861334,576325.354605614,2322.45566318405,2128.71428571432,74433.3524790128,21910.192081411,974747.561270221,285996.040631357,81.6116307165767,23.9453398860561,3927.99364321877,1152.49679526425,2.2257454722849,2.43695888543194,0.633322822053827,0.680409147048423,40.4990047164967,2.13305720992632,11.1935787189891,18.9318645640488,5.55470823649085,5.26596529667342,40.4990047164967,2.13305720992632
2020-10-19,164609,3661,82637,161980.571428571,3619.85714285714,80988,936.28571428571,14.5714285714284,600.857142857145,5.8318428943879,44349.9635444565,578621.738436232,2296.38383061753,2214.72294372297,74544.499642371,21943.5565601923,978631.459349331,287135.599524747,82.1621172646116,24.1068559270868,3883.89807910915,1139.55889338913,2.22405822281892,2.44052314398788,0.632710414561009,0.67968740479249,40.7721784922133,2.11471108967031,11.2381798335707,19.0072988973427,5.57684112041855,5.18571542161174,40.7721784922133,2.11471108967031
2020-10-20,165493,3696,83361,162924.857142857,3637,81595.2857142857,944.28571428571,17.1428571428573,607.28571428571,6.09548049169585,44375.2888498986,580921.933871544,2300.19543531211,2257.72727272718,74586.5476252155,21955.0445205727,982521.804035472,288277.049891142,82.726830888639,24.2725462771863,3890.34468614124,1141.45036639547,2.2333270893633,2.43791265877937,0.636230065435484,0.683586815332209,41.052412320678,2.12954635029614,11.2828549783799,19.0828584387377,5.59901074115094,5.18646522224621,41.052412320678,2.12954635029614
2020-10-21,166357,3708,84052,163860.285714286,3653.42857142857,82205.4285714286,935.42857142858,16.4285714285716,610.142857142855,6.12054138936676,44664.9285953478,583184.699158118,2262.76528657472,1956.69696969702,75076.8244031111,21926.9205274444,986348.842718129,289399.925898014,83.3064884906277,24.4426212796741,3827.03868265753,1122.87600687169,2.22894137307117,2.42123690043049,0.635819150494319,0.683070011994674,41.3400619577551,2.10836088665449,11.3268031426511,19.1571884303173,5.62081960462387,5.09915618629239,41.3400619577551,2.10836088665449
2020-10-22,167485,3755,84761,164771.571428571,3674.57142857143,82819.8571428571,911.28571428571,21.1428571428569,614.42857142858,6.20869548290394,44832.8072791735,585373.421997788,2188.72283967002,1999.70129870134,75364.1837686042,21836.7679516416,990050.652633073,290486.059036497,83.9018424167246,24.6173016774032,3701.80991494365,1086.13313848287,2.241991820163,2.42414760893208,0.641470872931806,0.688956551283757,41.6355007481491,2.04061741244533,11.3693132304064,19.2290861879893,5.64191483614154,4.90031644178649,41.6355007481491,2.04061741244533
2020-10-23,168549,3777,85420,165671,3697.71428571429,83436.1428571429,899.42857142858,23.1428571428573,616.28571428571,6.22232764073381,45126.585735393,587518.027293835,2144.60529604624,1827.68398268393,75866.8241053382,21699.8653165968,993677.84608336,291550.299258595,84.5136795953243,24.7968183598644,3627.1934502871,1064.24022209813,2.2408913728352,2.43016468675155,0.64287389059315,0.690238072640592,41.9391191976797,2.00651700910002,11.4109664528625,19.2995347203857,5.6625848563077,4.78356236470271,41.9391191976797,2.00651700910002
2020-10-24,169341,3793,86031,166546.285714286,3720,84054.4285714286,875.28571428571,22.2857142857142,618.28571428571,6.51579764550741,45326.7310273873,589589.644447301,2071.61715346621,1849.18614718621,76210.3887937003,21740.0287160613,997181.593921905,292578.319800916,85.1428233436949,24.9814128932618,3503.74783854524,1028.02054232155,2.23985921897237,2.43184938223181,0.643328802620961,0.690607755012125,42.2513258698035,1.93993756077598,11.4512020758446,19.3675856519105,5.68255140605822,4.59068001646186,42.2513258698035,1.93993756077598
2020-10-25,170678,3802,86524,167501.714285714,3741.71428571429,84683.7142857143,955.42857142858,21.7142857142858,629.285714285725,6.36037698167396,45442.0409417344,591833.880768574,2244.23632127361,2107.21212121216,76408.6313673775,21793.3640333851,1000977.29437104,293692.000982902,85.7901333777834,25.1713375233887,3795.70044913515,1113.68118198542,2.22758644933735,2.43434779982062,0.642409994348854,0.689517488398214,42.572547390479,2.10820447472378,11.4947903645177,19.4413069821132,5.70418168464789,4.95124239142151,42.572547390479,2.10820447472378
2020-10-26,171501,3823,86928,168486.285714286,3764.85714285714,85296.7142857143,984.57142857142,23.1428571428569,613,5.60179465504905,45520.5429759795,594128.746439183,2294.86567060859,2193.22077922069,76545.1266016912,21828.0019923766,1004858.62477019,294830.806503655,86.4565029435659,25.3668543339497,3881.33039914886,1138.80552075314,2.22914152104069,2.43278546273603,0.643463226264096,0.690305880926523,42.9032270246267,2.16698995418125,11.5393619929012,19.5166914450907,5.72629993632691,5.05009375250345,42.9032270246267,2.16698995418125
2020-10-27,172579,3842,87892,169498.571428571,3785.71428571429,85944,1012.28571428571,20.8571428571431,647.28571428571,5.66408747921727,45260.3052371856,596469.625583506,2340.87914432294,2580.25974025973,76104.9613906429,21696.9903540063,1008817.77824046,295992.445778281,87.1428623667429,25.5682362880617,3959.15347027034,1161.63927462645,2.22622682945202,2.43179056869028,0.644123327527618,0.690717635311258,43.2438264376318,2.22413856675784,11.5848273099556,19.5935874130989,5.74886167260953,5.14246753506035,43.2438264376318,2.22413856675784
2020-10-28,173491,3876,88761,170517.714285714,3809.71428571429,86616.7142857143,1019.14285714287,24,672.71428571429,5.93352851154442,45101.3173375176,598807.386601587,2337.7610180811,2472.74891774904,75838.8155002421,21614.2799247404,1012771.65799108,297152.537712066,87.8501804437274,25.7757676363785,3953.87975062488,1160.0919337846,2.23412165472561,2.4324415536322,0.647286604461824,0.694178846608577,43.5948263856091,2.25207547428214,11.6302320657467,19.6703809532067,5.77139335593443,5.16514638120561,43.5948263856091,2.25207547428214
2020-10-29,174591,3889,89472,171532.857142857,3828.85714285714,87289.7142857143,1015.14285714284,19.1428571428569,673,5.71263194282524,44209.268244346,601116.800711879,2309.41411029152,3182.32034632028,74325.5064069042,21172.6164649709,1016677.59431899,298298.562759278,88.5794651357904,25.9897441207572,3905.93632790749,1146.02504721226,2.22749168055627,2.43247216933099,0.646962453119662,0.693839589885086,43.9567270598659,2.25113940216779,11.6750862586634,19.7462433205455,5.7936518276074,5.12050256317109,43.9567270598659,2.25113940216779
2020-10-30,175594,3896,90215,172539.285714286,3845.85714285714,87974.7142857143,1006.42857142858,17,685,5.82910664493342,42979.2254554768,603387.10857236,2270.30786048144,3483.35064935067,72237.3788470654,20565.3138135664,1020517.38983608,299425.181697562,89.3317640267506,26.210473108547,3839.79551708431,1126.61893828405,2.21875462715127,2.43323978542732,0.64568830600609,0.692419815690896,44.3300483140266,2.27684947292926,11.7191809172613,19.8208210795176,5.81553338751312,5.13536629453664,44.3300483140266,2.27684947292926
2020-10-31,176612,3935,90994,173578,3866.14285714286,88683.7142857143,1038.71428571429,20.2857142857147,709,5.9130166062164,41927.5510284773,605710.057521984,2322.94894962374,3354.33766233758,70453.9210765325,20044.4377821231,1024446.21777983,300577.923281586,90.1081647534992,26.4382737189078,3928.82794375275,1152.74158402387,2.22804792426336,2.43332694948035,0.649650761306235,0.696684861007647,44.7153298776763,2.41714703146645,11.7642979882352,19.8971280552742,5.8379223099513,5.4048180836347,44.7153298776763,2.41714703146645
2020-11-01,178023,3936,91466,174627.285714286,3885.28571428571,89389.7142857143,1049.28571428571,19.1428571428569,706,6.07335990342152,40965.9778004496,608035.956155428,2325.89863344422,3268.32900432905,68822.5437123007,19568.561486367,1028380.03455479,301732.128618483,90.9097957480082,26.6734770405199,3933.81677496235,1154.20533689705,2.21095027047067,2.43120582338023,0.647330138975181,0.694146796682609,45.1131317245755,2.50299809732664,11.8094723489288,19.9735319257351,5.86033966187446,5.54742305808527,45.1131317245755,2.50299809732664
2020-11-02,178917,3946,91934,175686.714285714,3902.85714285714,90104.8571428571,1059.42857142858,17.5714285714284,715.142857142855,6.8158005992318,39792.2408560811,610363.141288982,2327.18513355369,3483.35064935067,66830.0418529094,18988.9122185925,1032316.02720089,302886.972368968,91.7378278215858,26.9164265964138,3935.99264610314,1154.84375048534,2.20549193201317,2.42253990717735,0.646500375443171,0.693118131830546,45.524034858832,2.58651691720236,11.8546716964466,20.0499780566739,5.88276941327423,5.68077526402446,45.524034858832,2.58651691720236
2020-11-03,179952,3968,92763,176740,3920.85714285714,90800.7142857143,1053.28571428571,18,695.857142857145,6.69682189342129,38927.2357101797,612655.452160396,2292.31087141449,3139.31601731596,65361.9230882338,18561.1008572535,1036193.03664135,304024.510094633,92.5934754094082,27.1674787091236,3877.00944045268,1137.53772566433,2.2050324530986,2.41650825738639,0.647672355809079,0.694116615575663,45.9486419324883,2.64737830528463,11.8991937046881,20.1252785965845,5.90486304142418,5.76069812128757,45.9486419324883,2.64737830528463
2020-11-04,180870,3985,93533,177794.142857143,3936.42857142857,91482.4285714286,1054.14285714287,15.5714285714289,681.714285714275,6.58210459650155,37571.7684998215,614927.920014973,2272.46785457688,3612.36363636365,63059.9542435886,17892.7089655398,1040036.48537912,305152.200909686,93.4780032852546,27.4270044708302,3843.44873777241,1127.69081505312,2.20323989605794,2.41182041456528,0.648043432456762,0.69424736483773,46.3875805776452,2.70841393013498,11.9433303153947,20.1999273095985,5.92676541966957,5.83773240796192,46.3875805776452,2.70841393013498
2020-11-05,181639,3992,94333,178801,3951.14285714286,92176.8571428571,1006.85714285713,14.7142857142858,694.42857142858,7.08035723255276,36825.2622162765,617077.418060432,2149.49804545927,2881.29004329001,61791.4265153236,17524.4931728462,1043671.95398785,306218.869112696,94.392721186968,27.6953881664391,3635.46860873117,1066.66820300987,2.19776589829277,2.40938036291411,0.646920448417552,0.692664302914761,46.8415007393977,2.68026296764447,11.9850785664232,20.270536564817,5.94748259687168,5.72104569810038,46.8415007393977,2.68026296764447
2020-11-06,182872,4005,95045,179840.714285714,3966.71428571429,92866.8571428571,1039.71428571429,15.5714285714284,690,6.69321390143186,36448.5461127787,619275.030961264,2197.61290083127,2558.75757575757,61150.7264964873,17338.2710033339,1047388.79975656,307309.413860477,95.3389842855971,27.9730274112301,3716.84576870955,1090.54474778095,2.19005643291483,2.40977971174983,0.646723959430962,0.69216203504967,47.3110749086422,2.82384299752245,12.0277613198415,20.3427263537373,5.96866351210179,5.96767753593875,47.3110749086422,2.82384299752245
2020-11-07,184742,4015,95754,181002.142857143,3978.14285714286,93546.8571428571,1161.42857142858,11.4285714285716,680,5.69016923529173,35813.7294720053,621704.950251226,2429.91928996262,3053.30735930754,60067.8664411727,17027.71108063,1051498.54775985,308515.238470533,96.3182009839767,28.2603354390065,4109.74800329353,1205.82461005665,2.17330114429854,2.40381336802333,0.645804733962239,0.691142779416523,47.7970019920486,3.18702425457189,12.0749560036006,20.4225472178073,5.99208343035821,6.66671115617065,47.7970019920486,3.18702425457189
2020-11-08,185688,4036,96422,182097.142857143,3992.42857142857,94254.8571428571,1095,14.2857142857142,708,5.81783681214419,35185.2341384933,623972.03067529,2267.08042406372,2881.29004329001,58998.6355955957,16718.2730096498,1055332.88467984,309640.255823828,97.3318319751387,28.5577408258282,3834.33691999083,1125.01735329477,2.17353840851321,2.39991618713284,0.646823864145331,0.692062052695543,48.3000068448057,3.05801147894867,12.1189879778774,20.4970189581291,6.0139338837587,6.33019922104411,48.3000068448057,3.05801147894867
2020-11-09,186391,4041,96909,183164.857142857,4006,94965.5714285714,1067.71428571426,13.5714285714284,710.71428571429,5.97026847835627,34713.9012973501,626159.035496484,2187.00482119434,2644.7662337661,58196.0453023622,16486.3935546464,1059031.78889211,310725.536411789,98.3814045472007,28.8656916871508,3698.90421226085,1085.28058796114,2.1680231341642,2.39185598710332,0.645363201825535,0.690328574571885,48.8208473692876,3.03508521519515,12.1614646977184,20.5688602802973,6.03501255676251,6.21568926495138,48.8208473692876,3.03508521519515
2020-11-10,187738,4062,97765,184277.142857143,4019.42857142857,95680.1428571429,1112.28571428574,13.4285714285716,714.57142857142,5.83706302618672,34244.6010637268,628412.436561562,2253.40106507798,2709.27272727271,57396.4329920873,16261.1024480922,1062842.98976864,311849.05733531,99,29.1846520379687,3811.20087653841,1123.52092352096,2.16365360236074,2.38472406921938,0.646390771994543,0.691383040399623,49.3603083589256,3.20472602524547,12.2052309870302,20.6428826648488,6.05683394601662,6.49135067181285,49.3603083589256,3.20472602524547
2020-11-11,188995,4076,98621,185437.857142857,4032.42857142857,96407,1160.71428571426,13,726.857142857145,6.02650922334049,34213.0511069297,630737.622535501,2325.1859739389,2343.73593073606,57338.9418744448,16265.3284459873,1066775.6012151,313021.496007749,99,29.5151021532791,3932.61144646024,1172.43867243867,2.15667081139713,2.38124764317476,0.64622750480856,0.691328288817041,49.919202107864,3.3901056200721,12.2503915062189,20.719263125027,6.0796054317204,6.78993447642125,49.919202107864,3.3901056200721
2020-11-12,190490,4084,99368,186702.285714286,4045.57142857143,97126.2857142857,1264.42857142858,13.1428571428569,719.28571428571,5.9941758092916,34489.0847008439,633241.521930281,2503.89939478016,2214.72294372297,57802.4908613035,16437.7631800086,1071010.47254629,314298.69658495,99,29.8575440089238,4234.87133118091,1277.20057720062,2.14394456401911,2.37029460655235,0.644935598592924,0.690058499979147,50.4983776131136,3.69644198276504,12.2990230556656,20.801514175118,6.10441163725446,7.31855041795151,50.4983776131136,3.69644198276504
2020-11-13,192101,4101,100074,188020.714285714,4059.28571428571,97844.7142857143,1318.42857142858,13.7142857142858,718.42857142858,6.89261148494748,34711.7942382052,635821.681684093,2580.15975381131,2343.73593073583,58175.5252884427,16600.5822514967,1075374.32382324,315630.442616696,99,30.2125001003297,4363.85127695603,1331.74603174604,2.13481449862312,2.36691664438441,0.64499216024495,0.690254431312859,51.0987185766749,3.82346787355547,12.3491357586398,20.8862703157185,6.13027724236956,7.4810908326256,51.0987185766749,3.82346787355547
2020-11-14,194014,4110,100742,189345.285714286,4072.85714285714,98557.2857142857,1324.57142857142,13.5714285714284,712.57142857142,7.28862057038636,35539.0353659269,638382.667400559,2560.98571646644,1720.17316017323,59574.4015272118,16992.1046180191,1079705.74584956,316968.393554646,99,30.580521143501,4331.42202631477,1337.95093795093,2.11840382652798,2.35999579488648,0.643814472083896,0.689054366511845,51.7211564303068,3.81665132646157,12.3988760572166,20.9703966048523,6.15626336119362,7.37785462454637,51.7211564303068,3.81665132646157
2020-11-15,195507,4112,101388,190748,4083.71428571429,99266.7142857143,1402.71428571429,10.8571428571431,709.42857142858,7.46765839968976,36056.6017740991,641061.307401805,2678.64000124577,2150.21645021648,60445.2383888795,17338.3024502621,1084236.1578028,318385.27667153,99,30.9621796028994,4530.41195324296,1416.88311688317,2.1032495000179,2.35384791471274,0.641436310774357,0.686698275940924,52.3666593891631,3.94773785313419,12.4509014756268,21.0583877411486,6.18378252650137,7.53717700456756,52.3666593891631,3.94773785313419
